FLL Scheduler GA Summary Report (ID: 2027771091808 | Hash: 2003368691977423882)

Attributes:
--------------------
rank: 0
origin: (C | KPoint(k=3))
mutations: 0
clones: 0
_hash: 2003368691977423882
Length: 318

Fitness:
--------------------------
BreakTime           : 0.6429112727323071
LocationConsistency : 0.47469706399922934
OpponentVariety     : 0.9761300838275399
-----------------------------------
Total               : 2.093738420559076
Percentage          : 69.79%

Per-Objective Statistics (Team Distribution):
-----------------------------------------------------------------
Objective                 | Min      | Max      | Avg      | Range   
-----------------------------------------------------------------
BreakTime                 | 0.504463 | 0.600323 | 0.553823 | 0.095860
LocationConsistency       | 0.266667 | 0.366667 | 0.342453 | 0.100000
OpponentVariety           | 0.752717 | 1.000000 | 0.995334 | 0.247283

Team fitnesses (sorted by total fitness descending):
----------------------------------------------------
Max     : 1.953983
Min     : 1.615299
Range   : 0.338683
Average : 1.891610

Team |BreakTime |LocationConsistency |OpponentVariety |Sum
------------------------------------------------------------
65867|0.587316  |0.366667            |1.000000        |1.9540
70462|0.600323  |0.350000            |1.000000        |1.9503
73685|0.598864  |0.350000            |1.000000        |1.9489
65302|0.597907  |0.350000            |1.000000        |1.9479
67231|0.580002  |0.366667            |1.000000        |1.9467
68279|0.578194  |0.366667            |1.000000        |1.9449
73598|0.591319  |0.350000            |1.000000        |1.9413
53313|0.590713  |0.350000            |1.000000        |1.9407
71211|0.590186  |0.350000            |1.000000        |1.9402
66737|0.589884  |0.350000            |1.000000        |1.9399
74585|0.588323  |0.350000            |1.000000        |1.9383
13864|0.570889  |0.366667            |1.000000        |1.9376
13867|0.568727  |0.366667            |1.000000        |1.9354
26789|0.577928  |0.350000            |1.000000        |1.9279
71263|0.577162  |0.350000            |1.000000        |1.9272
66339|0.575169  |0.350000            |1.000000        |1.9252
74586|0.573105  |0.350000            |1.000000        |1.9231
65253|0.552618  |0.366667            |1.000000        |1.9193
59320|0.564398  |0.350000            |1.000000        |1.9144
60950|0.564183  |0.350000            |1.000000        |1.9142
64425|0.562898  |0.350000            |1.000000        |1.9129
61147|0.545579  |0.366667            |1.000000        |1.9122
72160|0.562144  |0.350000            |1.000000        |1.9121
49129|0.556399  |0.350000            |1.000000        |1.9064
31855|0.537738  |0.366667            |1.000000        |1.9044
63372|0.553171  |0.350000            |1.000000        |1.9032
67555|0.534364  |0.366667            |1.000000        |1.9010
55396|0.532598  |0.366667            |1.000000        |1.8993
74057|0.546256  |0.350000            |1.000000        |1.8963
57674|0.545906  |0.350000            |1.000000        |1.8959
54584|0.538352  |0.350000            |1.000000        |1.8884
40146|0.536761  |0.350000            |1.000000        |1.8868
4893 |0.534628  |0.350000            |1.000000        |1.8846
31854|0.533399  |0.350000            |1.000000        |1.8834
64424|0.530725  |0.350000            |1.000000        |1.8807
56419|0.529841  |0.350000            |1.000000        |1.8798
59828|0.513048  |0.366667            |1.000000        |1.8797
54665|0.526915  |0.350000            |1.000000        |1.8769
58408|0.524808  |0.350000            |1.000000        |1.8748
61798|0.523336  |0.350000            |1.000000        |1.8733
55394|0.521665  |0.350000            |1.000000        |1.8717
51930|0.520670  |0.350000            |1.000000        |1.8707
58575|0.514615  |0.350000            |1.000000        |1.8646
59826|0.508869  |0.350000            |1.000000        |1.8589
58709|0.504463  |0.350000            |1.000000        |1.8545
74584|0.578227  |0.266667            |1.000000        |1.8449
53457|0.568109  |0.266667            |1.000000        |1.8348
3703 |0.566739  |0.266667            |1.000000        |1.8334
18686|0.560575  |0.266667            |1.000000        |1.8272
67239|0.560481  |0.266667            |1.000000        |1.8271
31853|0.534536  |0.266667            |1.000000        |1.8012
63371|0.515011  |0.266667            |1.000000        |1.7817
61859|0.512582  |0.350000            |0.752717        |1.6153

Team Events (sorted, for dev use, diff check with others to ensure truly different schedules created):
------------------------------------------------------------
0, 96, 134, 194, 248, 317
1, 92, 139, 203, 241, 297
2, 106, 162, 184, 228, 250
3, 81, 153, 191, 222, 289
4, 98, 135, 176, 199, 291
5, 82, 157, 177, 225, 269
6, 101, 146, 190, 215, 266
7, 112, 138, 204, 244, 306
8, 115, 131, 181, 235, 292
9, 121, 149, 169, 258, 281
10, 119, 156, 180, 212, 282
11, 111, 154, 200, 231, 288
12, 116, 151, 168, 208, 303
13, 105, 159, 173, 238, 265
14, 124, 161, 216, 240, 321
15, 133, 145, 205, 264, 320
16, 125, 158, 195, 237, 259
17, 102, 142, 196, 270, 312
18, 65, 150, 174, 220, 268
19, 66, 143, 178, 242, 307
20, 61, 152, 221, 278, 325
21, 70, 160, 206, 290, 314
22, 58, 137, 189, 226, 293
23, 69, 155, 185, 275, 323
24, 128, 163, 201, 243, 315
25, 76, 140, 170, 236, 296
26, 141, 164, 175, 260, 324
27, 64, 88, 167, 233, 280
28, 60, 103, 192, 239, 295
29, 56, 110, 186, 210, 286
30, 72, 94, 182, 217, 309
31, 75, 100, 172, 230, 302
32, 68, 107, 171, 211, 271
33, 62, 109, 166, 249, 305
34, 57, 89, 193, 253, 322
36, 71, 130, 179, 202, 274
37, 73, 129, 209, 284, 318
38, 63, 97, 207, 263, 301
39, 55, 120, 183, 214, 255
40, 84, 108, 187, 232, 276
41, 67, 95, 224, 267, 310
42, 86, 118, 218, 254, 308
43, 80, 136, 197, 256, 300
44, 85, 132, 188, 219, 299
45, 79, 165, 223, 247, 304
46, 74, 148, 252, 272, 316
47, 83, 114, 251, 283, 311
48, 78, 104, 198, 245, 277
49, 117, 147, 213, 229, 294
50, 59, 93, 257, 285, 313
51, 54, 99, 227, 261, 279
52, 77, 113, 234, 273, 298
53, 87, 144, 246, 262, 319
