FLL Scheduler GA Summary Report (ID: 2027771087440 | Hash: 2076506896999325728)

Attributes:
--------------------
rank: 0
origin: (C | RoundTypeCrossover)
mutations: 0
clones: 0
_hash: 2076506896999325728
Length: 318

Fitness:
--------------------------
BreakTime           : 0.6429112727323071
LocationConsistency : 0.47469706399922934
OpponentVariety     : 0.9761300838275399
-----------------------------------
Total               : 2.093738420559076
Percentage          : 69.79%

Per-Objective Statistics (Team Distribution):
-----------------------------------------------------------------
Objective                 | Min      | Max      | Avg      | Range   
-----------------------------------------------------------------
BreakTime                 | 0.504463 | 0.600323 | 0.553823 | 0.095860
LocationConsistency       | 0.266667 | 0.366667 | 0.342453 | 0.100000
OpponentVariety           | 0.752717 | 1.000000 | 0.995334 | 0.247283

Team fitnesses (sorted by total fitness descending):
----------------------------------------------------
Max     : 1.953983
Min     : 1.615299
Range   : 0.338683
Average : 1.891610

Team |BreakTime |LocationConsistency |OpponentVariety |Sum
------------------------------------------------------------
67239|0.587316  |0.366667            |1.000000        |1.9540
66737|0.600323  |0.350000            |1.000000        |1.9503
74584|0.598864  |0.350000            |1.000000        |1.9489
68279|0.597907  |0.350000            |1.000000        |1.9479
70462|0.580002  |0.366667            |1.000000        |1.9467
67231|0.578194  |0.366667            |1.000000        |1.9449
73685|0.591319  |0.350000            |1.000000        |1.9413
53457|0.590713  |0.350000            |1.000000        |1.9407
71263|0.590186  |0.350000            |1.000000        |1.9402
65302|0.589884  |0.350000            |1.000000        |1.9399
74057|0.588323  |0.350000            |1.000000        |1.9383
13867|0.570889  |0.366667            |1.000000        |1.9376
31854|0.568727  |0.366667            |1.000000        |1.9354
26789|0.577928  |0.350000            |1.000000        |1.9279
74586|0.577162  |0.350000            |1.000000        |1.9272
67555|0.575169  |0.350000            |1.000000        |1.9252
74585|0.573105  |0.350000            |1.000000        |1.9231
61147|0.552618  |0.366667            |1.000000        |1.9193
57674|0.564398  |0.350000            |1.000000        |1.9144
59320|0.564183  |0.350000            |1.000000        |1.9142
61859|0.562898  |0.350000            |1.000000        |1.9129
61798|0.545579  |0.366667            |1.000000        |1.9122
71211|0.562144  |0.350000            |1.000000        |1.9121
51930|0.556399  |0.350000            |1.000000        |1.9064
31855|0.537738  |0.366667            |1.000000        |1.9044
63371|0.553171  |0.350000            |1.000000        |1.9032
66339|0.534364  |0.366667            |1.000000        |1.9010
54665|0.532598  |0.366667            |1.000000        |1.8993
72160|0.546256  |0.350000            |1.000000        |1.8963
59826|0.545906  |0.350000            |1.000000        |1.8959
40146|0.538352  |0.350000            |1.000000        |1.8884
49129|0.536761  |0.350000            |1.000000        |1.8868
31853|0.534628  |0.350000            |1.000000        |1.8846
4893 |0.533399  |0.350000            |1.000000        |1.8834
64424|0.530725  |0.350000            |1.000000        |1.8807
56419|0.529841  |0.350000            |1.000000        |1.8798
59828|0.513048  |0.366667            |1.000000        |1.8797
55396|0.526915  |0.350000            |1.000000        |1.8769
58709|0.524808  |0.350000            |1.000000        |1.8748
64425|0.523336  |0.350000            |1.000000        |1.8733
55394|0.521665  |0.350000            |1.000000        |1.8717
54584|0.520670  |0.350000            |1.000000        |1.8707
58575|0.514615  |0.350000            |1.000000        |1.8646
60950|0.508869  |0.350000            |1.000000        |1.8589
58408|0.504463  |0.350000            |1.000000        |1.8545
73598|0.578227  |0.266667            |1.000000        |1.8449
53313|0.568109  |0.266667            |1.000000        |1.8348
18686|0.566739  |0.266667            |1.000000        |1.8334
3703 |0.560575  |0.266667            |1.000000        |1.8272
65867|0.560481  |0.266667            |1.000000        |1.8271
13864|0.534536  |0.266667            |1.000000        |1.8012
63372|0.515011  |0.266667            |1.000000        |1.7817
65253|0.512582  |0.350000            |0.752717        |1.6153

Team Events (sorted, for dev use, diff check with others to ensure truly different schedules created):
------------------------------------------------------------
0, 98, 135, 176, 199, 291
1, 112, 138, 204, 244, 306
2, 101, 146, 190, 215, 266
3, 106, 162, 185, 228, 250
4, 96, 134, 194, 248, 317
5, 82, 157, 177, 225, 269
6, 92, 139, 203, 241, 297
7, 81, 153, 191, 222, 289
8, 115, 131, 181, 235, 292
9, 124, 160, 216, 240, 321
10, 121, 149, 169, 258, 281
11, 119, 156, 180, 212, 282
12, 105, 159, 173, 238, 265
13, 116, 151, 168, 208, 303
14, 111, 154, 200, 231, 288
15, 102, 142, 196, 270, 312
16, 125, 158, 195, 237, 259
17, 133, 145, 205, 264, 320
18, 65, 150, 174, 220, 268
19, 69, 155, 184, 275, 323
20, 58, 137, 189, 226, 293
21, 70, 161, 206, 290, 314
22, 61, 152, 221, 278, 325
23, 141, 164, 175, 260, 324
24, 66, 143, 178, 242, 307
25, 76, 140, 170, 236, 296
26, 128, 163, 201, 243, 315
27, 57, 89, 193, 253, 322
28, 64, 88, 167, 233, 280
29, 62, 109, 166, 249, 305
31, 74, 100, 172, 230, 302
32, 72, 94, 182, 217, 308
33, 68, 107, 171, 211, 271
34, 60, 103, 192, 239, 295
35, 56, 110, 186, 210, 286
36, 55, 120, 183, 214, 255
37, 67, 95, 224, 267, 310
38, 86, 118, 218, 254, 309
39, 85, 132, 188, 219, 299
40, 80, 136, 197, 256, 300
41, 73, 129, 209, 284, 318
42, 63, 97, 207, 263, 301
43, 71, 130, 179, 202, 274
44, 84, 108, 187, 232, 276
45, 83, 114, 251, 283, 311
46, 79, 165, 223, 247, 304
47, 59, 93, 257, 285, 313
48, 54, 99, 227, 261, 279
49, 78, 104, 198, 245, 277
50, 77, 113, 234, 273, 298
51, 117, 147, 213, 229, 294
52, 87, 144, 246, 262, 319
53, 75, 148, 252, 272, 316
