FLL Scheduler GA Summary Report (ID: 2027771092368 | Hash: 7887784995547232169)

Attributes:
--------------------
rank: 0
origin: (C | KPoint(k=1))
mutations: 1
clones: 0
_hash: 7887784995547232169
Length: 318

Fitness:
--------------------------
BreakTime           : 0.6429112727323071
LocationConsistency : 0.47469706399922934
OpponentVariety     : 0.9761300838275399
-----------------------------------
Total               : 2.093738420559076
Percentage          : 69.79%

Per-Objective Statistics (Team Distribution):
-----------------------------------------------------------------
Objective                 | Min      | Max      | Avg      | Range   
-----------------------------------------------------------------
BreakTime                 | 0.504463 | 0.600323 | 0.553823 | 0.095860
LocationConsistency       | 0.266667 | 0.366667 | 0.342453 | 0.100000
OpponentVariety           | 0.752717 | 1.000000 | 0.995334 | 0.247283

Team fitnesses (sorted by total fitness descending):
----------------------------------------------------
Max     : 1.953983
Min     : 1.615299
Range   : 0.338683
Average : 1.891610

Team |BreakTime |LocationConsistency |OpponentVariety |Sum
------------------------------------------------------------
68279|0.587316  |0.366667            |1.000000        |1.9540
67231|0.600323  |0.350000            |1.000000        |1.9503
72160|0.598864  |0.350000            |1.000000        |1.9489
67239|0.597907  |0.350000            |1.000000        |1.9479
65302|0.580002  |0.366667            |1.000000        |1.9467
66339|0.578194  |0.366667            |1.000000        |1.9449
74057|0.591319  |0.350000            |1.000000        |1.9413
54584|0.590713  |0.350000            |1.000000        |1.9407
74584|0.590186  |0.350000            |1.000000        |1.9402
65867|0.589884  |0.350000            |1.000000        |1.9399
71263|0.588323  |0.350000            |1.000000        |1.9383
26789|0.570889  |0.366667            |1.000000        |1.9376
4893 |0.568727  |0.366667            |1.000000        |1.9354
31854|0.577928  |0.350000            |1.000000        |1.9279
71211|0.577162  |0.350000            |1.000000        |1.9272
67555|0.575169  |0.350000            |1.000000        |1.9252
73685|0.573105  |0.350000            |1.000000        |1.9231
61859|0.552618  |0.366667            |1.000000        |1.9193
58408|0.564398  |0.350000            |1.000000        |1.9144
58709|0.564183  |0.350000            |1.000000        |1.9142
64424|0.562898  |0.350000            |1.000000        |1.9129
64425|0.545579  |0.366667            |1.000000        |1.9122
74585|0.562144  |0.350000            |1.000000        |1.9121
55394|0.556399  |0.350000            |1.000000        |1.9064
3703 |0.537738  |0.366667            |1.000000        |1.9044
63371|0.553171  |0.350000            |1.000000        |1.9032
66737|0.534364  |0.366667            |1.000000        |1.9010
49129|0.532598  |0.366667            |1.000000        |1.8993
74586|0.546256  |0.350000            |1.000000        |1.8963
60950|0.545906  |0.350000            |1.000000        |1.8959
54665|0.538352  |0.350000            |1.000000        |1.8884
55396|0.536761  |0.350000            |1.000000        |1.8868
13864|0.534628  |0.350000            |1.000000        |1.8846
13867|0.533399  |0.350000            |1.000000        |1.8834
63372|0.530725  |0.350000            |1.000000        |1.8807
56419|0.529841  |0.350000            |1.000000        |1.8798
58575|0.513048  |0.366667            |1.000000        |1.8797
51930|0.526915  |0.350000            |1.000000        |1.8769
59320|0.524808  |0.350000            |1.000000        |1.8748
61147|0.523336  |0.350000            |1.000000        |1.8733
40146|0.521665  |0.350000            |1.000000        |1.8717
53313|0.520670  |0.350000            |1.000000        |1.8707
59828|0.514615  |0.350000            |1.000000        |1.8646
57674|0.508869  |0.350000            |1.000000        |1.8589
59826|0.504463  |0.350000            |1.000000        |1.8545
73598|0.578227  |0.266667            |1.000000        |1.8449
53457|0.568109  |0.266667            |1.000000        |1.8348
31855|0.566739  |0.266667            |1.000000        |1.8334
18686|0.560575  |0.266667            |1.000000        |1.8272
70462|0.560481  |0.266667            |1.000000        |1.8271
31853|0.534536  |0.266667            |1.000000        |1.8012
61798|0.515011  |0.266667            |1.000000        |1.7817
65253|0.512582  |0.350000            |0.752717        |1.6153

Team Events (sorted, for dev use, diff check with others to ensure truly different schedules created):
------------------------------------------------------------
0, 115, 131, 181, 235, 292
1, 81, 153, 191, 222, 289
2, 92, 139, 203, 241, 297
3, 112, 138, 204, 244, 306
4, 98, 135, 176, 199, 291
5, 106, 162, 185, 228, 250
6, 101, 146, 190, 215, 266
7, 82, 157, 177, 225, 269
8, 96, 134, 194, 248, 317
9, 123, 158, 195, 237, 259
10, 102, 142, 196, 270, 312
11, 133, 145, 205, 264, 320
12, 111, 154, 200, 231, 288
13, 105, 159, 173, 238, 265
14, 116, 151, 168, 208, 303
15, 122, 161, 216, 240, 321
16, 119, 156, 180, 212, 282
17, 121, 149, 169, 258, 281
18, 65, 150, 174, 220, 268
19, 128, 163, 201, 243, 315
20, 69, 155, 184, 275, 323
21, 76, 140, 170, 236, 296
22, 141, 164, 175, 260, 324
23, 61, 152, 221, 278, 325
24, 58, 137, 189, 226, 293
25, 70, 160, 206, 290, 314
26, 66, 143, 178, 242, 307
27, 60, 103, 192, 239, 295
29, 72, 94, 182, 217, 308
30, 57, 89, 193, 253, 322
31, 74, 100, 172, 230, 302
32, 68, 107, 171, 211, 271
33, 62, 109, 166, 249, 305
34, 64, 88, 167, 233, 280
35, 56, 110, 186, 210, 286
36, 84, 108, 187, 232, 276
37, 55, 120, 183, 214, 255
38, 80, 136, 197, 256, 300
39, 86, 118, 218, 254, 309
40, 85, 132, 188, 219, 299
41, 71, 130, 179, 202, 274
42, 63, 97, 207, 263, 301
43, 73, 129, 209, 284, 318
44, 67, 95, 224, 267, 310
45, 75, 148, 252, 272, 316
46, 77, 113, 234, 273, 298
47, 117, 147, 213, 229, 294
48, 54, 99, 227, 261, 279
49, 87, 144, 246, 262, 319
50, 78, 104, 198, 245, 277
51, 79, 165, 223, 247, 304
52, 83, 114, 251, 283, 311
53, 59, 93, 257, 285, 313
