FLL Scheduler GA Summary Report (ID: 2473743073568 | Hash: -2590118812220669659)

Attributes:
--------------------
rank: 0
origin: (C | TimeSlotCrossover)
mutations: 0
clones: 0
_hash: -2590118812220669659
Length: 318

Fitness:
--------------------------
BreakTime           : 0.8017398048597817
LocationConsistency : 0.44715935417658614
OpponentVariety     : 0.30715331588512473
-----------------------------------
Total               : 1.5560524749214926
Percentage          : 51.87%

Per-Objective Statistics (Team Distribution):
-----------------------------------------------------------------
Objective                 | Min      | Max      | Avg      | Range   
-----------------------------------------------------------------
BreakTime                 | 0.486274 | 0.600323 | 0.553731 | 0.114049
LocationConsistency       | 0.266667 | 0.525000 | 0.344025 | 0.258333
OpponentVariety           | 0.752717 | 1.000000 | 0.995334 | 0.247283

Team fitnesses (sorted by total fitness descending):
----------------------------------------------------
Max     : 2.122907
Min     : 1.539548
Range   : 0.583358
Average : 1.893091

Team |BreakTime |LocationConsistency |OpponentVariety |Sum
------------------------------------------------------------
43   |0.597907  |0.525000            |1.000000        |2.1229
5    |0.545183  |0.525000            |1.000000        |2.0702
44   |0.587316  |0.366667            |1.000000        |1.9540
41   |0.600323  |0.350000            |1.000000        |1.9503
37   |0.580002  |0.366667            |1.000000        |1.9467
39   |0.578194  |0.366667            |1.000000        |1.9449
46   |0.591319  |0.350000            |1.000000        |1.9413
12   |0.590946  |0.350000            |1.000000        |1.9409
50   |0.590186  |0.350000            |1.000000        |1.9402
42   |0.589884  |0.350000            |1.000000        |1.9399
48   |0.588323  |0.350000            |1.000000        |1.9383
6    |0.568727  |0.366667            |1.000000        |1.9354
47   |0.578838  |0.350000            |1.000000        |1.9288
7    |0.562011  |0.366667            |1.000000        |1.9287
49   |0.578539  |0.350000            |1.000000        |1.9285
3    |0.577928  |0.350000            |1.000000        |1.9279
53   |0.577162  |0.350000            |1.000000        |1.9272
33   |0.552618  |0.366667            |1.000000        |1.9193
10   |0.566788  |0.350000            |1.000000        |1.9168
25   |0.564398  |0.350000            |1.000000        |1.9144
21   |0.564183  |0.350000            |1.000000        |1.9142
28   |0.562898  |0.350000            |1.000000        |1.9129
34   |0.545579  |0.366667            |1.000000        |1.9122
1    |0.561670  |0.350000            |1.000000        |1.9117
27   |0.553171  |0.350000            |1.000000        |1.9032
36   |0.552305  |0.350000            |1.000000        |1.9023
38   |0.534364  |0.366667            |1.000000        |1.9010
13   |0.532598  |0.366667            |1.000000        |1.8993
45   |0.547801  |0.350000            |1.000000        |1.8978
52   |0.546256  |0.350000            |1.000000        |1.8963
20   |0.545906  |0.350000            |1.000000        |1.8959
14   |0.536761  |0.350000            |1.000000        |1.8868
15   |0.536643  |0.350000            |1.000000        |1.8866
29   |0.534184  |0.350000            |1.000000        |1.8842
23   |0.529841  |0.350000            |1.000000        |1.8798
24   |0.513048  |0.366667            |1.000000        |1.8797
17   |0.526915  |0.350000            |1.000000        |1.8769
19   |0.524808  |0.350000            |1.000000        |1.8748
18   |0.520670  |0.350000            |1.000000        |1.8707
22   |0.514615  |0.350000            |1.000000        |1.8646
32   |0.512582  |0.350000            |1.000000        |1.8626
26   |0.504463  |0.350000            |1.000000        |1.8545
51   |0.578227  |0.266667            |1.000000        |1.8449
30   |0.486274  |0.350000            |1.000000        |1.8363
16   |0.568109  |0.266667            |1.000000        |1.8348
4    |0.566739  |0.266667            |1.000000        |1.8334
2    |0.560575  |0.266667            |1.000000        |1.8272
40   |0.560481  |0.266667            |1.000000        |1.8271
11   |0.556399  |0.266667            |1.000000        |1.8231
8    |0.534536  |0.266667            |1.000000        |1.8012
9    |0.533399  |0.266667            |1.000000        |1.8001
35   |0.515011  |0.266667            |1.000000        |1.7817
31   |0.520164  |0.266667            |0.752717        |1.5395

Team Events (sorted, for dev use, diff check with others to ensure truly different schedules created):
------------------------------------------------------------
0, 117, 158, 195, 237, 259
1, 98, 135, 176, 199, 291
2, 82, 157, 177, 225, 269
3, 96, 134, 194, 248, 317
4, 107, 131, 180, 235, 292
5, 81, 153, 191, 222, 289
6, 90, 162, 184, 228, 250
7, 101, 146, 190, 215, 266
8, 115, 138, 205, 244, 306
9, 128, 163, 201, 243, 315
10, 119, 156, 181, 212, 282
11, 124, 151, 168, 208, 303
12, 102, 142, 196, 270, 312
13, 121, 149, 169, 258, 281
14, 116, 160, 216, 240, 321
15, 105, 159, 173, 238, 265
16, 133, 144, 204, 264, 320
17, 111, 154, 200, 231, 288
18, 61, 152, 221, 278, 325
19, 66, 143, 179, 242, 307
20, 141, 164, 175, 260, 324
21, 70, 161, 206, 290, 314
22, 65, 150, 174, 220, 268
23, 76, 140, 170, 236, 296
24, 68, 155, 185, 275, 323
25, 58, 137, 189, 226, 293
27, 74, 100, 172, 230, 302
28, 62, 109, 166, 249, 305
29, 69, 91, 171, 211, 271
30, 63, 97, 207, 239, 301
31, 60, 103, 192, 262, 295
32, 56, 110, 186, 210, 286
33, 57, 89, 193, 253, 322
34, 64, 88, 167, 233, 280
35, 72, 94, 182, 217, 308
36, 92, 139, 203, 241, 297
37, 84, 108, 187, 232, 276
38, 86, 118, 218, 254, 309
39, 80, 136, 197, 256, 300
40, 67, 95, 224, 267, 310
41, 85, 132, 188, 219, 299
42, 55, 120, 183, 214, 255
43, 71, 130, 178, 202, 274
44, 73, 129, 209, 284, 318
45, 83, 106, 251, 283, 311
46, 78, 104, 198, 245, 277
47, 87, 145, 246, 287, 319
48, 77, 114, 234, 273, 298
49, 125, 147, 213, 229, 294
50, 79, 165, 223, 247, 304
51, 54, 99, 227, 261, 279
52, 59, 93, 257, 285, 313
53, 75, 148, 252, 272, 316
