FLL Scheduler GA Summary Report (ID: 2473736879824 | Hash: 4874997309749162428)

Attributes:
--------------------
rank: 0
origin: (C | KPoint(k=3))
mutations: 1
clones: 0
_hash: 4874997309749162428
Length: 318

Fitness:
--------------------------
BreakTime           : 0.8024594957300055
LocationConsistency : 0.44390488203228823
OpponentVariety     : 0.30715331588512473
-----------------------------------
Total               : 1.5535176936474184
Percentage          : 51.78%

Per-Objective Statistics (Team Distribution):
-----------------------------------------------------------------
Objective                 | Min      | Max      | Avg      | Range   
-----------------------------------------------------------------
BreakTime                 | 0.486274 | 0.597907 | 0.553194 | 0.111632
LocationConsistency       | 0.100000 | 0.366667 | 0.332704 | 0.266667
OpponentVariety           | 0.752717 | 1.000000 | 0.995334 | 0.247283

Team fitnesses (sorted by total fitness descending):
----------------------------------------------------
Max     : 1.953983
Min     : 1.539548
Range   : 0.414434
Average : 1.881233

Team |BreakTime |LocationConsistency |OpponentVariety |Sum
------------------------------------------------------------
40   |0.587316  |0.366667            |1.000000        |1.9540
41   |0.580002  |0.366667            |1.000000        |1.9467
38   |0.578194  |0.366667            |1.000000        |1.9449
48   |0.591319  |0.350000            |1.000000        |1.9413
14   |0.590946  |0.350000            |1.000000        |1.9409
53   |0.590186  |0.350000            |1.000000        |1.9402
39   |0.589884  |0.350000            |1.000000        |1.9399
46   |0.588323  |0.350000            |1.000000        |1.9383
2    |0.568727  |0.366667            |1.000000        |1.9354
37   |0.579345  |0.350000            |1.000000        |1.9293
50   |0.578838  |0.350000            |1.000000        |1.9288
3    |0.562011  |0.366667            |1.000000        |1.9287
49   |0.578539  |0.350000            |1.000000        |1.9285
1    |0.577928  |0.350000            |1.000000        |1.9279
52   |0.577162  |0.350000            |1.000000        |1.9272
30   |0.552618  |0.366667            |1.000000        |1.9193
13   |0.566788  |0.350000            |1.000000        |1.9168
22   |0.564398  |0.350000            |1.000000        |1.9144
20   |0.564183  |0.350000            |1.000000        |1.9142
28   |0.562898  |0.350000            |1.000000        |1.9129
34   |0.545579  |0.366667            |1.000000        |1.9122
7    |0.561670  |0.350000            |1.000000        |1.9117
31   |0.553171  |0.350000            |1.000000        |1.9032
44   |0.552305  |0.350000            |1.000000        |1.9023
42   |0.534364  |0.366667            |1.000000        |1.9010
15   |0.532598  |0.366667            |1.000000        |1.8993
45   |0.547801  |0.350000            |1.000000        |1.8978
51   |0.546256  |0.350000            |1.000000        |1.8963
23   |0.545906  |0.350000            |1.000000        |1.8959
5    |0.537696  |0.350000            |1.000000        |1.8877
10   |0.536761  |0.350000            |1.000000        |1.8868
12   |0.536643  |0.350000            |1.000000        |1.8866
29   |0.534184  |0.350000            |1.000000        |1.8842
19   |0.529841  |0.350000            |1.000000        |1.8798
24   |0.513048  |0.366667            |1.000000        |1.8797
11   |0.526915  |0.350000            |1.000000        |1.8769
26   |0.524808  |0.350000            |1.000000        |1.8748
16   |0.520670  |0.350000            |1.000000        |1.8707
25   |0.514615  |0.350000            |1.000000        |1.8646
32   |0.512582  |0.350000            |1.000000        |1.8626
21   |0.504463  |0.350000            |1.000000        |1.8545
47   |0.578227  |0.266667            |1.000000        |1.8449
33   |0.486274  |0.350000            |1.000000        |1.8363
18   |0.568109  |0.266667            |1.000000        |1.8348
6    |0.566739  |0.266667            |1.000000        |1.8334
9    |0.560575  |0.266667            |1.000000        |1.8272
36   |0.560481  |0.266667            |1.000000        |1.8271
17   |0.556399  |0.266667            |1.000000        |1.8231
8    |0.534536  |0.266667            |1.000000        |1.8012
4    |0.533399  |0.266667            |1.000000        |1.8001
35   |0.515011  |0.266667            |1.000000        |1.7817
43   |0.597907  |0.100000            |1.000000        |1.6979
27   |0.520164  |0.266667            |0.752717        |1.5395

Team Events (sorted, for dev use, diff check with others to ensure truly different schedules created):
------------------------------------------------------------
0, 82, 157, 177, 225, 269
1, 81, 153, 191, 222, 289
2, 90, 162, 184, 228, 250
3, 115, 138, 205, 244, 306
4, 85, 132, 188, 219, 299
5, 96, 134, 194, 248, 317
6, 117, 158, 195, 237, 259
7, 101, 146, 190, 215, 266
8, 98, 135, 176, 199, 291
9, 121, 149, 169, 258, 281
10, 133, 144, 204, 264, 320
11, 116, 160, 216, 240, 321
12, 128, 163, 201, 243, 315
13, 124, 151, 168, 208, 303
14, 102, 142, 196, 270, 312
15, 111, 154, 200, 231, 288
16, 119, 156, 181, 212, 282
17, 105, 159, 173, 238, 265
18, 65, 150, 174, 220, 268
19, 141, 164, 175, 260, 324
20, 58, 137, 189, 226, 293
21, 68, 155, 185, 275, 323
22, 66, 143, 179, 242, 307
23, 76, 140, 170, 236, 296
25, 70, 161, 206, 290, 314
26, 61, 152, 221, 278, 325
27, 60, 103, 192, 262, 295
28, 62, 109, 166, 249, 305
29, 69, 91, 171, 211, 271
30, 57, 89, 193, 253, 322
31, 74, 100, 172, 230, 302
32, 56, 110, 186, 210, 286
33, 63, 97, 207, 239, 301
34, 64, 88, 167, 233, 280
35, 72, 94, 182, 217, 308
36, 67, 95, 224, 267, 310
37, 107, 126, 180, 235, 292
38, 80, 136, 197, 256, 300
39, 55, 120, 183, 214, 255
40, 73, 129, 209, 284, 318
41, 84, 108, 187, 232, 276
42, 86, 118, 218, 254, 309
43, 71, 127, 178, 202, 274
44, 92, 139, 203, 241, 297
45, 83, 106, 251, 283, 311
46, 77, 114, 234, 273, 298
47, 54, 99, 227, 261, 279
48, 78, 104, 198, 245, 277
49, 125, 147, 213, 229, 294
50, 87, 145, 246, 287, 319
51, 59, 93, 257, 285, 313
52, 75, 148, 252, 272, 316
53, 79, 165, 223, 247, 304
