FLL Scheduler GA Summary Report (ID: 1650897301040 | Hash: -5856633155595617897)

Attributes:
--------------------
rank: 0
origin: (C | RoundTypeCrossover)
mutations: 0
clones: 0
_hash: -5856633155595617897
Length: 318

Fitness:
--------------------------
BreakTime           : 0.768248
LocationConsistency : 0.523732
OpponentVariety     : 0.879567
-----------------------------------
Total               : 2.171547
Percentage          : 72.38%

Per-Objective Statistics (Team Distribution):
-----------------------------------------------------------------
Objective                 | Min      | Max      | Avg      | Range   
-----------------------------------------------------------------
BreakTime                 | 0.4758   | 0.6722   | 0.5956   | 0.1964  
LocationConsistency       | 0.0750   | 0.6417   | 0.3277   | 0.5667  
OpponentVariety           | 0.7527   | 1.0000   | 0.9953   | 0.2473  

Team fitnesses (sorted by total fitness descending):
----------------------------------------------------
Max     : 2.194014
Min     : 1.704515
Range   : 0.489499
Average : 1.918656

Team |BreakTime |LocationConsistency |OpponentVariety |Sum
------------------------------------------------------------
29   |0.5523    |0.6417              |1.0000          |2.1940
40   |0.6722    |0.3500              |1.0000          |2.0222
41   |0.6717    |0.3500              |1.0000          |2.0217
38   |0.6505    |0.3500              |1.0000          |2.0005
39   |0.6221    |0.3667              |1.0000          |1.9887
43   |0.6201    |0.3667              |1.0000          |1.9868
14   |0.6338    |0.3500              |1.0000          |1.9838
49   |0.6330    |0.3500              |1.0000          |1.9830
51   |0.6310    |0.3500              |1.0000          |1.9810
9    |0.6100    |0.3667              |1.0000          |1.9766
46   |0.6208    |0.3500              |1.0000          |1.9708
2    |0.6198    |0.3500              |1.0000          |1.9698
48   |0.6190    |0.3500              |1.0000          |1.9690
33   |0.5927    |0.3667              |1.0000          |1.9593
13   |0.6079    |0.3500              |1.0000          |1.9579
26   |0.6053    |0.3500              |1.0000          |1.9553
19   |0.6051    |0.3500              |1.0000          |1.9551
34   |0.6037    |0.3500              |1.0000          |1.9537
8    |0.6024    |0.3500              |1.0000          |1.9524
31   |0.5933    |0.3500              |1.0000          |1.9433
42   |0.5923    |0.3500              |1.0000          |1.9423
37   |0.5731    |0.3667              |1.0000          |1.9398
17   |0.5712    |0.3667              |1.0000          |1.9379
45   |0.5875    |0.3500              |1.0000          |1.9375
50   |0.5859    |0.3500              |1.0000          |1.9359
21   |0.5855    |0.3500              |1.0000          |1.9355
5    |0.5847    |0.3500              |1.0000          |1.9347
52   |0.6632    |0.2667              |1.0000          |1.9299
16   |0.5755    |0.3500              |1.0000          |1.9255
6    |0.5733    |0.3500              |1.0000          |1.9233
3    |0.5721    |0.3500              |1.0000          |1.9221
11   |0.5697    |0.3500              |1.0000          |1.9197
20   |0.5683    |0.3500              |1.0000          |1.9183
24   |0.5502    |0.3667              |1.0000          |1.9169
22   |0.5629    |0.3500              |1.0000          |1.9129
15   |0.5622    |0.3500              |1.0000          |1.9122
18   |0.5584    |0.3500              |1.0000          |1.9084
36   |0.6299    |0.2667              |1.0000          |1.8966
53   |0.6201    |0.2667              |1.0000          |1.8868
10   |0.6186    |0.2667              |1.0000          |1.8852
1    |0.6123    |0.2667              |1.0000          |1.8789
4    |0.6078    |0.2667              |1.0000          |1.8745
7    |0.6012    |0.2667              |1.0000          |1.8679
12   |0.5967    |0.2667              |1.0000          |1.8634
28   |0.5069    |0.3500              |1.0000          |1.8569
25   |0.5844    |0.2667              |1.0000          |1.8511
35   |0.5692    |0.2667              |1.0000          |1.8359
32   |0.5565    |0.2667              |1.0000          |1.8231
30   |0.5136    |0.2667              |1.0000          |1.7802
23   |0.4758    |0.2667              |1.0000          |1.7424
44   |0.6413    |0.1000              |1.0000          |1.7413
47   |0.6475    |0.0750              |1.0000          |1.7225
27   |0.5851    |0.3667              |0.7527          |1.7045

Team Events (sorted, for dev use, diff check with others to ensure truly different schedules created):
------------------------------------------------------------
0, 105, 162, 184, 228, 250
1, 82, 157, 177, 225, 269
2, 115, 138, 205, 245, 307
3, 96, 134, 194, 248, 317
4, 107, 126, 180, 235, 292
5, 101, 146, 190, 214, 266
6, 98, 135, 176, 199, 291
7, 117, 158, 195, 237, 259
8, 81, 153, 191, 222, 289
9, 113, 159, 173, 238, 265
10, 125, 144, 204, 264, 320
11, 119, 156, 181, 212, 282
12, 130, 163, 201, 243, 315
13, 122, 151, 171, 207, 303
14, 121, 149, 170, 209, 258
15, 116, 160, 216, 240, 321
16, 102, 142, 196, 270, 312
17, 111, 154, 200, 231, 288
18, 141, 164, 175, 260, 324
19, 65, 150, 174, 220, 268
20, 66, 143, 179, 242, 306
22, 61, 152, 221, 278, 325
23, 58, 137, 226, 263, 293
24, 76, 140, 169, 236, 296
25, 70, 161, 189, 206, 314
26, 68, 155, 185, 275, 323
27, 64, 88, 167, 233, 280
28, 63, 97, 215, 239, 301
29, 73, 94, 182, 217, 308
30, 67, 95, 224, 267, 310
31, 74, 100, 172, 230, 302
32, 60, 103, 192, 229, 295
33, 57, 89, 193, 253, 322
34, 62, 109, 166, 249, 305
35, 69, 104, 168, 211, 271
36, 72, 131, 208, 284, 318
37, 86, 118, 218, 254, 309
38, 85, 124, 188, 219, 299
39, 84, 108, 187, 232, 276
40, 56, 110, 186, 210, 286
41, 55, 120, 183, 255, 290
42, 92, 139, 203, 241, 297
43, 80, 136, 197, 256, 300
44, 71, 127, 178, 202, 274
45, 83, 106, 251, 283, 311
46, 87, 145, 246, 287, 319
47, 123, 147, 213, 262, 294
48, 75, 148, 252, 272, 316
49, 79, 165, 223, 247, 304
50, 59, 93, 257, 285, 313
51, 77, 114, 234, 273, 298
52, 78, 112, 198, 244, 277
53, 54, 99, 227, 261, 279
