FLL Scheduler GA Summary Report (ID: 2644998010944 | Hash: -6688684441567630630)

Attributes:
--------------------
rank: 0
origin: (C | LocationCrossover)
mutations: 0
clones: 0
_hash: -6688684441567630630
Length: 318

Fitness:
--------------------------
BreakTime           : 0.768926
LocationConsistency : 0.555877
OpponentVariety     : 0.879567
-----------------------------------
Total               : 2.204370
Percentage          : 73.48%

Per-Objective Statistics (Team Distribution):
-----------------------------------------------------------------
Objective                 | Min      | Max      | Avg      | Range   
-----------------------------------------------------------------
BreakTime                 | 0.4758   | 0.6722   | 0.5950   | 0.1964  
LocationConsistency       | 0.0500   | 0.3667   | 0.3187   | 0.3167  
OpponentVariety           | 0.7527   | 1.0000   | 0.9953   | 0.2473  

Team fitnesses (sorted by total fitness descending):
----------------------------------------------------
Max     : 2.022195
Min     : 1.634388
Range   : 0.387807
Average : 1.909005

Team |BreakTime |LocationConsistency |OpponentVariety |Sum
------------------------------------------------------------
40   |0.6722    |0.3500              |1.0000          |2.0222
46   |0.6632    |0.3500              |1.0000          |2.0132
38   |0.6505    |0.3500              |1.0000          |2.0005
37   |0.6299    |0.3667              |1.0000          |1.9966
39   |0.6221    |0.3667              |1.0000          |1.9887
42   |0.6201    |0.3667              |1.0000          |1.9868
49   |0.6330    |0.3500              |1.0000          |1.9830
45   |0.6310    |0.3500              |1.0000          |1.9810
9    |0.6100    |0.3667              |1.0000          |1.9766
52   |0.6208    |0.3500              |1.0000          |1.9708
2    |0.6198    |0.3500              |1.0000          |1.9698
1    |0.6028    |0.3667              |1.0000          |1.9694
50   |0.6190    |0.3500              |1.0000          |1.9690
29   |0.5927    |0.3667              |1.0000          |1.9593
13   |0.6079    |0.3500              |1.0000          |1.9579
25   |0.6053    |0.3500              |1.0000          |1.9553
24   |0.6051    |0.3500              |1.0000          |1.9551
32   |0.6037    |0.3500              |1.0000          |1.9537
8    |0.6024    |0.3500              |1.0000          |1.9524
33   |0.5851    |0.3667              |1.0000          |1.9518
31   |0.5933    |0.3500              |1.0000          |1.9433
44   |0.5923    |0.3500              |1.0000          |1.9423
43   |0.5731    |0.3667              |1.0000          |1.9398
10   |0.5712    |0.3667              |1.0000          |1.9379
47   |0.5875    |0.3500              |1.0000          |1.9375
51   |0.5859    |0.3500              |1.0000          |1.9359
21   |0.5855    |0.3500              |1.0000          |1.9355
5    |0.5847    |0.3500              |1.0000          |1.9347
15   |0.5757    |0.3500              |1.0000          |1.9257
14   |0.5755    |0.3500              |1.0000          |1.9255
6    |0.5733    |0.3500              |1.0000          |1.9233
18   |0.5697    |0.3500              |1.0000          |1.9197
19   |0.5683    |0.3500              |1.0000          |1.9183
22   |0.5502    |0.3667              |1.0000          |1.9169
26   |0.5629    |0.3500              |1.0000          |1.9129
16   |0.5584    |0.3500              |1.0000          |1.9084
11   |0.6338    |0.2667              |1.0000          |1.9005
48   |0.6201    |0.2667              |1.0000          |1.8868
12   |0.6186    |0.2667              |1.0000          |1.8852
4    |0.6078    |0.2667              |1.0000          |1.8745
7    |0.6012    |0.2667              |1.0000          |1.8679
17   |0.5967    |0.2667              |1.0000          |1.8634
28   |0.5069    |0.3500              |1.0000          |1.8569
27   |0.5729    |0.2667              |1.0000          |1.8396
3    |0.5721    |0.2667              |1.0000          |1.8387
34   |0.5565    |0.2667              |1.0000          |1.8231
35   |0.5523    |0.2667              |1.0000          |1.8190
30   |0.5136    |0.2667              |1.0000          |1.7802
20   |0.4758    |0.2667              |1.0000          |1.7424
41   |0.6413    |0.1000              |1.0000          |1.7413
36   |0.6276    |0.3500              |0.7527          |1.7303
53   |0.6475    |0.0750              |1.0000          |1.7225
23   |0.5844    |0.0500              |1.0000          |1.6344

Team Events (sorted, for dev use, diff check with others to ensure truly different schedules created):
------------------------------------------------------------
0, 90, 162, 184, 228, 250
1, 82, 157, 177, 225, 269
2, 115, 138, 205, 244, 307
3, 96, 134, 194, 248, 317
4, 107, 126, 180, 235, 292
5, 101, 146, 190, 214, 266
6, 98, 135, 176, 199, 291
7, 117, 158, 195, 237, 259
8, 81, 153, 191, 222, 289
9, 102, 142, 196, 270, 312
10, 122, 151, 171, 208, 303
11, 113, 159, 173, 238, 265
12, 128, 163, 201, 243, 315
13, 116, 160, 216, 240, 321
14, 121, 149, 170, 258, 281
15, 111, 154, 200, 231, 288
16, 119, 156, 181, 212, 282
17, 125, 144, 204, 264, 320
18, 65, 150, 174, 220, 268
19, 58, 137, 226, 263, 293
20, 66, 143, 179, 242, 306
21, 76, 140, 169, 236, 296
22, 70, 161, 189, 290, 314
23, 141, 164, 175, 260, 324
24, 68, 155, 185, 275, 323
25, 61, 152, 221, 278, 325
27, 69, 91, 168, 211, 271
28, 63, 97, 215, 239, 301
29, 57, 89, 193, 253, 322
30, 67, 95, 224, 267, 310
31, 74, 100, 172, 230, 302
32, 62, 109, 166, 249, 305
33, 64, 88, 167, 233, 280
34, 60, 103, 192, 229, 295
35, 72, 94, 182, 217, 308
36, 55, 120, 183, 206, 255
37, 73, 129, 209, 284, 318
38, 85, 124, 188, 219, 299
39, 84, 108, 187, 232, 276
40, 56, 110, 186, 210, 286
41, 71, 127, 178, 202, 274
42, 80, 136, 197, 256, 300
43, 86, 118, 218, 254, 309
44, 92, 139, 203, 241, 297
45, 77, 114, 234, 273, 298
46, 78, 112, 198, 245, 277
47, 83, 106, 251, 283, 311
48, 54, 99, 227, 261, 279
49, 79, 165, 223, 247, 304
50, 75, 148, 252, 272, 316
51, 59, 93, 257, 285, 313
52, 87, 145, 246, 287, 319
53, 123, 147, 213, 262, 294
