FLL Scheduler GA Summary Report (ID: 1538389041312 | Hash: -8682007568622080661)

Attributes:
--------------------
rank: 0
origin: (C | LocationCrossover)
mutations: 0
clones: 0
_hash: -8682007568622080661
Length: 318

Fitness:
--------------------------
BreakTime           : 0.611170
LocationConsistency : 0.651455
OpponentVariety     : 0.894581
-----------------------------------
Total               : 2.157207
Percentage          : 71.91%

Per-Objective Statistics (Team Distribution):
-----------------------------------------------------------------
Objective                 | Min      | Max      | Avg      | Range   
-----------------------------------------------------------------
BreakTime                 | 0.0481   | 0.7197   | 0.5726   | 0.6716  
LocationConsistency       | 0.2667   | 0.9500   | 0.7135   | 0.6833  
OpponentVariety           | 0.7527   | 1.0000   | 0.9860   | 0.2473  

Team fitnesses (sorted by total fitness descending):
----------------------------------------------------
Max     : 2.665934
Min     : 1.590388
Range   : 1.075546
Average : 2.272173

Team |BreakTime |LocationConsistency |OpponentVariety |Sum
------------------------------------------------------------
1    |0.7159    |0.9500              |1.0000          |2.6659
38   |0.6977    |0.9500              |1.0000          |2.6477
39   |0.6845    |0.9500              |1.0000          |2.6345
8    |0.6487    |0.9500              |1.0000          |2.5987
43   |0.6466    |0.9500              |1.0000          |2.5966
2    |0.6371    |0.9500              |1.0000          |2.5871
19   |0.5967    |0.9500              |1.0000          |2.5467
9    |0.5962    |0.9500              |1.0000          |2.5462
31   |0.5837    |0.9500              |1.0000          |2.5337
13   |0.5637    |0.9500              |1.0000          |2.5137
16   |0.5575    |0.9500              |1.0000          |2.5075
42   |0.5564    |0.9500              |1.0000          |2.5064
30   |0.5553    |0.9500              |1.0000          |2.5053
17   |0.5438    |0.9500              |1.0000          |2.4938
5    |0.5432    |0.9500              |1.0000          |2.4932
24   |0.5297    |0.9500              |1.0000          |2.4797
25   |0.4940    |0.9500              |1.0000          |2.4440
22   |0.4816    |0.9500              |1.0000          |2.4316
51   |0.7193    |0.6417              |1.0000          |2.3609
4    |0.6956    |0.6417              |1.0000          |2.3373
46   |0.6888    |0.6417              |1.0000          |2.3305
45   |0.6713    |0.6417              |1.0000          |2.3130
15   |0.6095    |0.9500              |0.7527          |2.3123
18   |0.5967    |0.9500              |0.7527          |2.2994
10   |0.6494    |0.6417              |1.0000          |2.2910
7    |0.6493    |0.6417              |1.0000          |2.2910
47   |0.6491    |0.6417              |1.0000          |2.2908
37   |0.6422    |0.6417              |1.0000          |2.2838
33   |0.6177    |0.6417              |1.0000          |2.2594
12   |0.5923    |0.6417              |1.0000          |2.2339
41   |0.5837    |0.6417              |1.0000          |2.2254
3    |0.5825    |0.6417              |1.0000          |2.2242
28   |0.5626    |0.6417              |1.0000          |2.2043
35   |0.5546    |0.6417              |1.0000          |2.1963
11   |0.5544    |0.6417              |1.0000          |2.1961
26   |0.5374    |0.6417              |1.0000          |2.1791
48   |0.6474    |0.5250              |1.0000          |2.1724
14   |0.5283    |0.6417              |1.0000          |2.1699
21   |0.5271    |0.6417              |1.0000          |2.1688
36   |0.6286    |0.5250              |1.0000          |2.1536
50   |0.7197    |0.3500              |1.0000          |2.0697
34   |0.5360    |0.5250              |1.0000          |2.0610
6    |0.5253    |0.5250              |1.0000          |2.0503
52   |0.6872    |0.3500              |1.0000          |2.0372
40   |0.6766    |0.3500              |1.0000          |2.0266
27   |0.0570    |0.9500              |1.0000          |2.0070
32   |0.0481    |0.9500              |1.0000          |1.9981
49   |0.6638    |0.5250              |0.7527          |1.9415
44   |0.6710    |0.2667              |1.0000          |1.9376
20   |0.5822    |0.2667              |1.0000          |1.8489
23   |0.4713    |0.3667              |1.0000          |1.8380
29   |0.5267    |0.2667              |1.0000          |1.7934
53   |0.0654    |0.5250              |1.0000          |1.5904

Team Events (sorted, for dev use, diff check with others to ensure truly different schedules created):
------------------------------------------------------------
0, 96, 163, 176, 240, 307
1, 98, 158, 202, 230, 294
2, 105, 139, 179, 225, 264
3, 99, 165, 173, 258, 291
4, 111, 156, 239, 271, 308
5, 120, 144, 216, 246, 270
6, 85, 162, 189, 207, 314
7, 93, 164, 181, 229, 268
8, 79, 150, 199, 238, 286
9, 112, 153, 168, 241, 309
10, 103, 137, 167, 209, 275
11, 138, 161, 194, 277, 297
12, 127, 160, 224, 295, 319
13, 113, 134, 211, 289, 318
14, 128, 154, 170, 192, 312
15, 118, 148, 174, 204, 276
16, 121, 149, 213, 281, 317
17, 106, 155, 171, 226, 267
18, 73, 151, 169, 263, 303
20, 136, 159, 187, 245, 311
21, 76, 143, 183, 228, 283
22, 77, 145, 237, 273, 313
23, 75, 147, 215, 243, 284
24, 68, 157, 197, 244, 269
25, 58, 142, 222, 262, 290
26, 65, 152, 184, 223, 257
27, 72, 92, 188, 232, 320
28, 57, 88, 193, 227, 296
29, 61, 97, 218, 278, 305
30, 71, 94, 175, 198, 302
31, 59, 78, 190, 251, 315
32, 89, 102, 185, 206, 265
33, 54, 84, 166, 233, 300
34, 56, 80, 208, 248, 298
35, 55, 91, 177, 219, 255
36, 69, 101, 205, 252, 293
37, 64, 129, 203, 249, 304
38, 82, 132, 172, 234, 292
39, 90, 116, 180, 250, 316
40, 67, 110, 200, 272, 323
41, 60, 83, 236, 259, 322
42, 66, 86, 242, 266, 310
43, 62, 123, 195, 214, 299
44, 100, 119, 178, 254, 324
45, 81, 117, 201, 256, 285
46, 104, 126, 182, 210, 280
47, 107, 146, 235, 282, 321
48, 74, 122, 221, 253, 274
49, 108, 135, 196, 220, 260
50, 70, 133, 217, 301, 325
51, 63, 124, 212, 247, 288
52, 95, 125, 186, 279, 306
53, 87, 109, 191, 231, 287
