FLL Scheduler GA Summary Report (ID: 1538389038736 | Hash: -601004792394209239)

Attributes:
--------------------
rank: 0
origin: (C | KPoint(k=3))
mutations: 0
clones: 0
_hash: -601004792394209239
Length: 318

Fitness:
--------------------------
BreakTime           : 0.619417
LocationConsistency : 0.643068
OpponentVariety     : 0.904746
-----------------------------------
Total               : 2.167231
Percentage          : 72.24%

Per-Objective Statistics (Team Distribution):
-----------------------------------------------------------------
Objective                 | Min      | Max      | Avg      | Range   
-----------------------------------------------------------------
BreakTime                 | 0.0481   | 0.7420   | 0.5836   | 0.6938  
LocationConsistency       | 0.2667   | 0.9500   | 0.6973   | 0.6833  
OpponentVariety           | 0.7527   | 1.0000   | 0.9953   | 0.2473  

Team fitnesses (sorted by total fitness descending):
----------------------------------------------------
Max     : 2.665934
Min     : 1.821253
Range   : 0.844681
Average : 2.276229

Team |BreakTime |LocationConsistency |OpponentVariety |Sum
------------------------------------------------------------
1    |0.7159    |0.9500              |1.0000          |2.6659
41   |0.6977    |0.9500              |1.0000          |2.6477
36   |0.6845    |0.9500              |1.0000          |2.6345
8    |0.6487    |0.9500              |1.0000          |2.5987
42   |0.6466    |0.9500              |1.0000          |2.5966
2    |0.6371    |0.9500              |1.0000          |2.5871
16   |0.5967    |0.9500              |1.0000          |2.5467
6    |0.5962    |0.9500              |1.0000          |2.5462
31   |0.5837    |0.9500              |1.0000          |2.5337
26   |0.5775    |0.9500              |1.0000          |2.5275
12   |0.5637    |0.9500              |1.0000          |2.5137
18   |0.5575    |0.9500              |1.0000          |2.5075
44   |0.5564    |0.9500              |1.0000          |2.5064
30   |0.5553    |0.9500              |1.0000          |2.5053
13   |0.5438    |0.9500              |1.0000          |2.4938
9    |0.5432    |0.9500              |1.0000          |2.4932
24   |0.5297    |0.9500              |1.0000          |2.4797
19   |0.4816    |0.9500              |1.0000          |2.4316
46   |0.7193    |0.6417              |1.0000          |2.3609
48   |0.7157    |0.6417              |1.0000          |2.3573
4    |0.6956    |0.6417              |1.0000          |2.3373
52   |0.6888    |0.6417              |1.0000          |2.3305
39   |0.6710    |0.6417              |1.0000          |2.3126
5    |0.6613    |0.6417              |1.0000          |2.3030
17   |0.6494    |0.6417              |1.0000          |2.2910
51   |0.6491    |0.6417              |1.0000          |2.2908
37   |0.6422    |0.6417              |1.0000          |2.2838
35   |0.6177    |0.6417              |1.0000          |2.2594
14   |0.5923    |0.6417              |1.0000          |2.2339
7    |0.5825    |0.6417              |1.0000          |2.2242
27   |0.5626    |0.6417              |1.0000          |2.2043
25   |0.4940    |0.9500              |0.7527          |2.1967
15   |0.5544    |0.6417              |1.0000          |2.1961
20   |0.5374    |0.6417              |1.0000          |2.1791
47   |0.6474    |0.5250              |1.0000          |2.1724
11   |0.5283    |0.6417              |1.0000          |2.1699
22   |0.5271    |0.6417              |1.0000          |2.1688
34   |0.5156    |0.6417              |1.0000          |2.1573
38   |0.6286    |0.5250              |1.0000          |2.1536
50   |0.5836    |0.5250              |1.0000          |2.1086
45   |0.7197    |0.3500              |1.0000          |2.0697
32   |0.5360    |0.5250              |1.0000          |2.0610
3    |0.5253    |0.5250              |1.0000          |2.0503
53   |0.6872    |0.3500              |1.0000          |2.0372
40   |0.6766    |0.3500              |1.0000          |2.0266
49   |0.7420    |0.2667              |1.0000          |2.0087
29   |0.0570    |0.9500              |1.0000          |2.0070
28   |0.0481    |0.9500              |1.0000          |1.9981
43   |0.6174    |0.2667              |1.0000          |1.8840
10   |0.5321    |0.3500              |1.0000          |1.8821
21   |0.5822    |0.2667              |1.0000          |1.8489
23   |0.4713    |0.3667              |1.0000          |1.8380
33   |0.5546    |0.2667              |1.0000          |1.8213

Team Events (sorted, for dev use, diff check with others to ensure truly different schedules created):
------------------------------------------------------------
0, 96, 163, 176, 240, 307
1, 98, 158, 202, 230, 294
2, 120, 144, 216, 246, 270
3, 99, 165, 173, 258, 291
4, 87, 162, 189, 207, 314
5, 79, 150, 199, 238, 286
6, 105, 139, 179, 225, 264
7, 93, 164, 181, 229, 268
8, 111, 156, 239, 271, 308
9, 128, 154, 192, 220, 260
10, 113, 134, 211, 289, 318
11, 127, 160, 224, 295, 319
12, 121, 149, 213, 281, 317
13, 138, 161, 194, 277, 297
14, 103, 137, 167, 209, 275
15, 106, 155, 171, 226, 267
16, 112, 153, 168, 241, 309
17, 118, 148, 174, 204, 276
18, 77, 145, 237, 273, 313
19, 65, 152, 184, 223, 257
20, 136, 159, 187, 245, 311
21, 76, 143, 183, 228, 283
23, 75, 147, 215, 243, 284
24, 68, 157, 197, 244, 269
25, 58, 142, 222, 262, 290
26, 73, 151, 169, 191, 303
27, 57, 88, 193, 227, 296
28, 89, 102, 185, 206, 265
29, 72, 92, 188, 232, 320
30, 71, 94, 175, 198, 302
31, 59, 78, 190, 251, 315
32, 56, 80, 208, 248, 298
33, 55, 91, 177, 219, 254
34, 60, 83, 236, 259, 322
35, 54, 84, 166, 233, 300
36, 90, 116, 180, 250, 316
37, 64, 129, 203, 249, 304
38, 69, 101, 205, 252, 293
39, 100, 119, 178, 255, 324
40, 67, 110, 200, 272, 323
41, 82, 132, 172, 234, 292
42, 62, 123, 195, 214, 299
43, 61, 97, 218, 278, 305
44, 66, 86, 242, 266, 310
45, 70, 133, 217, 301, 325
46, 63, 124, 212, 247, 288
47, 74, 122, 221, 253, 274
48, 81, 117, 201, 285, 312
49, 108, 135, 170, 196, 256
50, 85, 109, 231, 261, 287
51, 107, 146, 235, 282, 321
52, 104, 126, 182, 210, 280
53, 95, 125, 186, 279, 306
