FLL Scheduler GA Summary Report (ID: 1538389036048 | Hash: -2085502241592023235)

Attributes:
--------------------
rank: 0
origin: (C | Uniform)
mutations: 0
clones: 0
_hash: -2085502241592023235
Length: 318

Fitness:
--------------------------
BreakTime           : 0.599726
LocationConsistency : 0.656898
OpponentVariety     : 0.904746
-----------------------------------
Total               : 2.161371
Percentage          : 72.05%

Per-Objective Statistics (Team Distribution):
-----------------------------------------------------------------
Objective                 | Min      | Max      | Avg      | Range   
-----------------------------------------------------------------
BreakTime                 | 0.0435   | 0.7197   | 0.5649   | 0.6763  
LocationConsistency       | 0.2667   | 0.9500   | 0.7184   | 0.6833  
OpponentVariety           | 0.7527   | 1.0000   | 0.9953   | 0.2473  

Team fitnesses (sorted by total fitness descending):
----------------------------------------------------
Max     : 2.665934
Min     : 1.692449
Range   : 0.973485
Average : 2.278663

Team |BreakTime |LocationConsistency |OpponentVariety |Sum
------------------------------------------------------------
2    |0.7159    |0.9500              |1.0000          |2.6659
38   |0.6977    |0.9500              |1.0000          |2.6477
41   |0.6845    |0.9500              |1.0000          |2.6345
3    |0.6487    |0.9500              |1.0000          |2.5987
43   |0.6466    |0.9500              |1.0000          |2.5966
7    |0.6371    |0.9500              |1.0000          |2.5871
49   |0.6346    |0.9500              |1.0000          |2.5846
18   |0.5967    |0.9500              |1.0000          |2.5467
4    |0.5962    |0.9500              |1.0000          |2.5462
31   |0.5837    |0.9500              |1.0000          |2.5337
21   |0.5775    |0.9500              |1.0000          |2.5275
13   |0.5637    |0.9500              |1.0000          |2.5137
16   |0.5575    |0.9500              |1.0000          |2.5075
42   |0.5564    |0.9500              |1.0000          |2.5064
30   |0.5553    |0.9500              |1.0000          |2.5053
17   |0.5438    |0.9500              |1.0000          |2.4938
9    |0.5432    |0.9500              |1.0000          |2.4932
22   |0.5297    |0.9500              |1.0000          |2.4797
45   |0.7193    |0.6417              |1.0000          |2.3609
8    |0.6956    |0.6417              |1.0000          |2.3373
46   |0.6888    |0.6417              |1.0000          |2.3305
40   |0.6814    |0.6417              |1.0000          |2.3231
44   |0.6710    |0.6417              |1.0000          |2.3126
10   |0.6494    |0.6417              |1.0000          |2.2910
6    |0.6493    |0.6417              |1.0000          |2.2910
50   |0.6491    |0.6417              |1.0000          |2.2908
37   |0.6422    |0.6417              |1.0000          |2.2838
12   |0.5923    |0.6417              |1.0000          |2.2339
39   |0.5837    |0.6417              |1.0000          |2.2254
5    |0.5825    |0.6417              |1.0000          |2.2242
27   |0.5626    |0.6417              |1.0000          |2.2043
24   |0.5584    |0.6417              |1.0000          |2.2001
29   |0.5546    |0.6417              |1.0000          |2.1963
11   |0.5544    |0.6417              |1.0000          |2.1961
47   |0.6474    |0.5250              |1.0000          |2.1724
25   |0.5271    |0.6417              |1.0000          |2.1688
36   |0.6286    |0.5250              |1.0000          |2.1536
19   |0.4933    |0.6417              |1.0000          |2.1350
23   |0.4823    |0.6417              |1.0000          |2.1239
15   |0.5943    |0.5250              |1.0000          |2.1193
52   |0.7197    |0.3500              |1.0000          |2.0697
48   |0.6713    |0.6417              |0.7527          |2.0657
33   |0.5360    |0.5250              |1.0000          |2.0610
1    |0.5253    |0.5250              |1.0000          |2.0503
51   |0.6872    |0.3500              |1.0000          |2.0372
35   |0.0570    |0.9500              |1.0000          |2.0070
28   |0.0481    |0.9500              |1.0000          |1.9981
32   |0.0435    |0.9500              |1.0000          |1.9935
26   |0.4531    |0.5250              |1.0000          |1.9781
53   |0.6732    |0.2667              |1.0000          |1.9399
34   |0.6177    |0.2667              |1.0000          |1.8844
20   |0.5822    |0.2667              |1.0000          |1.8489
14   |0.0508    |0.6417              |1.0000          |1.6924

Team Events (sorted, for dev use, diff check with others to ensure truly different schedules created):
------------------------------------------------------------
0, 120, 144, 216, 246, 270
1, 96, 163, 176, 240, 307
2, 93, 164, 181, 229, 268
3, 79, 150, 199, 238, 286
4, 105, 139, 179, 225, 264
5, 85, 162, 189, 207, 314
6, 98, 158, 202, 230, 294
7, 99, 165, 173, 258, 291
8, 111, 156, 239, 271, 308
9, 112, 153, 168, 241, 309
10, 103, 137, 167, 209, 275
11, 138, 161, 194, 277, 297
12, 127, 160, 224, 295, 319
13, 113, 131, 211, 289, 318
14, 128, 154, 192, 272, 312
15, 118, 148, 174, 204, 276
16, 121, 149, 213, 281, 317
17, 106, 155, 171, 226, 267
18, 58, 142, 222, 260, 290
19, 136, 159, 187, 245, 311
20, 73, 151, 169, 191, 303
22, 68, 157, 197, 244, 269
23, 77, 145, 237, 284, 313
24, 65, 152, 184, 223, 273
25, 76, 143, 183, 228, 283
26, 75, 147, 215, 243, 263
27, 57, 88, 193, 227, 296
28, 89, 102, 185, 206, 265
29, 54, 91, 177, 219, 254
30, 71, 94, 175, 198, 302
31, 59, 78, 190, 251, 315
32, 87, 109, 231, 261, 287
33, 56, 80, 208, 248, 298
34, 55, 84, 166, 233, 300
35, 72, 92, 188, 232, 320
36, 69, 101, 205, 252, 293
37, 64, 129, 203, 249, 304
38, 82, 132, 172, 234, 292
39, 60, 83, 236, 259, 322
40, 67, 110, 200, 262, 323
41, 90, 116, 180, 250, 316
42, 66, 86, 242, 266, 310
43, 62, 123, 195, 214, 299
44, 100, 119, 178, 255, 324
45, 63, 124, 212, 247, 288
46, 104, 126, 182, 210, 280
47, 74, 122, 221, 253, 274
48, 81, 117, 201, 256, 285
49, 108, 130, 170, 196, 220
50, 107, 146, 235, 282, 321
51, 95, 125, 186, 279, 306
52, 70, 133, 217, 301, 325
53, 61, 97, 218, 278, 305
