FLL Scheduler GA Summary Report (ID: 2027763600624 | Hash: 1442803649597122800)

Attributes:
--------------------
rank: -1
origin: CSV Importer
mutations: 0
clones: 0
_hash: 1442803649597122800
Length: 318

Fitness:
--------------------------
BreakTime           : 0.6397455098022397
LocationConsistency : 0.44190146036893463
OpponentVariety     : 0.9761300838275399
-----------------------------------
Total               : 2.057777053998714
Percentage          : 68.59%

Per-Objective Statistics (Team Distribution):
-----------------------------------------------------------------
Objective                 | Min      | Max      | Avg      | Range   
-----------------------------------------------------------------
BreakTime                 | 0.478864 | 0.626757 | 0.554993 | 0.147894
LocationConsistency       | 0.075000 | 0.366667 | 0.327516 | 0.291667
OpponentVariety           | 0.752717 | 1.000000 | 0.995334 | 0.247283

Team fitnesses (sorted by total fitness descending):
----------------------------------------------------
Max     : 1.976757
Min     : 1.431431
Range   : 0.545326
Average : 1.877843

Team |BreakTime |LocationConsistency |OpponentVariety |Sum
------------------------------------------------------------
66737|0.626757  |0.350000            |1.000000        |1.9768
67239|0.606506  |0.350000            |1.000000        |1.9565
65867|0.587316  |0.366667            |1.000000        |1.9540
67231|0.580002  |0.366667            |1.000000        |1.9467
67555|0.578194  |0.366667            |1.000000        |1.9449
74586|0.591319  |0.350000            |1.000000        |1.9413
55396|0.590946  |0.350000            |1.000000        |1.9409
73685|0.590186  |0.350000            |1.000000        |1.9402
65302|0.589884  |0.350000            |1.000000        |1.9399
71263|0.588323  |0.350000            |1.000000        |1.9383
26789|0.568727  |0.366667            |1.000000        |1.9354
73598|0.578838  |0.350000            |1.000000        |1.9288
31853|0.562011  |0.366667            |1.000000        |1.9287
13864|0.577928  |0.350000            |1.000000        |1.9279
74585|0.577162  |0.350000            |1.000000        |1.9272
64424|0.552618  |0.366667            |1.000000        |1.9193
53313|0.566788  |0.350000            |1.000000        |1.9168
59320|0.564398  |0.350000            |1.000000        |1.9144
58575|0.564183  |0.350000            |1.000000        |1.9142
63372|0.562898  |0.350000            |1.000000        |1.9129
64425|0.545579  |0.366667            |1.000000        |1.9122
3703 |0.561670  |0.350000            |1.000000        |1.9117
63371|0.553171  |0.350000            |1.000000        |1.9032
70462|0.552305  |0.350000            |1.000000        |1.9023
66339|0.534364  |0.366667            |1.000000        |1.9010
51930|0.532598  |0.366667            |1.000000        |1.8993
71211|0.547801  |0.350000            |1.000000        |1.8978
74584|0.546256  |0.350000            |1.000000        |1.8963
58709|0.545906  |0.350000            |1.000000        |1.8959
18686|0.545183  |0.350000            |1.000000        |1.8952
53457|0.536761  |0.350000            |1.000000        |1.8868
54584|0.536643  |0.350000            |1.000000        |1.8866
61798|0.534184  |0.350000            |1.000000        |1.8842
49129|0.531160  |0.350000            |1.000000        |1.8812
59826|0.529841  |0.350000            |1.000000        |1.8798
57674|0.513048  |0.366667            |1.000000        |1.8797
58408|0.524808  |0.350000            |1.000000        |1.8748
40146|0.520670  |0.350000            |1.000000        |1.8707
59828|0.514615  |0.350000            |1.000000        |1.8646
56419|0.504463  |0.350000            |1.000000        |1.8545
72160|0.578227  |0.266667            |1.000000        |1.8449
61147|0.486274  |0.350000            |1.000000        |1.8363
54665|0.568109  |0.266667            |1.000000        |1.8348
13867|0.566739  |0.266667            |1.000000        |1.8334
31854|0.560575  |0.266667            |1.000000        |1.8272
55394|0.556399  |0.266667            |1.000000        |1.8231
4893 |0.534536  |0.266667            |1.000000        |1.8012
31855|0.533399  |0.266667            |1.000000        |1.8001
60950|0.518848  |0.266667            |1.000000        |1.7855
65253|0.515011  |0.266667            |1.000000        |1.7817
61859|0.478864  |0.266667            |1.000000        |1.7455
68279|0.597907  |0.100000            |1.000000        |1.6979
74057|0.603714  |0.075000            |0.752717        |1.4314

Team Events (sorted, for dev use, diff check with others to ensure truly different schedules created):
------------------------------------------------------------
0, 117, 158, 195, 237, 259
1, 101, 146, 190, 215, 266
2, 82, 157, 177, 225, 269
3, 96, 134, 194, 248, 317
4, 107, 126, 180, 235, 292
5, 81, 153, 191, 222, 289
6, 90, 162, 184, 228, 250
7, 98, 135, 176, 199, 291
8, 115, 138, 205, 244, 306
9, 111, 154, 200, 231, 288
10, 125, 144, 204, 264, 320
11, 102, 142, 196, 270, 312
12, 128, 163, 201, 243, 315
13, 121, 149, 169, 258, 281
14, 116, 160, 216, 240, 321
15, 105, 159, 173, 238, 265
16, 119, 156, 181, 212, 282
17, 122, 151, 168, 208, 303
19, 58, 137, 189, 226, 293
20, 76, 140, 170, 236, 296
21, 61, 152, 221, 278, 325
22, 141, 164, 175, 260, 324
23, 66, 143, 179, 242, 307
24, 68, 155, 185, 275, 323
25, 65, 150, 174, 220, 268
26, 70, 161, 206, 290, 314
27, 60, 103, 192, 229, 295
28, 63, 97, 207, 239, 301
29, 69, 91, 171, 211, 271
30, 67, 95, 224, 267, 310
31, 74, 100, 172, 230, 302
32, 62, 109, 166, 249, 305
33, 57, 89, 193, 253, 322
34, 64, 88, 167, 233, 280
35, 72, 94, 182, 217, 308
36, 55, 120, 183, 214, 255
37, 73, 129, 209, 284, 318
38, 86, 118, 218, 254, 309
39, 56, 110, 186, 210, 286
40, 84, 108, 187, 232, 276
41, 85, 124, 188, 219, 299
42, 80, 136, 197, 256, 300
43, 71, 127, 178, 202, 274
44, 92, 139, 203, 241, 297
45, 83, 106, 251, 283, 311
46, 77, 114, 234, 273, 298
47, 54, 99, 227, 261, 279
48, 87, 145, 246, 287, 319
49, 79, 165, 223, 247, 304
50, 123, 147, 213, 262, 294
51, 59, 93, 257, 285, 313
52, 75, 148, 252, 272, 316
53, 78, 104, 198, 245, 277
