FLL Scheduler GA Summary Report (ID: 1460251838048 | Hash: 1767753782228308709)

Attributes:
--------------------
rank: 0
origin: (C | TimeSlotCrossover)
mutations: 0
clones: 0
_hash: 1767753782228308709
Length: 318

Fitness:
--------------------------
BreakTime           : 0.611809
LocationConsistency : 0.654378
OpponentVariety     : 0.904746
-----------------------------------
Total               : 2.170933
Percentage          : 72.36%

Per-Objective Statistics (Team Distribution):
-----------------------------------------------------------------
Objective                 | Min      | Max      | Avg      | Range   
-----------------------------------------------------------------
BreakTime                 | 0.0481   | 0.7159   | 0.5728   | 0.6678  
LocationConsistency       | 0.2667   | 0.9500   | 0.7104   | 0.6833  
OpponentVariety           | 0.7527   | 1.0000   | 0.9953   | 0.2473  

Team fitnesses (sorted by total fitness descending):
----------------------------------------------------
Max     : 2.665934
Min     : 1.692449
Range   : 0.973485
Average : 2.278482

Team |BreakTime |LocationConsistency |OpponentVariety |Sum
------------------------------------------------------------
6    |0.7159    |0.9500              |1.0000          |2.6659
41   |0.6977    |0.9500              |1.0000          |2.6477
36   |0.6845    |0.9500              |1.0000          |2.6345
8    |0.6487    |0.9500              |1.0000          |2.5987
42   |0.6466    |0.9500              |1.0000          |2.5966
2    |0.6371    |0.9500              |1.0000          |2.5871
49   |0.6346    |0.9500              |1.0000          |2.5846
22   |0.6111    |0.9500              |1.0000          |2.5611
46   |0.5996    |0.9500              |1.0000          |2.5496
13   |0.5967    |0.9500              |1.0000          |2.5467
9    |0.5962    |0.9500              |1.0000          |2.5462
31   |0.5837    |0.9500              |1.0000          |2.5337
16   |0.5637    |0.9500              |1.0000          |2.5137
12   |0.5575    |0.9500              |1.0000          |2.5075
34   |0.5553    |0.9500              |1.0000          |2.5053
14   |0.5438    |0.9500              |1.0000          |2.4938
4    |0.5432    |0.9500              |1.0000          |2.4932
25   |0.5297    |0.9500              |1.0000          |2.4797
1    |0.6956    |0.6417              |1.0000          |2.3373
52   |0.6888    |0.6417              |1.0000          |2.3305
40   |0.6814    |0.6417              |1.0000          |2.3231
39   |0.6710    |0.6417              |1.0000          |2.3126
5    |0.6613    |0.6417              |1.0000          |2.3030
17   |0.6494    |0.6417              |1.0000          |2.2910
51   |0.6491    |0.6417              |1.0000          |2.2908
37   |0.6422    |0.6417              |1.0000          |2.2838
35   |0.6177    |0.6417              |1.0000          |2.2594
44   |0.6094    |0.6417              |1.0000          |2.2511
10   |0.5923    |0.6417              |1.0000          |2.2339
7    |0.5825    |0.6417              |1.0000          |2.2242
27   |0.5626    |0.6417              |1.0000          |2.2043
53   |0.6773    |0.5250              |1.0000          |2.2023
20   |0.5584    |0.6417              |1.0000          |2.2001
50   |0.6732    |0.5250              |1.0000          |2.1982
11   |0.5544    |0.6417              |1.0000          |2.1961
47   |0.6474    |0.5250              |1.0000          |2.1724
23   |0.5271    |0.6417              |1.0000          |2.1688
30   |0.5156    |0.6417              |1.0000          |2.1573
26   |0.4933    |0.6417              |1.0000          |2.1350
19   |0.4823    |0.6417              |1.0000          |2.1239
15   |0.5943    |0.5250              |1.0000          |2.1193
48   |0.6713    |0.6417              |0.7527          |2.0657
32   |0.5360    |0.5250              |1.0000          |2.0610
3    |0.5253    |0.5250              |1.0000          |2.0503
45   |0.6872    |0.3500              |1.0000          |2.0372
29   |0.0570    |0.9500              |1.0000          |2.0070
28   |0.0481    |0.9500              |1.0000          |1.9981
24   |0.4531    |0.5250              |1.0000          |1.9781
38   |0.6017    |0.3500              |1.0000          |1.9517
43   |0.6174    |0.2667              |1.0000          |1.8840
21   |0.5822    |0.2667              |1.0000          |1.8489
33   |0.5546    |0.2667              |1.0000          |1.8213
18   |0.0508    |0.6417              |1.0000          |1.6924

Team Events (sorted, for dev use, diff check with others to ensure truly different schedules created):
------------------------------------------------------------
0, 99, 165, 173, 258, 291
1, 98, 158, 202, 230, 294
2, 120, 144, 216, 246, 270
3, 111, 156, 239, 271, 308
4, 87, 162, 189, 207, 314
5, 96, 163, 176, 240, 307
6, 105, 139, 179, 225, 264
7, 93, 164, 181, 229, 268
8, 79, 150, 199, 238, 286
9, 138, 161, 194, 277, 297
10, 103, 137, 167, 209, 275
11, 118, 148, 174, 204, 276
12, 106, 155, 171, 226, 267
13, 121, 149, 213, 281, 317
14, 128, 154, 192, 272, 312
15, 127, 160, 224, 295, 319
16, 112, 153, 168, 241, 309
17, 113, 131, 211, 289, 318
18, 77, 145, 237, 284, 313
19, 65, 152, 184, 223, 273
20, 136, 159, 187, 245, 311
21, 73, 151, 169, 231, 303
22, 76, 143, 183, 228, 283
23, 75, 147, 215, 243, 263
24, 68, 157, 197, 244, 269
25, 58, 142, 222, 260, 290
27, 57, 88, 193, 227, 296
28, 89, 102, 185, 206, 265
29, 72, 92, 188, 232, 320
30, 60, 83, 236, 259, 322
31, 59, 78, 190, 251, 315
32, 56, 80, 208, 248, 298
33, 55, 91, 177, 219, 254
34, 71, 94, 175, 198, 302
35, 54, 84, 166, 233, 300
36, 90, 116, 180, 250, 316
37, 64, 129, 203, 249, 304
38, 70, 133, 217, 301, 325
39, 100, 119, 178, 255, 324
40, 67, 110, 200, 262, 323
41, 82, 132, 172, 234, 292
42, 62, 123, 195, 214, 299
43, 61, 97, 218, 278, 305
44, 63, 124, 212, 247, 288
45, 95, 125, 186, 279, 306
46, 66, 86, 242, 266, 310
47, 74, 122, 221, 253, 274
48, 81, 117, 201, 256, 285
49, 108, 130, 170, 196, 220
50, 85, 109, 191, 261, 287
51, 107, 146, 235, 282, 321
52, 104, 126, 182, 210, 280
53, 69, 101, 205, 252, 293
