FLL Scheduler GA Summary Report (ID: 1460251845216 | Hash: -8295438611046617653)

Attributes:
--------------------
rank: 0
origin: (C | KPoint(k=3))
mutations: 0
clones: 0
_hash: -8295438611046617653
Length: 318

Fitness:
--------------------------
BreakTime           : 0.623960
LocationConsistency : 0.651455
OpponentVariety     : 0.887214
-----------------------------------
Total               : 2.162629
Percentage          : 72.09%

Per-Objective Statistics (Team Distribution):
-----------------------------------------------------------------
Objective                 | Min      | Max      | Avg      | Range   
-----------------------------------------------------------------
BreakTime                 | 0.0570   | 0.7193   | 0.5789   | 0.6622  
LocationConsistency       | 0.2667   | 0.9500   | 0.7135   | 0.6833  
OpponentVariety           | 0.7527   | 1.0000   | 0.9767   | 0.2473  

Team fitnesses (sorted by total fitness descending):
----------------------------------------------------
Max     : 2.665934
Min     : 1.725472
Range   : 0.940463
Average : 2.269052

Team |BreakTime |LocationConsistency |OpponentVariety |Sum
------------------------------------------------------------
6    |0.7159    |0.9500              |1.0000          |2.6659
41   |0.6977    |0.9500              |1.0000          |2.6477
36   |0.6845    |0.9500              |1.0000          |2.6345
8    |0.6487    |0.9500              |1.0000          |2.5987
42   |0.6466    |0.9500              |1.0000          |2.5966
2    |0.6371    |0.9500              |1.0000          |2.5871
45   |0.5996    |0.9500              |1.0000          |2.5496
26   |0.5967    |0.9500              |1.0000          |2.5467
1    |0.5962    |0.9500              |1.0000          |2.5462
13   |0.5637    |0.9500              |1.0000          |2.5137
11   |0.5575    |0.9500              |1.0000          |2.5075
30   |0.5553    |0.9500              |1.0000          |2.5053
14   |0.5438    |0.9500              |1.0000          |2.4938
5    |0.5432    |0.9500              |1.0000          |2.4932
21   |0.5297    |0.9500              |1.0000          |2.4797
25   |0.4940    |0.9500              |1.0000          |2.4440
19   |0.4816    |0.9500              |1.0000          |2.4316
52   |0.7193    |0.6417              |1.0000          |2.3609
9    |0.6956    |0.6417              |1.0000          |2.3373
46   |0.6888    |0.6417              |1.0000          |2.3305
48   |0.6713    |0.6417              |1.0000          |2.3130
12   |0.6095    |0.9500              |0.7527          |2.3123
3    |0.6613    |0.6417              |1.0000          |2.3030
10   |0.5967    |0.9500              |0.7527          |2.2994
15   |0.6494    |0.6417              |1.0000          |2.2910
50   |0.6491    |0.6417              |1.0000          |2.2908
31   |0.5837    |0.9500              |0.7527          |2.2864
37   |0.6422    |0.6417              |1.0000          |2.2838
35   |0.6177    |0.6417              |1.0000          |2.2594
16   |0.5923    |0.6417              |1.0000          |2.2339
7    |0.5825    |0.6417              |1.0000          |2.2242
28   |0.5626    |0.6417              |1.0000          |2.2043
33   |0.5546    |0.6417              |1.0000          |2.1963
18   |0.5544    |0.6417              |1.0000          |2.1961
20   |0.5374    |0.6417              |1.0000          |2.1791
51   |0.6474    |0.5250              |1.0000          |2.1724
17   |0.5283    |0.6417              |1.0000          |2.1699
24   |0.5271    |0.6417              |1.0000          |2.1688
34   |0.5156    |0.6417              |1.0000          |2.1573
38   |0.6286    |0.5250              |1.0000          |2.1536
32   |0.5360    |0.5250              |1.0000          |2.0610
4    |0.5253    |0.5250              |1.0000          |2.0503
40   |0.6766    |0.3500              |1.0000          |2.0266
47   |0.0625    |0.9500              |1.0000          |2.0125
29   |0.0570    |0.9500              |1.0000          |2.0070
44   |0.6041    |0.3500              |1.0000          |1.9541
43   |0.6017    |0.3500              |1.0000          |1.9517
49   |0.6638    |0.5250              |0.7527          |1.9415
53   |0.6732    |0.2667              |1.0000          |1.9399
39   |0.6710    |0.2667              |1.0000          |1.9376
22   |0.5822    |0.2667              |1.0000          |1.8489
23   |0.4713    |0.3667              |1.0000          |1.8380
27   |0.4478    |0.5250              |0.7527          |1.7255

Team Events (sorted, for dev use, diff check with others to ensure truly different schedules created):
------------------------------------------------------------
0, 79, 150, 199, 238, 286
1, 98, 158, 202, 230, 294
2, 87, 162, 189, 207, 314
3, 120, 144, 216, 246, 270
4, 111, 156, 239, 271, 308
5, 96, 163, 176, 240, 307
6, 105, 139, 179, 225, 264
7, 93, 164, 181, 229, 268
8, 99, 165, 173, 258, 291
9, 106, 155, 171, 226, 267
10, 118, 148, 174, 204, 276
11, 128, 154, 170, 192, 312
12, 127, 160, 224, 295, 319
13, 121, 149, 213, 281, 317
14, 112, 153, 168, 241, 309
15, 138, 161, 194, 277, 297
16, 113, 134, 211, 289, 318
17, 103, 137, 167, 209, 275
18, 77, 145, 237, 273, 313
19, 65, 152, 184, 223, 257
20, 68, 157, 197, 244, 269
22, 136, 159, 187, 245, 311
23, 75, 147, 215, 243, 284
24, 76, 143, 183, 228, 283
25, 58, 142, 222, 262, 290
26, 73, 151, 169, 263, 303
27, 85, 109, 231, 261, 287
28, 57, 88, 193, 227, 296
29, 72, 92, 188, 232, 320
30, 71, 94, 175, 198, 302
31, 59, 78, 190, 251, 315
32, 56, 80, 208, 248, 298
33, 55, 91, 177, 219, 255
34, 60, 83, 236, 259, 322
35, 54, 84, 166, 233, 300
36, 90, 116, 180, 250, 316
37, 64, 129, 203, 249, 304
38, 69, 101, 205, 252, 293
39, 100, 119, 178, 254, 324
40, 67, 110, 200, 272, 323
41, 82, 132, 172, 234, 292
42, 62, 123, 195, 214, 299
43, 70, 133, 217, 301, 325
44, 95, 125, 186, 279, 306
45, 66, 86, 242, 266, 310
46, 104, 126, 182, 210, 280
47, 89, 102, 185, 206, 265
48, 81, 117, 201, 256, 285
49, 108, 135, 196, 220, 260
50, 107, 146, 235, 282, 321
51, 74, 122, 221, 253, 274
52, 63, 124, 212, 247, 288
53, 61, 97, 218, 278, 305
