FLL Scheduler GA Summary Report (ID: 1460251837152 | Hash: 60143158218100415)

Attributes:
--------------------
rank: 0
origin: (C | KPoint(k=3))
mutations: 0
clones: 0
_hash: 60143158218100415
Length: 318

Fitness:
--------------------------
BreakTime           : 0.625562
LocationConsistency : 0.647458
OpponentVariety     : 0.904746
-----------------------------------
Total               : 2.177766
Percentage          : 72.59%

Per-Objective Statistics (Team Distribution):
-----------------------------------------------------------------
Objective                 | Min      | Max      | Avg      | Range   
-----------------------------------------------------------------
BreakTime                 | 0.0625   | 0.7193   | 0.5783   | 0.6567  
LocationConsistency       | 0.2667   | 0.9500   | 0.6961   | 0.6833  
OpponentVariety           | 0.7527   | 1.0000   | 0.9953   | 0.2473  

Team fitnesses (sorted by total fitness descending):
----------------------------------------------------
Max     : 2.665934
Min     : 1.821253
Range   : 0.844681
Average : 2.269709

Team |BreakTime |LocationConsistency |OpponentVariety |Sum
------------------------------------------------------------
9    |0.7159    |0.9500              |1.0000          |2.6659
41   |0.6977    |0.9500              |1.0000          |2.6477
36   |0.6845    |0.9500              |1.0000          |2.6345
50   |0.6713    |0.9500              |1.0000          |2.6213
8    |0.6487    |0.9500              |1.0000          |2.5987
42   |0.6466    |0.9500              |1.0000          |2.5966
26   |0.6111    |0.9500              |1.0000          |2.5611
11   |0.5967    |0.9500              |1.0000          |2.5467
1    |0.5962    |0.9500              |1.0000          |2.5462
29   |0.5837    |0.9500              |1.0000          |2.5337
13   |0.5637    |0.9500              |1.0000          |2.5137
14   |0.5575    |0.9500              |1.0000          |2.5075
35   |0.5553    |0.9500              |1.0000          |2.5053
17   |0.5438    |0.9500              |1.0000          |2.4938
5    |0.5432    |0.9500              |1.0000          |2.4932
20   |0.5297    |0.9500              |1.0000          |2.4797
31   |0.4870    |0.9500              |1.0000          |2.4370
51   |0.7193    |0.6417              |1.0000          |2.3609
4    |0.6956    |0.6417              |1.0000          |2.3373
48   |0.6888    |0.6417              |1.0000          |2.3305
39   |0.6710    |0.6417              |1.0000          |2.3126
40   |0.6624    |0.6417              |1.0000          |2.3041
6    |0.6613    |0.6417              |1.0000          |2.3030
18   |0.6494    |0.6417              |1.0000          |2.2910
47   |0.6491    |0.6417              |1.0000          |2.2908
37   |0.6422    |0.6417              |1.0000          |2.2838
2    |0.6389    |0.6417              |1.0000          |2.2805
27   |0.6177    |0.6417              |1.0000          |2.2594
12   |0.5923    |0.6417              |1.0000          |2.2339
7    |0.5825    |0.6417              |1.0000          |2.2242
30   |0.5626    |0.6417              |1.0000          |2.2043
21   |0.5584    |0.6417              |1.0000          |2.2001
10   |0.5544    |0.6417              |1.0000          |2.1961
53   |0.6474    |0.5250              |1.0000          |2.1724
16   |0.5283    |0.6417              |1.0000          |2.1699
19   |0.5271    |0.6417              |1.0000          |2.1688
34   |0.5156    |0.6417              |1.0000          |2.1573
38   |0.6286    |0.5250              |1.0000          |2.1536
25   |0.4933    |0.6417              |1.0000          |2.1350
15   |0.5943    |0.5250              |1.0000          |2.1193
28   |0.5360    |0.5250              |1.0000          |2.0610
3    |0.5253    |0.5250              |1.0000          |2.0503
33   |0.5102    |0.5250              |1.0000          |2.0352
46   |0.0676    |0.9500              |1.0000          |2.0176
49   |0.6664    |0.3500              |1.0000          |2.0164
45   |0.0625    |0.9500              |1.0000          |2.0125
44   |0.6041    |0.3500              |1.0000          |1.9541
43   |0.6017    |0.3500              |1.0000          |1.9517
52   |0.6732    |0.2667              |1.0000          |1.9399
23   |0.4823    |0.6417              |0.7527          |1.8767
22   |0.5822    |0.2667              |1.0000          |1.8489
24   |0.4713    |0.3667              |1.0000          |1.8380
32   |0.5546    |0.2667              |1.0000          |1.8213

Team Events (sorted, for dev use, diff check with others to ensure truly different schedules created):
------------------------------------------------------------
0, 79, 150, 199, 238, 286
1, 98, 158, 202, 256, 294
2, 120, 144, 216, 246, 270
3, 99, 165, 173, 258, 291
4, 111, 156, 239, 271, 308
5, 87, 162, 189, 207, 314
6, 105, 139, 179, 225, 264
7, 93, 164, 181, 229, 268
8, 96, 163, 176, 240, 307
9, 103, 137, 167, 209, 275
10, 106, 155, 171, 226, 267
11, 138, 161, 194, 277, 297
12, 127, 160, 224, 295, 319
13, 118, 148, 174, 204, 276
14, 128, 154, 192, 272, 312
15, 113, 134, 211, 289, 318
16, 121, 149, 213, 281, 317
17, 112, 153, 168, 241, 309
18, 76, 143, 183, 228, 283
19, 68, 157, 197, 244, 269
21, 65, 152, 184, 223, 273
22, 136, 159, 187, 245, 311
23, 77, 145, 237, 262, 313
24, 75, 147, 215, 243, 284
25, 58, 142, 222, 260, 290
26, 73, 151, 169, 231, 303
27, 54, 84, 166, 233, 300
28, 56, 80, 208, 248, 298
29, 59, 78, 190, 251, 315
30, 57, 88, 193, 227, 296
31, 66, 86, 242, 266, 310
32, 55, 91, 177, 219, 254
33, 85, 109, 191, 261, 287
34, 60, 83, 236, 259, 322
35, 71, 94, 175, 198, 302
36, 90, 116, 180, 250, 316
37, 64, 129, 203, 249, 304
38, 69, 101, 205, 252, 293
39, 100, 119, 178, 255, 324
40, 67, 110, 200, 230, 323
41, 82, 132, 172, 234, 292
42, 62, 123, 195, 214, 299
43, 70, 133, 217, 301, 325
44, 95, 125, 186, 279, 306
45, 89, 102, 185, 206, 265
46, 72, 92, 188, 232, 320
47, 107, 146, 235, 282, 321
48, 104, 126, 182, 210, 280
49, 108, 135, 170, 196, 220
50, 81, 117, 201, 257, 285
51, 63, 124, 212, 247, 288
52, 61, 97, 218, 278, 305
53, 74, 122, 221, 253, 274
