FLL Scheduler GA Summary Report (ID: 2218726292192 | Hash: -1922108692348429163)

Attributes:
--------------------
rank: 0
origin: (C | KPoint(k=2))
mutations: 0
clones: 0
_hash: -1922108692348429163
Length: 318

Fitness:
--------------------------
BreakTime           : 0.534344
LocationConsistency : 0.608661
OpponentVariety     : 0.879567
-----------------------------------
Total               : 2.022572
Percentage          : 67.42%

Per-Objective Statistics (Team Distribution):
-----------------------------------------------------------------
Objective                 | Min      | Max      | Avg      | Range   
-----------------------------------------------------------------
BreakTime                 | 0.0000   | 0.6722   | 0.5725   | 0.6722  
LocationConsistency       | 0.1000   | 0.3667   | 0.3330   | 0.2667  
OpponentVariety           | 0.7527   | 1.0000   | 0.9953   | 0.2473  

Team fitnesses (sorted by total fitness descending):
----------------------------------------------------
Max     : 2.022195
Min     : 1.019384
Range   : 1.002811
Average : 1.900834

Team |BreakTime |LocationConsistency |OpponentVariety |Sum
------------------------------------------------------------
39   |0.6722    |0.3500              |1.0000          |2.0222
41   |0.6505    |0.3500              |1.0000          |2.0005
37   |0.6299    |0.3667              |1.0000          |1.9966
40   |0.6221    |0.3667              |1.0000          |1.9887
42   |0.6201    |0.3667              |1.0000          |1.9868
52   |0.6342    |0.3500              |1.0000          |1.9842
18   |0.6338    |0.3500              |1.0000          |1.9838
49   |0.6330    |0.3500              |1.0000          |1.9830
36   |0.6326    |0.3500              |1.0000          |1.9826
46   |0.6310    |0.3500              |1.0000          |1.9810
6    |0.6100    |0.3667              |1.0000          |1.9766
48   |0.6208    |0.3500              |1.0000          |1.9708
3    |0.6198    |0.3500              |1.0000          |1.9698
7    |0.6028    |0.3667              |1.0000          |1.9694
47   |0.6190    |0.3500              |1.0000          |1.9690
35   |0.5927    |0.3667              |1.0000          |1.9593
11   |0.6079    |0.3500              |1.0000          |1.9579
25   |0.6053    |0.3500              |1.0000          |1.9553
21   |0.6051    |0.3500              |1.0000          |1.9551
34   |0.6037    |0.3500              |1.0000          |1.9537
1    |0.6024    |0.3500              |1.0000          |1.9524
28   |0.5851    |0.3667              |1.0000          |1.9518
31   |0.5933    |0.3500              |1.0000          |1.9433
44   |0.5923    |0.3500              |1.0000          |1.9423
38   |0.5731    |0.3667              |1.0000          |1.9398
10   |0.5712    |0.3667              |1.0000          |1.9379
45   |0.5875    |0.3500              |1.0000          |1.9375
50   |0.5859    |0.3500              |1.0000          |1.9359
22   |0.5855    |0.3500              |1.0000          |1.9355
5    |0.5847    |0.3500              |1.0000          |1.9347
15   |0.5757    |0.3500              |1.0000          |1.9257
16   |0.5755    |0.3500              |1.0000          |1.9255
29   |0.5729    |0.3500              |1.0000          |1.9229
12   |0.5697    |0.3500              |1.0000          |1.9197
23   |0.5683    |0.3500              |1.0000          |1.9183
24   |0.5502    |0.3667              |1.0000          |1.9169
26   |0.5629    |0.3500              |1.0000          |1.9129
13   |0.5584    |0.3500              |1.0000          |1.9084
19   |0.5519    |0.3500              |1.0000          |1.9019
20   |0.5410    |0.3500              |1.0000          |1.8910
17   |0.6093    |0.2667              |1.0000          |1.8760
4    |0.6078    |0.2667              |1.0000          |1.8745
33   |0.5215    |0.3500              |1.0000          |1.8715
8    |0.6012    |0.2667              |1.0000          |1.8679
14   |0.5967    |0.2667              |1.0000          |1.8634
2    |0.5733    |0.2667              |1.0000          |1.8400
9    |0.5721    |0.2667              |1.0000          |1.8387
32   |0.5565    |0.2667              |1.0000          |1.8231
27   |0.5523    |0.2667              |1.0000          |1.8190
30   |0.5136    |0.2667              |1.0000          |1.7802
43   |0.6413    |0.1000              |1.0000          |1.7413
51   |0.0620    |0.3667              |1.0000          |1.4287
53   |0.0000    |0.2667              |0.7527          |1.0194

Team Events (sorted, for dev use, diff check with others to ensure truly different schedules created):
------------------------------------------------------------
0, 117, 158, 195, 237, 259
1, 101, 146, 190, 215, 266
2, 82, 157, 177, 225, 269
3, 96, 134, 194, 248, 317
4, 107, 126, 180, 235, 292
5, 81, 153, 191, 222, 289
6, 90, 162, 184, 228, 250
7, 98, 135, 176, 199, 291
8, 115, 138, 205, 244, 306
9, 102, 142, 196, 270, 312
10, 128, 163, 201, 243, 315
11, 125, 144, 204, 264, 320
12, 111, 154, 200, 231, 288
13, 119, 156, 181, 212, 282
14, 121, 149, 169, 258, 281
15, 116, 160, 216, 240, 321
16, 105, 159, 173, 238, 265
17, 122, 151, 168, 208, 303
18, 70, 161, 206, 290, 314
19, 58, 137, 189, 226, 293
20, 141, 164, 175, 260, 324
21, 66, 143, 179, 242, 307
22, 65, 150, 174, 220, 268
23, 76, 140, 170, 236, 296
24, 68, 155, 185, 275, 323
26, 61, 152, 221, 278, 325
27, 72, 94, 182, 217, 308
28, 64, 88, 167, 233, 280
29, 69, 91, 171, 211, 271
30, 67, 95, 224, 267, 310
31, 74, 100, 172, 230, 302
32, 60, 103, 192, 229, 295
33, 63, 97, 207, 239, 301
34, 62, 109, 166, 249, 305
35, 57, 89, 193, 253, 322
36, 55, 120, 183, 214, 255
37, 73, 129, 209, 284, 318
38, 86, 118, 218, 254, 309
39, 56, 110, 186, 210, 286
40, 84, 108, 187, 232, 276
41, 85, 124, 188, 219, 299
42, 80, 136, 197, 256, 300
43, 71, 127, 178, 202, 274
44, 92, 139, 203, 241, 297
45, 83, 106, 251, 283, 311
46, 77, 114, 234, 273, 298
47, 75, 148, 252, 272, 316
48, 87, 145, 246, 287, 319
49, 79, 165, 223, 247, 304
50, 59, 93, 257, 285, 313
51, 123, 147, 213, 227, 294
52, 78, 104, 198, 245, 277
53, 54, 99, 261, 262, 279
