FLL Scheduler GA Summary Report (ID: 2876440890496 | Hash: -7267171658320581467)

Attributes:
--------------------
rank: 0
origin: (C | Uniform)
mutations: 0
clones: 0
_hash: -7267171658320581467
Length: 318

Fitness:
--------------------------
BreakTime           : 0.809567294653012
LocationConsistency : 0.4809339263065149
OpponentVariety     : 0.30715331588512473
-----------------------------------
Total               : 1.5976545368446518
Percentage          : 53.26%

Per-Objective Statistics (Team Distribution):
-----------------------------------------------------------------
Objective                 | Min      | Max      | Avg      | Range   
-----------------------------------------------------------------
BreakTime                 | 0.504463 | 0.591319 | 0.551251 | 0.086856
LocationConsistency       | 0.266667 | 0.366667 | 0.340881 | 0.100000
OpponentVariety           | 0.752717 | 1.000000 | 0.995334 | 0.247283

Team fitnesses (sorted by total fitness descending):
----------------------------------------------------
Max     : 1.953983
Min     : 1.615299
Range   : 0.338683
Average : 1.887465

Team |BreakTime |LocationConsistency |OpponentVariety |Sum
------------------------------------------------------------
68279|0.587316  |0.366667            |1.000000        |1.9540
66339|0.580002  |0.366667            |1.000000        |1.9467
65302|0.578194  |0.366667            |1.000000        |1.9449
51930|0.590946  |0.350000            |1.000000        |1.9409
71211|0.590186  |0.350000            |1.000000        |1.9402
67555|0.589884  |0.350000            |1.000000        |1.9399
31854|0.568727  |0.366667            |1.000000        |1.9354
3703 |0.562011  |0.366667            |1.000000        |1.9287
74584|0.578539  |0.350000            |1.000000        |1.9285
18686|0.577928  |0.350000            |1.000000        |1.9279
73685|0.577162  |0.350000            |1.000000        |1.9272
66737|0.575169  |0.350000            |1.000000        |1.9252
67231|0.556614  |0.366667            |1.000000        |1.9233
72160|0.573151  |0.350000            |1.000000        |1.9232
73598|0.573105  |0.350000            |1.000000        |1.9231
65253|0.552618  |0.366667            |1.000000        |1.9193
58709|0.564398  |0.350000            |1.000000        |1.9144
56419|0.564183  |0.350000            |1.000000        |1.9142
61798|0.562898  |0.350000            |1.000000        |1.9129
63372|0.545579  |0.366667            |1.000000        |1.9122
74586|0.562144  |0.350000            |1.000000        |1.9121
53457|0.556399  |0.350000            |1.000000        |1.9064
64424|0.553171  |0.350000            |1.000000        |1.9032
65867|0.552305  |0.350000            |1.000000        |1.9023
70462|0.534364  |0.366667            |1.000000        |1.9010
40146|0.532598  |0.366667            |1.000000        |1.8993
74057|0.546256  |0.350000            |1.000000        |1.8963
57674|0.545906  |0.350000            |1.000000        |1.8959
13864|0.538681  |0.350000            |1.000000        |1.8887
54584|0.538352  |0.350000            |1.000000        |1.8884
26789|0.537696  |0.350000            |1.000000        |1.8877
55394|0.536761  |0.350000            |1.000000        |1.8868
64425|0.534184  |0.350000            |1.000000        |1.8842
59826|0.529841  |0.350000            |1.000000        |1.8798
58408|0.513048  |0.366667            |1.000000        |1.8797
55396|0.526915  |0.350000            |1.000000        |1.8769
58575|0.524808  |0.350000            |1.000000        |1.8748
61859|0.523336  |0.350000            |1.000000        |1.8733
31855|0.523040  |0.350000            |1.000000        |1.8730
54665|0.521665  |0.350000            |1.000000        |1.8717
49129|0.520670  |0.350000            |1.000000        |1.8707
60950|0.514615  |0.350000            |1.000000        |1.8646
59828|0.508869  |0.350000            |1.000000        |1.8589
74585|0.591319  |0.266667            |1.000000        |1.8580
59320|0.504463  |0.350000            |1.000000        |1.8545
71263|0.578227  |0.266667            |1.000000        |1.8449
53313|0.568109  |0.266667            |1.000000        |1.8348
13867|0.566739  |0.266667            |1.000000        |1.8334
31853|0.560575  |0.266667            |1.000000        |1.8272
67239|0.560481  |0.266667            |1.000000        |1.8271
4893 |0.534536  |0.266667            |1.000000        |1.8012
63371|0.515011  |0.266667            |1.000000        |1.7817
61147|0.512582  |0.350000            |0.752717        |1.6153

Team Events (sorted, for dev use, diff check with others to ensure truly different schedules created):
------------------------------------------------------------
0, 90, 162, 184, 228, 250
1, 101, 146, 190, 215, 266
2, 107, 138, 205, 245, 306
3, 96, 134, 194, 248, 317
4, 82, 157, 177, 225, 269
5, 85, 132, 188, 219, 299
6, 98, 135, 176, 199, 291
7, 81, 153, 191, 222, 289
8, 71, 130, 179, 202, 274
9, 102, 142, 196, 270, 312
10, 111, 154, 200, 231, 288
11, 124, 151, 168, 208, 303
12, 105, 159, 173, 238, 265
13, 119, 156, 180, 212, 282
14, 122, 160, 216, 240, 321
15, 123, 158, 195, 237, 259
16, 121, 149, 169, 258, 281
17, 133, 144, 204, 264, 320
18, 141, 164, 175, 260, 324
19, 66, 143, 178, 242, 307
20, 76, 140, 170, 236, 296
21, 61, 152, 221, 278, 325
22, 68, 155, 185, 275, 323
23, 58, 137, 189, 226, 293
24, 65, 150, 174, 220, 268
25, 128, 163, 201, 243, 315
26, 70, 161, 206, 290, 314
27, 56, 110, 186, 210, 286
28, 62, 109, 166, 249, 305
29, 60, 103, 192, 239, 295
30, 72, 94, 182, 217, 308
31, 64, 88, 167, 233, 280
32, 74, 100, 172, 230, 302
34, 69, 91, 171, 211, 271
35, 57, 89, 193, 253, 322
36, 80, 136, 197, 256, 300
37, 92, 139, 203, 241, 297
38, 84, 108, 187, 232, 276
39, 63, 97, 207, 263, 301
40, 115, 131, 181, 235, 292
41, 67, 95, 224, 267, 310
42, 55, 120, 183, 214, 255
43, 73, 129, 209, 284, 318
44, 86, 118, 218, 254, 309
45, 79, 165, 223, 247, 304
46, 54, 99, 227, 261, 279
47, 77, 106, 234, 273, 298
48, 87, 145, 246, 262, 319
49, 75, 148, 252, 272, 316
50, 59, 93, 257, 285, 313
51, 125, 147, 213, 229, 294
52, 78, 104, 198, 244, 277
53, 83, 114, 251, 283, 311
