FLL Scheduler GA Summary Report (ID: 2876440894416 | Hash: 6645087802089797446)

Attributes:
--------------------
rank: 0
origin: (C | KPoint(k=3))
mutations: 1
clones: 0
_hash: 6645087802089797446
Length: 318

Fitness:
--------------------------
BreakTime           : 0.809567294653012
LocationConsistency : 0.4809339263065149
OpponentVariety     : 0.30715331588512473
-----------------------------------
Total               : 1.5976545368446518
Percentage          : 53.26%

Per-Objective Statistics (Team Distribution):
-----------------------------------------------------------------
Objective                 | Min      | Max      | Avg      | Range   
-----------------------------------------------------------------
BreakTime                 | 0.504463 | 0.591319 | 0.551251 | 0.086856
LocationConsistency       | 0.266667 | 0.366667 | 0.340881 | 0.100000
OpponentVariety           | 0.752717 | 1.000000 | 0.995334 | 0.247283

Team fitnesses (sorted by total fitness descending):
----------------------------------------------------
Max     : 1.953983
Min     : 1.615299
Range   : 0.338683
Average : 1.887465

Team |BreakTime |LocationConsistency |OpponentVariety |Sum
------------------------------------------------------------
68279|0.587316  |0.366667            |1.000000        |1.9540
65302|0.580002  |0.366667            |1.000000        |1.9467
66737|0.578194  |0.366667            |1.000000        |1.9449
73685|0.591319  |0.350000            |1.000000        |1.9413
54665|0.590946  |0.350000            |1.000000        |1.9409
71263|0.590186  |0.350000            |1.000000        |1.9402
67555|0.589884  |0.350000            |1.000000        |1.9399
31853|0.568727  |0.366667            |1.000000        |1.9354
3703 |0.562011  |0.366667            |1.000000        |1.9287
72160|0.578539  |0.350000            |1.000000        |1.9285
18686|0.577928  |0.350000            |1.000000        |1.9279
74057|0.577162  |0.350000            |1.000000        |1.9272
66339|0.575169  |0.350000            |1.000000        |1.9252
67239|0.556614  |0.366667            |1.000000        |1.9233
74586|0.573151  |0.350000            |1.000000        |1.9232
74585|0.573105  |0.350000            |1.000000        |1.9231
61798|0.552618  |0.366667            |1.000000        |1.9193
59320|0.564398  |0.350000            |1.000000        |1.9144
56419|0.564183  |0.350000            |1.000000        |1.9142
61147|0.562898  |0.350000            |1.000000        |1.9129
63371|0.545579  |0.366667            |1.000000        |1.9122
73598|0.562144  |0.350000            |1.000000        |1.9121
53457|0.556399  |0.350000            |1.000000        |1.9064
63372|0.553171  |0.350000            |1.000000        |1.9032
70462|0.552305  |0.350000            |1.000000        |1.9023
65867|0.534364  |0.366667            |1.000000        |1.9010
49129|0.532598  |0.366667            |1.000000        |1.8993
71211|0.546256  |0.350000            |1.000000        |1.8963
57674|0.545906  |0.350000            |1.000000        |1.8959
53313|0.538352  |0.350000            |1.000000        |1.8884
31855|0.537696  |0.350000            |1.000000        |1.8877
55394|0.536761  |0.350000            |1.000000        |1.8868
64425|0.534184  |0.350000            |1.000000        |1.8842
58709|0.529841  |0.350000            |1.000000        |1.8798
58408|0.513048  |0.366667            |1.000000        |1.8797
40146|0.526915  |0.350000            |1.000000        |1.8769
58575|0.524808  |0.350000            |1.000000        |1.8748
64424|0.523336  |0.350000            |1.000000        |1.8733
31854|0.523040  |0.350000            |1.000000        |1.8730
51930|0.521665  |0.350000            |1.000000        |1.8717
55396|0.520670  |0.350000            |1.000000        |1.8707
60950|0.514615  |0.350000            |1.000000        |1.8646
59828|0.508869  |0.350000            |1.000000        |1.8589
59826|0.504463  |0.350000            |1.000000        |1.8545
74584|0.578227  |0.266667            |1.000000        |1.8449
54584|0.568109  |0.266667            |1.000000        |1.8348
13864|0.566739  |0.266667            |1.000000        |1.8334
13867|0.560575  |0.266667            |1.000000        |1.8272
67231|0.560481  |0.266667            |1.000000        |1.8271
26789|0.538681  |0.266667            |1.000000        |1.8053
4893 |0.534536  |0.266667            |1.000000        |1.8012
61859|0.515011  |0.266667            |1.000000        |1.7817
65253|0.512582  |0.350000            |0.752717        |1.6153

Team Events (sorted, for dev use, diff check with others to ensure truly different schedules created):
------------------------------------------------------------
0, 90, 162, 184, 228, 250
1, 101, 146, 190, 215, 266
2, 96, 134, 194, 248, 317
3, 98, 135, 176, 199, 291
4, 82, 157, 177, 225, 269
5, 107, 138, 205, 244, 306
6, 81, 153, 191, 222, 289
7, 71, 130, 179, 202, 274
8, 85, 132, 188, 219, 299
9, 133, 144, 204, 264, 320
10, 102, 142, 196, 270, 312
11, 123, 158, 195, 237, 259
12, 122, 161, 216, 240, 321
13, 119, 156, 180, 212, 282
14, 105, 159, 173, 238, 265
15, 124, 151, 168, 208, 303
16, 121, 149, 169, 258, 281
17, 111, 154, 200, 231, 288
18, 141, 164, 175, 260, 324
19, 66, 143, 178, 242, 307
20, 76, 140, 170, 236, 296
21, 61, 152, 221, 278, 325
22, 65, 150, 174, 220, 268
23, 68, 155, 185, 275, 323
24, 58, 137, 189, 226, 293
25, 128, 163, 201, 243, 315
26, 70, 160, 206, 290, 314
27, 62, 109, 166, 249, 305
28, 57, 89, 193, 253, 322
30, 72, 94, 182, 217, 308
31, 64, 88, 167, 233, 280
32, 74, 100, 172, 230, 302
33, 60, 103, 192, 239, 295
34, 69, 91, 171, 211, 271
35, 56, 110, 186, 210, 286
36, 84, 108, 187, 232, 276
37, 86, 118, 218, 254, 309
38, 63, 97, 207, 263, 301
39, 80, 136, 197, 256, 300
40, 67, 95, 224, 267, 310
41, 115, 131, 181, 235, 292
42, 55, 120, 183, 214, 255
43, 73, 129, 209, 284, 318
44, 92, 139, 203, 241, 297
45, 59, 93, 257, 285, 313
46, 79, 165, 223, 247, 304
47, 125, 147, 213, 229, 294
48, 83, 114, 251, 283, 311
49, 78, 104, 198, 245, 277
50, 75, 148, 252, 272, 316
51, 54, 99, 227, 261, 279
52, 87, 145, 246, 262, 319
53, 77, 106, 234, 273, 298
