FLL Scheduler GA Summary Report (ID: 2876440893968 | Hash: 4812716742715351838)

Attributes:
--------------------
rank: 0
origin: (C | TimeSlotCrossover)
mutations: 0
clones: 0
_hash: 4812716742715351838
Length: 318

Fitness:
--------------------------
BreakTime           : 0.809567294653012
LocationConsistency : 0.4809339263065149
OpponentVariety     : 0.30715331588512473
-----------------------------------
Total               : 1.5976545368446518
Percentage          : 53.26%

Per-Objective Statistics (Team Distribution):
-----------------------------------------------------------------
Objective                 | Min      | Max      | Avg      | Range   
-----------------------------------------------------------------
BreakTime                 | 0.504463 | 0.591319 | 0.551251 | 0.086856
LocationConsistency       | 0.266667 | 0.366667 | 0.340881 | 0.100000
OpponentVariety           | 0.752717 | 1.000000 | 0.995334 | 0.247283

Team fitnesses (sorted by total fitness descending):
----------------------------------------------------
Max     : 1.953983
Min     : 1.615299
Range   : 0.338683
Average : 1.887465

Team |BreakTime |LocationConsistency |OpponentVariety |Sum
------------------------------------------------------------
70462|0.587316  |0.366667            |1.000000        |1.9540
67555|0.580002  |0.366667            |1.000000        |1.9467
65867|0.578194  |0.366667            |1.000000        |1.9449
71263|0.591319  |0.350000            |1.000000        |1.9413
53457|0.590946  |0.350000            |1.000000        |1.9409
74584|0.590186  |0.350000            |1.000000        |1.9402
68279|0.589884  |0.350000            |1.000000        |1.9399
13867|0.568727  |0.366667            |1.000000        |1.9354
4893 |0.562011  |0.366667            |1.000000        |1.9287
74586|0.578539  |0.350000            |1.000000        |1.9285
18686|0.577928  |0.350000            |1.000000        |1.9279
74585|0.577162  |0.350000            |1.000000        |1.9272
67239|0.575169  |0.350000            |1.000000        |1.9252
65302|0.556614  |0.366667            |1.000000        |1.9233
73598|0.573151  |0.350000            |1.000000        |1.9232
74057|0.573105  |0.350000            |1.000000        |1.9231
63371|0.552618  |0.366667            |1.000000        |1.9193
60950|0.564398  |0.350000            |1.000000        |1.9144
59828|0.564183  |0.350000            |1.000000        |1.9142
65253|0.562898  |0.350000            |1.000000        |1.9129
64425|0.545579  |0.366667            |1.000000        |1.9122
71211|0.562144  |0.350000            |1.000000        |1.9121
55394|0.556399  |0.350000            |1.000000        |1.9064
61798|0.553171  |0.350000            |1.000000        |1.9032
66339|0.552305  |0.350000            |1.000000        |1.9023
67231|0.534364  |0.366667            |1.000000        |1.9010
51930|0.532598  |0.366667            |1.000000        |1.8993
73685|0.546256  |0.350000            |1.000000        |1.8963
59826|0.545906  |0.350000            |1.000000        |1.8959
54584|0.538352  |0.350000            |1.000000        |1.8884
31854|0.537696  |0.350000            |1.000000        |1.8877
40146|0.536761  |0.350000            |1.000000        |1.8868
61147|0.534184  |0.350000            |1.000000        |1.8842
58575|0.529841  |0.350000            |1.000000        |1.8798
57674|0.513048  |0.366667            |1.000000        |1.8797
55396|0.526915  |0.350000            |1.000000        |1.8769
58709|0.524808  |0.350000            |1.000000        |1.8748
64424|0.523336  |0.350000            |1.000000        |1.8733
3703 |0.523040  |0.350000            |1.000000        |1.8730
54665|0.521665  |0.350000            |1.000000        |1.8717
49129|0.520670  |0.350000            |1.000000        |1.8707
58408|0.514615  |0.350000            |1.000000        |1.8646
56419|0.508869  |0.350000            |1.000000        |1.8589
59320|0.504463  |0.350000            |1.000000        |1.8545
72160|0.578227  |0.266667            |1.000000        |1.8449
53313|0.568109  |0.266667            |1.000000        |1.8348
26789|0.566739  |0.266667            |1.000000        |1.8334
13864|0.560575  |0.266667            |1.000000        |1.8272
66737|0.560481  |0.266667            |1.000000        |1.8271
31853|0.538681  |0.266667            |1.000000        |1.8053
31855|0.534536  |0.266667            |1.000000        |1.8012
61859|0.515011  |0.266667            |1.000000        |1.7817
63372|0.512582  |0.350000            |0.752717        |1.6153

Team Events (sorted, for dev use, diff check with others to ensure truly different schedules created):
------------------------------------------------------------
0, 71, 130, 179, 202, 274
1, 90, 162, 184, 228, 250
2, 98, 135, 176, 199, 291
3, 81, 153, 191, 222, 289
4, 82, 157, 177, 225, 269
5, 96, 134, 194, 248, 317
6, 107, 138, 205, 244, 306
7, 85, 132, 188, 219, 299
8, 101, 146, 190, 215, 266
9, 121, 149, 169, 258, 281
10, 111, 154, 200, 231, 288
11, 102, 142, 196, 270, 312
12, 105, 159, 173, 238, 265
13, 124, 151, 168, 208, 303
14, 122, 160, 216, 240, 321
15, 123, 158, 195, 237, 259
16, 119, 156, 180, 212, 282
17, 133, 144, 204, 264, 320
18, 128, 163, 201, 243, 315
19, 76, 140, 170, 236, 296
20, 70, 161, 206, 290, 314
21, 65, 150, 174, 220, 268
22, 61, 152, 221, 278, 325
23, 58, 137, 189, 226, 293
24, 66, 143, 178, 242, 307
25, 141, 164, 175, 260, 324
26, 68, 155, 185, 275, 323
27, 69, 91, 171, 211, 271
28, 74, 100, 172, 230, 302
30, 72, 94, 182, 217, 308
31, 57, 89, 193, 253, 322
32, 56, 110, 186, 210, 286
33, 60, 103, 192, 239, 295
34, 64, 88, 167, 233, 280
35, 62, 109, 166, 249, 305
36, 115, 131, 181, 235, 292
37, 80, 136, 197, 256, 300
38, 92, 139, 203, 241, 297
39, 67, 95, 224, 267, 310
40, 86, 118, 218, 254, 309
41, 63, 97, 207, 263, 301
42, 84, 108, 187, 232, 276
43, 55, 120, 183, 214, 255
44, 73, 129, 209, 284, 318
45, 83, 114, 251, 283, 311
46, 78, 104, 198, 245, 277
47, 54, 99, 227, 261, 279
48, 77, 106, 234, 273, 298
49, 59, 93, 257, 285, 313
50, 87, 145, 246, 262, 319
51, 79, 165, 223, 247, 304
52, 75, 148, 252, 272, 316
53, 125, 147, 213, 229, 294
