FLL Scheduler GA Summary Report (ID: 2876440892064 | Hash: -4111604511572403436)

Attributes:
--------------------
rank: 0
origin: (C | LocationCrossover)
mutations: 1
clones: 1
_hash: -4111604511572403436
Length: 318

Fitness:
--------------------------
BreakTime           : 0.8096147650718646
LocationConsistency : 0.47967298628673405
OpponentVariety     : 0.30715331588512473
-----------------------------------
Total               : 1.5964410672437235
Percentage          : 53.21%

Per-Objective Statistics (Team Distribution):
-----------------------------------------------------------------
Objective                 | Min      | Max      | Avg      | Range   
-----------------------------------------------------------------
BreakTime                 | 0.504463 | 0.591319 | 0.550752 | 0.086856
LocationConsistency       | 0.266667 | 0.366667 | 0.339308 | 0.100000
OpponentVariety           | 0.752717 | 1.000000 | 0.995334 | 0.247283

Team fitnesses (sorted by total fitness descending):
----------------------------------------------------
Max     : 1.953983
Min     : 1.632523
Range   : 0.321459
Average : 1.885394

Team |BreakTime |LocationConsistency |OpponentVariety |Sum
------------------------------------------------------------
66339|0.587316  |0.366667            |1.000000        |1.9540
67555|0.580002  |0.366667            |1.000000        |1.9467
68279|0.578194  |0.366667            |1.000000        |1.9449
74585|0.591319  |0.350000            |1.000000        |1.9413
51930|0.590946  |0.350000            |1.000000        |1.9409
73598|0.590186  |0.350000            |1.000000        |1.9402
66737|0.589884  |0.350000            |1.000000        |1.9399
26789|0.568727  |0.366667            |1.000000        |1.9354
13867|0.562011  |0.366667            |1.000000        |1.9287
73685|0.578539  |0.350000            |1.000000        |1.9285
18686|0.577928  |0.350000            |1.000000        |1.9279
72160|0.577162  |0.350000            |1.000000        |1.9272
65302|0.556614  |0.366667            |1.000000        |1.9233
74586|0.573151  |0.350000            |1.000000        |1.9232
64424|0.552618  |0.366667            |1.000000        |1.9193
58575|0.564398  |0.350000            |1.000000        |1.9144
58408|0.564183  |0.350000            |1.000000        |1.9142
63372|0.562898  |0.350000            |1.000000        |1.9129
63371|0.545579  |0.366667            |1.000000        |1.9122
71211|0.562144  |0.350000            |1.000000        |1.9121
53457|0.556399  |0.350000            |1.000000        |1.9064
64425|0.553171  |0.350000            |1.000000        |1.9032
70462|0.552305  |0.350000            |1.000000        |1.9023
67231|0.534364  |0.366667            |1.000000        |1.9010
40146|0.532598  |0.366667            |1.000000        |1.8993
71263|0.546256  |0.350000            |1.000000        |1.8963
58709|0.545906  |0.350000            |1.000000        |1.8959
54665|0.538352  |0.350000            |1.000000        |1.8884
31854|0.537696  |0.350000            |1.000000        |1.8877
49129|0.536761  |0.350000            |1.000000        |1.8868
61147|0.534184  |0.350000            |1.000000        |1.8842
56419|0.529841  |0.350000            |1.000000        |1.8798
57674|0.513048  |0.366667            |1.000000        |1.8797
65253|0.529448  |0.350000            |1.000000        |1.8794
53313|0.526915  |0.350000            |1.000000        |1.8769
60950|0.524808  |0.350000            |1.000000        |1.8748
61859|0.523336  |0.350000            |1.000000        |1.8733
31855|0.523040  |0.350000            |1.000000        |1.8730
55396|0.521665  |0.350000            |1.000000        |1.8717
55394|0.520670  |0.350000            |1.000000        |1.8707
59320|0.514615  |0.350000            |1.000000        |1.8646
59826|0.508869  |0.350000            |1.000000        |1.8589
59828|0.504463  |0.350000            |1.000000        |1.8545
74584|0.578227  |0.266667            |1.000000        |1.8449
65867|0.575169  |0.266667            |1.000000        |1.8418
54584|0.568109  |0.266667            |1.000000        |1.8348
4893 |0.566739  |0.266667            |1.000000        |1.8334
31853|0.560575  |0.266667            |1.000000        |1.8272
67239|0.560481  |0.266667            |1.000000        |1.8271
13864|0.538681  |0.266667            |1.000000        |1.8053
3703 |0.534536  |0.266667            |1.000000        |1.8012
61798|0.515011  |0.266667            |1.000000        |1.7817
74057|0.529806  |0.350000            |0.752717        |1.6325

Team Events (sorted, for dev use, diff check with others to ensure truly different schedules created):
------------------------------------------------------------
0, 101, 146, 190, 215, 266
1, 96, 134, 194, 248, 317
2, 107, 138, 205, 244, 306
3, 90, 162, 184, 228, 250
4, 82, 157, 177, 225, 269
5, 81, 153, 191, 222, 289
6, 98, 135, 176, 199, 291
7, 85, 132, 188, 219, 299
8, 71, 130, 179, 202, 274
9, 102, 142, 196, 270, 312
10, 121, 149, 169, 258, 281
11, 124, 151, 168, 208, 303
12, 133, 144, 204, 264, 320
13, 119, 156, 180, 212, 282
14, 105, 159, 173, 238, 265
15, 122, 160, 216, 240, 321
16, 111, 154, 200, 231, 288
17, 123, 158, 195, 237, 259
18, 65, 150, 174, 220, 268
19, 76, 140, 170, 236, 296
20, 141, 164, 175, 260, 324
21, 68, 155, 185, 275, 323
22, 66, 143, 178, 242, 307
23, 70, 161, 206, 290, 314
24, 128, 163, 201, 243, 315
25, 58, 137, 189, 226, 293
26, 61, 152, 221, 278, 325
27, 69, 91, 171, 211, 271
28, 72, 94, 182, 217, 308
29, 60, 103, 192, 239, 295
30, 64, 88, 167, 233, 280
31, 62, 109, 166, 249, 305
32, 57, 89, 193, 253, 322
33, 74, 100, 172, 230, 302
35, 56, 110, 186, 210, 318
36, 115, 131, 181, 235, 292
37, 63, 97, 207, 262, 301
38, 73, 129, 209, 284, 319
39, 55, 120, 183, 214, 255
40, 86, 118, 218, 254, 309
41, 67, 95, 224, 267, 310
42, 84, 108, 187, 232, 276
43, 80, 136, 197, 256, 300
44, 92, 139, 203, 241, 297
45, 83, 114, 251, 283, 311
46, 59, 93, 257, 285, 313
47, 75, 148, 252, 272, 316
48, 79, 165, 223, 247, 304
49, 125, 147, 213, 229, 294
50, 87, 145, 246, 263, 286
51, 54, 99, 227, 261, 279
52, 78, 104, 198, 245, 277
53, 77, 106, 234, 273, 298
