FLL Scheduler GA Summary Report (ID: 2876440893184 | Hash: -8600880276494858031)

Attributes:
--------------------
rank: 0
origin: (C | KPoint(k=3))
mutations: 0
clones: 0
_hash: -8600880276494858031
Length: 318

Fitness:
--------------------------
BreakTime           : 0.809567294653012
LocationConsistency : 0.4809339263065149
OpponentVariety     : 0.30715331588512473
-----------------------------------
Total               : 1.5976545368446518
Percentage          : 53.26%

Per-Objective Statistics (Team Distribution):
-----------------------------------------------------------------
Objective                 | Min      | Max      | Avg      | Range   
-----------------------------------------------------------------
BreakTime                 | 0.504463 | 0.591319 | 0.551251 | 0.086856
LocationConsistency       | 0.266667 | 0.366667 | 0.340881 | 0.100000
OpponentVariety           | 0.752717 | 1.000000 | 0.995334 | 0.247283

Team fitnesses (sorted by total fitness descending):
----------------------------------------------------
Max     : 1.953983
Min     : 1.615299
Range   : 0.338683
Average : 1.887465

Team |BreakTime |LocationConsistency |OpponentVariety |Sum
------------------------------------------------------------
67239|0.587316  |0.366667            |1.000000        |1.9540
67555|0.580002  |0.366667            |1.000000        |1.9467
66737|0.578194  |0.366667            |1.000000        |1.9449
72160|0.591319  |0.350000            |1.000000        |1.9413
51930|0.590946  |0.350000            |1.000000        |1.9409
71211|0.590186  |0.350000            |1.000000        |1.9402
70462|0.589884  |0.350000            |1.000000        |1.9399
13864|0.568727  |0.366667            |1.000000        |1.9354
13867|0.562011  |0.366667            |1.000000        |1.9287
74057|0.578539  |0.350000            |1.000000        |1.9285
31853|0.577928  |0.350000            |1.000000        |1.9279
73598|0.577162  |0.350000            |1.000000        |1.9272
67231|0.575169  |0.350000            |1.000000        |1.9252
65867|0.556614  |0.366667            |1.000000        |1.9233
74586|0.573151  |0.350000            |1.000000        |1.9232
73685|0.573105  |0.350000            |1.000000        |1.9231
61147|0.552618  |0.366667            |1.000000        |1.9193
60950|0.564398  |0.350000            |1.000000        |1.9144
59828|0.564183  |0.350000            |1.000000        |1.9142
61859|0.562898  |0.350000            |1.000000        |1.9129
64424|0.545579  |0.366667            |1.000000        |1.9122
74584|0.562144  |0.350000            |1.000000        |1.9121
53457|0.556399  |0.350000            |1.000000        |1.9064
64425|0.553171  |0.350000            |1.000000        |1.9032
65302|0.552305  |0.350000            |1.000000        |1.9023
68279|0.534364  |0.366667            |1.000000        |1.9010
40146|0.532598  |0.366667            |1.000000        |1.8993
74585|0.546256  |0.350000            |1.000000        |1.8963
56419|0.545906  |0.350000            |1.000000        |1.8959
54665|0.538352  |0.350000            |1.000000        |1.8884
18686|0.537696  |0.350000            |1.000000        |1.8877
49129|0.536761  |0.350000            |1.000000        |1.8868
61798|0.534184  |0.350000            |1.000000        |1.8842
58709|0.529841  |0.350000            |1.000000        |1.8798
57674|0.513048  |0.366667            |1.000000        |1.8797
53313|0.526915  |0.350000            |1.000000        |1.8769
59826|0.524808  |0.350000            |1.000000        |1.8748
63371|0.523336  |0.350000            |1.000000        |1.8733
26789|0.523040  |0.350000            |1.000000        |1.8730
55396|0.521665  |0.350000            |1.000000        |1.8717
55394|0.520670  |0.350000            |1.000000        |1.8707
58408|0.514615  |0.350000            |1.000000        |1.8646
59320|0.508869  |0.350000            |1.000000        |1.8589
58575|0.504463  |0.350000            |1.000000        |1.8545
71263|0.578227  |0.266667            |1.000000        |1.8449
54584|0.568109  |0.266667            |1.000000        |1.8348
3703 |0.566739  |0.266667            |1.000000        |1.8334
31854|0.560575  |0.266667            |1.000000        |1.8272
66339|0.560481  |0.266667            |1.000000        |1.8271
4893 |0.538681  |0.266667            |1.000000        |1.8053
31855|0.534536  |0.266667            |1.000000        |1.8012
63372|0.515011  |0.266667            |1.000000        |1.7817
65253|0.512582  |0.350000            |0.752717        |1.6153

Team Events (sorted, for dev use, diff check with others to ensure truly different schedules created):
------------------------------------------------------------
0, 96, 134, 194, 248, 317
1, 107, 138, 205, 244, 306
2, 81, 153, 191, 222, 289
3, 90, 162, 184, 228, 250
4, 85, 132, 188, 219, 299
5, 71, 130, 179, 202, 274
6, 82, 157, 177, 225, 269
7, 98, 135, 176, 199, 291
8, 101, 146, 190, 215, 266
9, 102, 142, 196, 270, 312
10, 121, 149, 169, 258, 281
11, 124, 151, 168, 208, 303
12, 133, 144, 204, 264, 320
13, 119, 156, 180, 212, 282
14, 105, 159, 173, 238, 265
15, 122, 161, 216, 240, 321
16, 111, 154, 200, 231, 288
17, 123, 158, 195, 237, 259
18, 66, 143, 178, 242, 307
19, 76, 140, 170, 236, 296
20, 70, 160, 206, 290, 314
21, 58, 137, 189, 226, 293
22, 65, 150, 174, 220, 268
23, 128, 163, 201, 243, 315
24, 61, 152, 221, 278, 325
25, 141, 164, 175, 260, 324
26, 68, 155, 185, 275, 323
27, 57, 89, 193, 253, 322
28, 69, 91, 171, 211, 271
29, 62, 109, 166, 249, 305
30, 60, 103, 192, 239, 295
31, 72, 94, 182, 217, 308
32, 64, 88, 167, 233, 280
33, 74, 100, 172, 230, 302
35, 56, 110, 186, 210, 286
36, 92, 139, 203, 241, 297
37, 115, 131, 181, 235, 292
38, 67, 95, 224, 267, 310
39, 80, 136, 197, 256, 300
40, 63, 97, 207, 263, 301
41, 73, 129, 209, 284, 318
42, 84, 108, 187, 232, 276
43, 86, 118, 218, 254, 309
44, 55, 120, 183, 214, 255
45, 79, 165, 223, 247, 304
46, 54, 99, 227, 261, 279
47, 78, 104, 198, 245, 277
48, 75, 148, 252, 272, 316
49, 87, 145, 246, 262, 319
50, 125, 147, 213, 229, 294
51, 83, 114, 251, 283, 311
52, 59, 93, 257, 285, 313
53, 77, 106, 234, 273, 298
