FLL Scheduler GA Summary Report (ID: 1360559156896 | Hash: 3867149369992825661)

Attributes:
--------------------
rank: 0
origin: (C | KPoint(k=2))
mutations: 0
clones: 0
_hash: 3867149369992825661
Length: 318

Fitness:
--------------------------
BreakTime           : 0.589834
LocationConsistency : 0.649702
OpponentVariety     : 0.894581
-----------------------------------
Total               : 2.134117
Percentage          : 71.14%

Per-Objective Statistics (Team Distribution):
-----------------------------------------------------------------
Objective                 | Min      | Max      | Avg      | Range   
-----------------------------------------------------------------
BreakTime                 | 0.0000   | 0.7197   | 0.5663   | 0.7197  
LocationConsistency       | 0.2667   | 0.9500   | 0.7005   | 0.6833  
OpponentVariety           | 0.7527   | 1.0000   | 0.9860   | 0.2473  

Team fitnesses (sorted by total fitness descending):
----------------------------------------------------
Max     : 2.665934
Min     : 1.641667
Range   : 1.024267
Average : 2.252767

Team |BreakTime |LocationConsistency |OpponentVariety |Sum
------------------------------------------------------------
9    |0.7159    |0.9500              |1.0000          |2.6659
46   |0.7057    |0.9500              |1.0000          |2.6557
38   |0.6977    |0.9500              |1.0000          |2.6477
39   |0.6845    |0.9500              |1.0000          |2.6345
1    |0.6487    |0.9500              |1.0000          |2.5987
37   |0.6466    |0.9500              |1.0000          |2.5966
5    |0.6371    |0.9500              |1.0000          |2.5871
6    |0.5841    |0.9500              |1.0000          |2.5341
29   |0.5837    |0.9500              |1.0000          |2.5337
13   |0.5637    |0.9500              |1.0000          |2.5137
18   |0.5575    |0.9500              |1.0000          |2.5075
22   |0.5569    |0.9500              |1.0000          |2.5069
42   |0.5564    |0.9500              |1.0000          |2.5064
12   |0.5438    |0.9500              |1.0000          |2.4938
4    |0.5432    |0.9500              |1.0000          |2.4932
26   |0.5297    |0.9500              |1.0000          |2.4797
19   |0.4940    |0.9500              |1.0000          |2.4440
45   |0.7193    |0.6417              |1.0000          |2.3609
8    |0.6956    |0.6417              |1.0000          |2.3373
49   |0.6888    |0.6417              |1.0000          |2.3305
50   |0.6806    |0.6417              |1.0000          |2.3223
44   |0.6710    |0.6417              |1.0000          |2.3126
16   |0.5967    |0.9500              |0.7527          |2.2994
17   |0.6494    |0.6417              |1.0000          |2.2910
3    |0.6493    |0.6417              |1.0000          |2.2910
43   |0.6422    |0.6417              |1.0000          |2.2838
21   |0.5997    |0.6417              |1.0000          |2.2414
14   |0.5923    |0.6417              |1.0000          |2.2339
7    |0.5825    |0.6417              |1.0000          |2.2242
35   |0.5626    |0.6417              |1.0000          |2.2043
33   |0.5546    |0.6417              |1.0000          |2.1963
11   |0.5544    |0.6417              |1.0000          |2.1961
2    |0.5515    |0.6417              |1.0000          |2.1932
53   |0.6474    |0.5250              |1.0000          |2.1724
15   |0.5283    |0.6417              |1.0000          |2.1699
25   |0.5271    |0.6417              |1.0000          |2.1688
32   |0.5156    |0.6417              |1.0000          |2.1573
40   |0.6286    |0.5250              |1.0000          |2.1536
52   |0.5791    |0.5250              |1.0000          |2.1041
48   |0.7197    |0.3500              |1.0000          |2.0697
28   |0.5360    |0.5250              |1.0000          |2.0610
51   |0.6872    |0.3500              |1.0000          |2.0372
41   |0.6766    |0.3500              |1.0000          |2.0266
36   |0.6211    |0.6417              |0.7527          |2.0154
34   |0.0481    |0.9500              |1.0000          |1.9981
10   |0.5800    |0.6417              |0.7527          |1.9744
47   |0.6732    |0.2667              |1.0000          |1.9399
27   |0.6177    |0.2667              |1.0000          |1.8844
20   |0.5074    |0.3667              |1.0000          |1.8741
23   |0.5822    |0.2667              |1.0000          |1.8489
30   |0.0558    |0.6417              |1.0000          |1.6975
31   |0.0428    |0.6417              |1.0000          |1.6845
24   |0.0000    |0.6417              |1.0000          |1.6417

Team Events (sorted, for dev use, diff check with others to ensure truly different schedules created):
------------------------------------------------------------
0, 93, 164, 181, 229, 268
1, 107, 146, 235, 282, 313
2, 85, 162, 189, 207, 314
3, 111, 156, 239, 271, 308
4, 98, 158, 202, 230, 294
5, 108, 135, 196, 220, 303
6, 105, 139, 179, 225, 264
7, 99, 165, 173, 258, 291
8, 96, 163, 176, 240, 307
9, 128, 154, 170, 192, 260
10, 103, 137, 167, 209, 275
11, 121, 149, 213, 281, 317
12, 127, 160, 224, 295, 319
13, 138, 161, 194, 277, 297
14, 113, 134, 211, 289, 318
15, 106, 155, 171, 226, 267
16, 112, 153, 168, 241, 309
17, 118, 148, 174, 204, 276
18, 58, 142, 222, 262, 290
19, 75, 147, 215, 243, 320
20, 65, 152, 184, 223, 321
21, 73, 151, 169, 191, 263
22, 136, 159, 187, 245, 311
23, 77, 145, 237, 273, 284
24, 76, 143, 183, 228, 283
26, 68, 157, 197, 244, 269
27, 55, 84, 166, 233, 300
28, 56, 80, 208, 248, 298
29, 59, 78, 190, 251, 315
30, 72, 92, 188, 232, 302
31, 87, 109, 261, 287, 312
32, 60, 83, 236, 259, 322
33, 54, 91, 177, 219, 254
34, 89, 102, 185, 206, 265
35, 57, 88, 193, 227, 296
36, 71, 94, 175, 198, 256
37, 62, 123, 195, 214, 299
38, 82, 132, 172, 234, 292
39, 90, 116, 180, 250, 316
40, 69, 101, 205, 252, 293
41, 67, 110, 200, 272, 323
42, 66, 86, 242, 266, 310
43, 64, 129, 203, 249, 304
44, 100, 119, 178, 255, 324
45, 63, 124, 212, 247, 288
46, 79, 150, 199, 238, 286
47, 61, 97, 218, 278, 305
48, 70, 133, 217, 301, 325
49, 104, 126, 182, 210, 280
50, 81, 117, 201, 231, 285
51, 95, 125, 186, 279, 306
52, 120, 144, 216, 246, 270
53, 74, 122, 221, 253, 274
