FLL Scheduler GA Summary Report (ID: 1360551132992 | Hash: -2771917273024128972)

Attributes:
--------------------
rank: 0
origin: (C | TimeSlotCrossover)
mutations: 0
clones: 0
_hash: -2771917273024128972
Length: 318

Fitness:
--------------------------
BreakTime           : 0.588817
LocationConsistency : 0.652599
OpponentVariety     : 0.820190
-----------------------------------
Total               : 2.061607
Percentage          : 68.72%

Per-Objective Statistics (Team Distribution):
-----------------------------------------------------------------
Objective                 | Min      | Max      | Avg      | Range   
-----------------------------------------------------------------
BreakTime                 | 0.0000   | 0.7197   | 0.5657   | 0.7197  
LocationConsistency       | 0.2667   | 0.9500   | 0.7157   | 0.6833  
OpponentVariety           | 0.5036   | 1.0000   | 0.9766   | 0.4964  

Team fitnesses (sorted by total fitness descending):
----------------------------------------------------
Max     : 2.665934
Min     : 1.641667
Range   : 1.024267
Average : 2.258065

Team |BreakTime |LocationConsistency |OpponentVariety |Sum
------------------------------------------------------------
1    |0.7159    |0.9500              |1.0000          |2.6659
38   |0.6977    |0.9500              |1.0000          |2.6477
41   |0.6845    |0.9500              |1.0000          |2.6345
8    |0.6487    |0.9500              |1.0000          |2.5987
43   |0.6466    |0.9500              |1.0000          |2.5966
2    |0.6371    |0.9500              |1.0000          |2.5871
9    |0.5962    |0.9500              |1.0000          |2.5462
31   |0.5837    |0.9500              |1.0000          |2.5337
13   |0.5637    |0.9500              |1.0000          |2.5137
16   |0.5575    |0.9500              |1.0000          |2.5075
26   |0.5569    |0.9500              |1.0000          |2.5069
42   |0.5564    |0.9500              |1.0000          |2.5064
30   |0.5553    |0.9500              |1.0000          |2.5053
17   |0.5438    |0.9500              |1.0000          |2.4938
5    |0.5432    |0.9500              |1.0000          |2.4932
24   |0.5297    |0.9500              |1.0000          |2.4797
25   |0.4940    |0.9500              |1.0000          |2.4440
52   |0.7193    |0.6417              |1.0000          |2.3609
4    |0.6956    |0.6417              |1.0000          |2.3373
46   |0.6888    |0.6417              |1.0000          |2.3305
50   |0.6806    |0.6417              |1.0000          |2.3223
44   |0.6710    |0.6417              |1.0000          |2.3126
18   |0.5967    |0.9500              |0.7527          |2.2994
10   |0.6494    |0.6417              |1.0000          |2.2910
7    |0.6493    |0.6417              |1.0000          |2.2910
47   |0.6491    |0.6417              |1.0000          |2.2908
37   |0.6422    |0.6417              |1.0000          |2.2838
34   |0.6177    |0.6417              |1.0000          |2.2594
20   |0.5955    |0.6417              |1.0000          |2.2372
12   |0.5923    |0.6417              |1.0000          |2.2339
39   |0.5837    |0.6417              |1.0000          |2.2254
3    |0.5825    |0.6417              |1.0000          |2.2242
27   |0.5626    |0.6417              |1.0000          |2.2043
11   |0.5544    |0.6417              |1.0000          |2.1961
51   |0.6474    |0.5250              |1.0000          |2.1724
14   |0.5283    |0.6417              |1.0000          |2.1699
22   |0.5271    |0.6417              |1.0000          |2.1688
36   |0.6286    |0.5250              |1.0000          |2.1536
53   |0.7197    |0.3500              |1.0000          |2.0697
32   |0.5360    |0.5250              |1.0000          |2.0610
6    |0.5253    |0.5250              |1.0000          |2.0503
45   |0.6872    |0.3500              |1.0000          |2.0372
15   |0.5800    |0.9500              |0.5036          |2.0336
40   |0.6766    |0.3500              |1.0000          |2.0266
29   |0.0570    |0.9500              |1.0000          |2.0070
28   |0.0481    |0.9500              |1.0000          |1.9981
49   |0.6638    |0.5250              |0.7527          |1.9415
48   |0.6732    |0.2667              |1.0000          |1.9399
23   |0.5016    |0.3667              |1.0000          |1.8683
21   |0.5822    |0.2667              |1.0000          |1.8489
33   |0.5546    |0.2667              |1.0000          |1.8213
35   |0.0042    |0.9500              |0.7527          |1.7069
19   |0.0000    |0.6417              |1.0000          |1.6417

Team Events (sorted, for dev use, diff check with others to ensure truly different schedules created):
------------------------------------------------------------
0, 96, 163, 176, 240, 307
1, 98, 158, 202, 230, 294
2, 105, 139, 179, 225, 264
3, 99, 165, 173, 258, 291
4, 111, 156, 239, 271, 308
5, 120, 144, 216, 246, 270
6, 85, 162, 189, 207, 314
7, 93, 164, 181, 229, 268
8, 79, 150, 199, 238, 286
9, 112, 153, 168, 241, 309
10, 103, 137, 167, 209, 275
11, 138, 161, 194, 277, 297
12, 127, 160, 224, 295, 319
13, 113, 134, 211, 289, 318
14, 128, 154, 170, 192, 256
15, 118, 148, 174, 204, 276
16, 121, 149, 213, 281, 317
17, 106, 155, 171, 226, 267
18, 77, 145, 237, 273, 284
19, 65, 152, 184, 223, 313
20, 136, 159, 187, 245, 311
21, 76, 143, 183, 228, 283
23, 75, 147, 215, 243, 312
24, 68, 157, 197, 244, 269
25, 58, 142, 222, 262, 290
26, 73, 151, 169, 191, 263
27, 57, 88, 193, 227, 296
28, 89, 102, 185, 206, 265
29, 72, 92, 188, 232, 320
30, 71, 94, 175, 198, 302
31, 59, 78, 190, 251, 315
32, 56, 80, 208, 248, 298
33, 55, 91, 177, 219, 254
34, 54, 84, 166, 233, 300
35, 87, 109, 261, 287, 303
36, 69, 101, 205, 252, 293
37, 64, 129, 203, 249, 304
38, 82, 132, 172, 234, 292
39, 60, 83, 236, 259, 322
40, 67, 110, 200, 272, 323
41, 90, 116, 180, 250, 316
42, 66, 86, 242, 266, 310
43, 62, 123, 195, 214, 299
44, 100, 119, 178, 255, 324
45, 95, 125, 186, 279, 306
46, 104, 126, 182, 210, 280
47, 107, 146, 235, 282, 321
48, 61, 97, 218, 278, 305
49, 108, 135, 196, 220, 260
50, 81, 117, 201, 231, 285
51, 74, 122, 221, 253, 274
52, 63, 124, 212, 247, 288
53, 70, 133, 217, 301, 325
