FLL Scheduler GA Summary Report (ID: 1360559154992 | Hash: -3842452497861978752)

Attributes:
--------------------
rank: 0
origin: (C | LocationCrossover)
mutations: 0
clones: 0
_hash: -3842452497861978752
Length: 318

Fitness:
--------------------------
BreakTime           : 0.609479
LocationConsistency : 0.647754
OpponentVariety     : 0.904746
-----------------------------------
Total               : 2.161979
Percentage          : 72.07%

Per-Objective Statistics (Team Distribution):
-----------------------------------------------------------------
Objective                 | Min      | Max      | Avg      | Range   
-----------------------------------------------------------------
BreakTime                 | 0.0481   | 0.7197   | 0.5746   | 0.6716  
LocationConsistency       | 0.2667   | 0.9500   | 0.7044   | 0.6833  
OpponentVariety           | 0.7527   | 1.0000   | 0.9953   | 0.2473  

Team fitnesses (sorted by total fitness descending):
----------------------------------------------------
Max     : 2.665934
Min     : 1.692449
Range   : 0.973485
Average : 2.274303

Team |BreakTime |LocationConsistency |OpponentVariety |Sum
------------------------------------------------------------
4    |0.7159    |0.9500              |1.0000          |2.6659
41   |0.6977    |0.9500              |1.0000          |2.6477
36   |0.6845    |0.9500              |1.0000          |2.6345
8    |0.6562    |0.9500              |1.0000          |2.6062
38   |0.6497    |0.9500              |1.0000          |2.5997
1    |0.6487    |0.9500              |1.0000          |2.5987
42   |0.6466    |0.9500              |1.0000          |2.5966
5    |0.6371    |0.9500              |1.0000          |2.5871
6    |0.5962    |0.9500              |1.0000          |2.5462
33   |0.5837    |0.9500              |1.0000          |2.5337
26   |0.5775    |0.9500              |1.0000          |2.5275
16   |0.5593    |0.9500              |1.0000          |2.5093
18   |0.5575    |0.9500              |1.0000          |2.5075
13   |0.5438    |0.9500              |1.0000          |2.4938
9    |0.5432    |0.9500              |1.0000          |2.4932
24   |0.5297    |0.9500              |1.0000          |2.4797
29   |0.4870    |0.9500              |1.0000          |2.4370
19   |0.4816    |0.9500              |1.0000          |2.4316
45   |0.7193    |0.6417              |1.0000          |2.3609
48   |0.7157    |0.6417              |1.0000          |2.3573
51   |0.7156    |0.6417              |1.0000          |2.3573
46   |0.7046    |0.6417              |1.0000          |2.3462
3    |0.6956    |0.6417              |1.0000          |2.3373
39   |0.6710    |0.6417              |1.0000          |2.3126
2    |0.6613    |0.6417              |1.0000          |2.3030
44   |0.6532    |0.6417              |1.0000          |2.2948
11   |0.6494    |0.6417              |1.0000          |2.2910
43   |0.6422    |0.6417              |1.0000          |2.2838
14   |0.5923    |0.6417              |1.0000          |2.2339
7    |0.5825    |0.6417              |1.0000          |2.2242
31   |0.5626    |0.6417              |1.0000          |2.2043
47   |0.6773    |0.5250              |1.0000          |2.2023
20   |0.4940    |0.9500              |0.7527          |2.1967
17   |0.5544    |0.6417              |1.0000          |2.1961
25   |0.5374    |0.6417              |1.0000          |2.1791
53   |0.6474    |0.5250              |1.0000          |2.1724
23   |0.5271    |0.6417              |1.0000          |2.1688
32   |0.5156    |0.6417              |1.0000          |2.1573
15   |0.5146    |0.6417              |1.0000          |2.1562
52   |0.5791    |0.5250              |1.0000          |2.1041
50   |0.7197    |0.3500              |1.0000          |2.0697
30   |0.5360    |0.5250              |1.0000          |2.0610
49   |0.6872    |0.3500              |1.0000          |2.0372
37   |0.6766    |0.3500              |1.0000          |2.0266
28   |0.0570    |0.9500              |1.0000          |2.0070
34   |0.0481    |0.9500              |1.0000          |1.9981
35   |0.4478    |0.5250              |1.0000          |1.9728
27   |0.6177    |0.2667              |1.0000          |1.8844
40   |0.6174    |0.2667              |1.0000          |1.8840
10   |0.5321    |0.3500              |1.0000          |1.8821
22   |0.5822    |0.2667              |1.0000          |1.8489
21   |0.4713    |0.3667              |1.0000          |1.8380
12   |0.0508    |0.6417              |1.0000          |1.6924

Team Events (sorted, for dev use, diff check with others to ensure truly different schedules created):
------------------------------------------------------------
0, 93, 164, 181, 229, 268
1, 87, 162, 189, 207, 314
2, 99, 165, 173, 258, 291
3, 96, 163, 176, 240, 307
4, 98, 158, 202, 230, 294
5, 79, 150, 199, 238, 286
6, 105, 139, 179, 225, 264
7, 106, 155, 171, 226, 267
8, 111, 156, 239, 271, 308
9, 128, 154, 192, 220, 260
10, 112, 153, 168, 241, 309
11, 113, 131, 211, 289, 318
12, 121, 149, 213, 281, 317
13, 138, 161, 194, 277, 297
14, 107, 146, 235, 282, 321
15, 135, 160, 224, 295, 319
16, 103, 137, 167, 209, 275
17, 118, 148, 174, 204, 276
18, 77, 145, 237, 273, 313
19, 58, 142, 222, 262, 290
20, 75, 147, 215, 243, 284
21, 136, 159, 187, 245, 311
22, 76, 143, 183, 228, 283
24, 68, 157, 197, 244, 269
25, 65, 152, 184, 223, 257
26, 73, 151, 169, 191, 303
27, 55, 84, 166, 233, 300
28, 72, 92, 188, 232, 320
29, 66, 86, 242, 266, 310
30, 56, 80, 208, 248, 298
31, 57, 88, 193, 227, 296
32, 60, 83, 236, 259, 322
33, 59, 78, 190, 251, 315
34, 89, 102, 185, 206, 265
35, 85, 109, 231, 261, 287
36, 90, 116, 180, 250, 316
37, 67, 110, 200, 272, 323
38, 71, 94, 175, 198, 302
39, 100, 119, 178, 255, 324
40, 61, 97, 218, 278, 305
41, 82, 132, 172, 234, 292
42, 62, 123, 195, 214, 299
43, 64, 129, 203, 249, 304
44, 54, 91, 177, 219, 254
45, 63, 124, 212, 247, 288
46, 108, 130, 170, 196, 256
47, 69, 101, 205, 252, 293
48, 81, 117, 201, 285, 312
49, 95, 125, 186, 279, 306
50, 70, 133, 217, 301, 325
51, 104, 134, 182, 210, 280
52, 120, 144, 216, 246, 270
53, 74, 122, 221, 253, 274
