FLL Scheduler GA Summary Report (ID: 1685095940608 | Hash: -612365086450856446)

Attributes:
--------------------
rank: 0
origin: (C | KPoint(k=1))
mutations: 1
clones: 1
_hash: -612365086450856446
Length: 318

Fitness:
--------------------------
BreakTime           : 0.8091157359919736
LocationConsistency : 0.4809339263065149
OpponentVariety     : 0.30715331588512473
-----------------------------------
Total               : 1.5972029781836132
Percentage          : 53.24%

Per-Objective Statistics (Team Distribution):
-----------------------------------------------------------------
Objective                 | Min      | Max      | Avg      | Range   
-----------------------------------------------------------------
BreakTime                 | 0.504463 | 0.591319 | 0.550770 | 0.086856
LocationConsistency       | 0.266667 | 0.366667 | 0.340881 | 0.100000
OpponentVariety           | 0.752717 | 1.000000 | 0.995334 | 0.247283

Team fitnesses (sorted by total fitness descending):
----------------------------------------------------
Max     : 1.953983
Min     : 1.699386
Range   : 0.254596
Average : 1.886984

Team |BreakTime |LocationConsistency |OpponentVariety |Sum
------------------------------------------------------------
39   |0.587316  |0.366667            |1.000000        |1.9540
37   |0.578194  |0.366667            |1.000000        |1.9449
52   |0.591319  |0.350000            |1.000000        |1.9413
12   |0.590946  |0.350000            |1.000000        |1.9409
50   |0.590186  |0.350000            |1.000000        |1.9402
41   |0.589884  |0.350000            |1.000000        |1.9399
8    |0.568727  |0.366667            |1.000000        |1.9354
45   |0.578838  |0.350000            |1.000000        |1.9288
4    |0.562011  |0.366667            |1.000000        |1.9287
51   |0.578539  |0.350000            |1.000000        |1.9285
2    |0.577928  |0.350000            |1.000000        |1.9279
47   |0.577162  |0.350000            |1.000000        |1.9272
36   |0.573527  |0.350000            |1.000000        |1.9235
42   |0.556614  |0.366667            |1.000000        |1.9233
49   |0.573151  |0.350000            |1.000000        |1.9232
29   |0.552618  |0.366667            |1.000000        |1.9193
23   |0.564398  |0.350000            |1.000000        |1.9144
21   |0.564183  |0.350000            |1.000000        |1.9142
35   |0.562898  |0.350000            |1.000000        |1.9129
53   |0.562144  |0.350000            |1.000000        |1.9121
18   |0.556399  |0.350000            |1.000000        |1.9064
28   |0.553171  |0.350000            |1.000000        |1.9032
38   |0.552305  |0.350000            |1.000000        |1.9023
44   |0.534364  |0.366667            |1.000000        |1.9010
11   |0.532598  |0.366667            |1.000000        |1.8993
46   |0.546256  |0.350000            |1.000000        |1.8963
26   |0.545906  |0.350000            |1.000000        |1.8959
31   |0.523042  |0.366667            |1.000000        |1.8897
5    |0.537696  |0.350000            |1.000000        |1.8877
14   |0.536761  |0.350000            |1.000000        |1.8868
10   |0.536643  |0.350000            |1.000000        |1.8866
34   |0.534184  |0.350000            |1.000000        |1.8842
19   |0.529841  |0.350000            |1.000000        |1.8798
20   |0.513048  |0.366667            |1.000000        |1.8797
17   |0.526915  |0.350000            |1.000000        |1.8769
25   |0.524808  |0.350000            |1.000000        |1.8748
7    |0.523040  |0.350000            |1.000000        |1.8730
15   |0.520670  |0.350000            |1.000000        |1.8707
30   |0.520164  |0.350000            |1.000000        |1.8702
13   |0.519507  |0.350000            |1.000000        |1.8695
24   |0.514615  |0.350000            |1.000000        |1.8646
33   |0.512582  |0.350000            |1.000000        |1.8626
22   |0.508869  |0.350000            |1.000000        |1.8589
27   |0.504463  |0.350000            |1.000000        |1.8545
48   |0.578227  |0.266667            |1.000000        |1.8449
16   |0.568109  |0.266667            |1.000000        |1.8348
3    |0.566739  |0.266667            |1.000000        |1.8334
9    |0.560575  |0.266667            |1.000000        |1.8272
40   |0.560481  |0.266667            |1.000000        |1.8271
6    |0.538681  |0.266667            |1.000000        |1.8053
1    |0.534536  |0.266667            |1.000000        |1.8012
32   |0.515011  |0.266667            |1.000000        |1.7817
43   |0.580002  |0.366667            |0.752717        |1.6994

Team Events (sorted, for dev use, diff check with others to ensure truly different schedules created):
------------------------------------------------------------
0, 101, 146, 190, 215, 266
1, 82, 157, 177, 225, 269
2, 96, 134, 194, 248, 317
3, 90, 162, 184, 228, 250
4, 85, 132, 188, 219, 299
5, 107, 138, 205, 244, 306
6, 71, 130, 179, 202, 274
7, 81, 153, 191, 222, 289
8, 98, 135, 176, 199, 291
9, 116, 160, 216, 240, 321
10, 102, 142, 196, 270, 312
11, 124, 151, 168, 208, 303
12, 117, 158, 195, 237, 259
13, 121, 149, 169, 258, 281
14, 111, 154, 200, 231, 288
15, 105, 159, 173, 238, 265
16, 133, 144, 204, 264, 320
17, 119, 156, 180, 212, 282
18, 65, 150, 174, 220, 268
19, 76, 140, 170, 236, 296
20, 141, 164, 175, 260, 324
21, 128, 163, 201, 243, 315
22, 68, 155, 185, 275, 323
23, 70, 161, 206, 290, 314
24, 61, 152, 221, 278, 325
25, 66, 143, 178, 242, 307
26, 58, 137, 189, 226, 293
27, 75, 100, 172, 230, 302
28, 57, 89, 193, 253, 322
29, 60, 103, 192, 263, 295
30, 64, 88, 167, 262, 280
31, 72, 94, 182, 217, 308
32, 56, 110, 186, 210, 286
33, 69, 91, 171, 211, 271
34, 62, 109, 166, 249, 305
36, 63, 97, 207, 239, 301
37, 80, 136, 197, 256, 300
38, 92, 139, 203, 241, 297
39, 73, 129, 209, 284, 318
40, 67, 95, 224, 267, 310
41, 55, 120, 183, 214, 255
42, 115, 131, 181, 235, 292
43, 84, 108, 187, 232, 276
44, 86, 118, 218, 254, 309
45, 87, 145, 246, 287, 319
46, 59, 93, 257, 285, 313
47, 74, 148, 252, 272, 316
48, 54, 99, 227, 261, 279
49, 77, 106, 234, 273, 298
50, 79, 165, 223, 247, 304
51, 125, 147, 213, 229, 294
52, 78, 104, 198, 245, 277
53, 83, 114, 251, 283, 311
