FLL Scheduler GA Summary Report (ID: 1685089430752 | Hash: -4141755249598595033)

Attributes:
--------------------
rank: 0
origin: (C | KPoint(k=2))
mutations: 0
clones: 0
_hash: -4141755249598595033
Length: 318

Fitness:
--------------------------
BreakTime           : 0.8094257220213329
LocationConsistency : 0.47967298628673405
OpponentVariety     : 0.30715331588512473
-----------------------------------
Total               : 1.5962520241931917
Percentage          : 53.21%

Per-Objective Statistics (Team Distribution):
-----------------------------------------------------------------
Objective                 | Min      | Max      | Avg      | Range   
-----------------------------------------------------------------
BreakTime                 | 0.504463 | 0.591319 | 0.551195 | 0.086856
LocationConsistency       | 0.266667 | 0.366667 | 0.339308 | 0.100000
OpponentVariety           | 0.752717 | 1.000000 | 0.995334 | 0.247283

Team fitnesses (sorted by total fitness descending):
----------------------------------------------------
Max     : 1.953983
Min     : 1.539548
Range   : 0.414434
Average : 1.885837

Team |BreakTime |LocationConsistency |OpponentVariety |Sum
------------------------------------------------------------
39   |0.587316  |0.366667            |1.000000        |1.9540
36   |0.580002  |0.366667            |1.000000        |1.9467
41   |0.578194  |0.366667            |1.000000        |1.9449
49   |0.591319  |0.350000            |1.000000        |1.9413
16   |0.590946  |0.350000            |1.000000        |1.9409
50   |0.590186  |0.350000            |1.000000        |1.9402
43   |0.589884  |0.350000            |1.000000        |1.9399
4    |0.568727  |0.366667            |1.000000        |1.9354
46   |0.578838  |0.350000            |1.000000        |1.9288
7    |0.562011  |0.366667            |1.000000        |1.9287
52   |0.578539  |0.350000            |1.000000        |1.9285
6    |0.577928  |0.350000            |1.000000        |1.9279
48   |0.577162  |0.350000            |1.000000        |1.9272
44   |0.573527  |0.350000            |1.000000        |1.9235
40   |0.556614  |0.366667            |1.000000        |1.9233
53   |0.573151  |0.350000            |1.000000        |1.9232
34   |0.552618  |0.366667            |1.000000        |1.9193
20   |0.564398  |0.350000            |1.000000        |1.9144
27   |0.564183  |0.350000            |1.000000        |1.9142
35   |0.562898  |0.350000            |1.000000        |1.9129
32   |0.545579  |0.366667            |1.000000        |1.9122
47   |0.562144  |0.350000            |1.000000        |1.9121
10   |0.556399  |0.350000            |1.000000        |1.9064
31   |0.553171  |0.350000            |1.000000        |1.9032
37   |0.552305  |0.350000            |1.000000        |1.9023
42   |0.534364  |0.366667            |1.000000        |1.9010
14   |0.532598  |0.366667            |1.000000        |1.8993
51   |0.546256  |0.350000            |1.000000        |1.8963
22   |0.545906  |0.350000            |1.000000        |1.8959
9    |0.537696  |0.350000            |1.000000        |1.8877
17   |0.536761  |0.350000            |1.000000        |1.8868
15   |0.536643  |0.350000            |1.000000        |1.8866
30   |0.534184  |0.350000            |1.000000        |1.8842
26   |0.529841  |0.350000            |1.000000        |1.8798
21   |0.513048  |0.366667            |1.000000        |1.8797
11   |0.526915  |0.350000            |1.000000        |1.8769
24   |0.524808  |0.350000            |1.000000        |1.8748
1    |0.523040  |0.350000            |1.000000        |1.8730
12   |0.520670  |0.350000            |1.000000        |1.8707
18   |0.519507  |0.350000            |1.000000        |1.8695
23   |0.514615  |0.350000            |1.000000        |1.8646
33   |0.512582  |0.350000            |1.000000        |1.8626
25   |0.508869  |0.350000            |1.000000        |1.8589
19   |0.504463  |0.350000            |1.000000        |1.8545
45   |0.578227  |0.266667            |1.000000        |1.8449
13   |0.568109  |0.266667            |1.000000        |1.8348
8    |0.566739  |0.266667            |1.000000        |1.8334
5    |0.560575  |0.266667            |1.000000        |1.8272
38   |0.560481  |0.266667            |1.000000        |1.8271
2    |0.538681  |0.266667            |1.000000        |1.8053
3    |0.534536  |0.266667            |1.000000        |1.8012
29   |0.515011  |0.266667            |1.000000        |1.7817
28   |0.520164  |0.266667            |0.752717        |1.5395

Team Events (sorted, for dev use, diff check with others to ensure truly different schedules created):
------------------------------------------------------------
0, 71, 130, 179, 202, 274
1, 107, 138, 205, 244, 306
2, 101, 146, 190, 215, 266
3, 81, 153, 191, 222, 289
4, 98, 135, 176, 199, 291
5, 82, 157, 177, 225, 269
6, 90, 162, 184, 228, 250
7, 96, 134, 194, 248, 317
8, 85, 132, 188, 219, 299
9, 119, 156, 180, 212, 282
10, 133, 144, 204, 264, 320
11, 111, 154, 200, 231, 288
12, 105, 159, 173, 238, 265
13, 102, 142, 196, 270, 312
14, 116, 160, 216, 240, 321
15, 124, 151, 168, 208, 303
16, 121, 149, 169, 258, 281
17, 117, 158, 195, 237, 259
18, 58, 137, 189, 226, 293
19, 68, 155, 185, 275, 323
20, 76, 140, 170, 236, 296
21, 66, 143, 178, 242, 307
22, 70, 161, 206, 290, 314
23, 61, 152, 221, 278, 325
24, 128, 163, 201, 243, 315
25, 65, 150, 174, 220, 268
26, 141, 164, 175, 260, 324
28, 60, 103, 192, 262, 295
29, 72, 94, 182, 217, 308
30, 69, 91, 171, 211, 271
31, 74, 100, 172, 230, 302
32, 64, 88, 167, 233, 280
33, 56, 110, 186, 210, 286
34, 57, 89, 193, 253, 322
35, 62, 109, 166, 249, 305
36, 84, 108, 187, 232, 276
37, 92, 139, 203, 241, 297
38, 67, 95, 224, 267, 310
39, 73, 129, 209, 284, 318
40, 115, 131, 181, 235, 292
41, 80, 136, 197, 256, 300
42, 86, 118, 218, 254, 309
43, 55, 120, 183, 214, 255
44, 63, 97, 207, 239, 301
45, 54, 99, 227, 261, 279
46, 87, 145, 246, 287, 319
47, 83, 114, 251, 283, 311
48, 75, 148, 252, 272, 316
49, 78, 104, 198, 245, 277
50, 79, 165, 223, 247, 304
51, 59, 93, 257, 285, 313
52, 125, 147, 213, 229, 294
53, 77, 106, 234, 273, 298
