FLL Scheduler GA Summary Report (ID: 1685089431648 | Hash: 405872072239233798)

Attributes:
--------------------
rank: 0
origin: (C | KPoint(k=1))
mutations: 1
clones: 0
_hash: 405872072239233798
Length: 318

Fitness:
--------------------------
BreakTime           : 0.8094257220213329
LocationConsistency : 0.47967298628673405
OpponentVariety     : 0.30715331588512473
-----------------------------------
Total               : 1.5962520241931917
Percentage          : 53.21%

Per-Objective Statistics (Team Distribution):
-----------------------------------------------------------------
Objective                 | Min      | Max      | Avg      | Range   
-----------------------------------------------------------------
BreakTime                 | 0.504463 | 0.591319 | 0.551195 | 0.086856
LocationConsistency       | 0.266667 | 0.366667 | 0.339308 | 0.100000
OpponentVariety           | 0.752717 | 1.000000 | 0.995334 | 0.247283

Team fitnesses (sorted by total fitness descending):
----------------------------------------------------
Max     : 1.953983
Min     : 1.539548
Range   : 0.414434
Average : 1.885837

Team |BreakTime |LocationConsistency |OpponentVariety |Sum
------------------------------------------------------------
41   |0.587316  |0.366667            |1.000000        |1.9540
43   |0.580002  |0.366667            |1.000000        |1.9467
44   |0.578194  |0.366667            |1.000000        |1.9449
46   |0.591319  |0.350000            |1.000000        |1.9413
13   |0.590946  |0.350000            |1.000000        |1.9409
50   |0.590186  |0.350000            |1.000000        |1.9402
39   |0.589884  |0.350000            |1.000000        |1.9399
5    |0.568727  |0.366667            |1.000000        |1.9354
48   |0.578838  |0.350000            |1.000000        |1.9288
4    |0.562011  |0.366667            |1.000000        |1.9287
47   |0.578539  |0.350000            |1.000000        |1.9285
2    |0.577928  |0.350000            |1.000000        |1.9279
51   |0.577162  |0.350000            |1.000000        |1.9272
36   |0.573527  |0.350000            |1.000000        |1.9235
42   |0.556614  |0.366667            |1.000000        |1.9233
49   |0.573151  |0.350000            |1.000000        |1.9232
35   |0.552618  |0.366667            |1.000000        |1.9193
23   |0.564398  |0.350000            |1.000000        |1.9144
19   |0.564183  |0.350000            |1.000000        |1.9142
29   |0.562898  |0.350000            |1.000000        |1.9129
33   |0.545579  |0.366667            |1.000000        |1.9122
45   |0.562144  |0.350000            |1.000000        |1.9121
18   |0.556399  |0.350000            |1.000000        |1.9064
32   |0.553171  |0.350000            |1.000000        |1.9032
37   |0.552305  |0.350000            |1.000000        |1.9023
38   |0.534364  |0.366667            |1.000000        |1.9010
11   |0.532598  |0.366667            |1.000000        |1.8993
52   |0.546256  |0.350000            |1.000000        |1.8963
20   |0.545906  |0.350000            |1.000000        |1.8959
1    |0.537696  |0.350000            |1.000000        |1.8877
16   |0.536761  |0.350000            |1.000000        |1.8868
14   |0.536643  |0.350000            |1.000000        |1.8866
34   |0.534184  |0.350000            |1.000000        |1.8842
25   |0.529841  |0.350000            |1.000000        |1.8798
21   |0.513048  |0.366667            |1.000000        |1.8797
17   |0.526915  |0.350000            |1.000000        |1.8769
27   |0.524808  |0.350000            |1.000000        |1.8748
7    |0.523040  |0.350000            |1.000000        |1.8730
15   |0.520670  |0.350000            |1.000000        |1.8707
10   |0.519507  |0.350000            |1.000000        |1.8695
26   |0.514615  |0.350000            |1.000000        |1.8646
30   |0.512582  |0.350000            |1.000000        |1.8626
24   |0.508869  |0.350000            |1.000000        |1.8589
22   |0.504463  |0.350000            |1.000000        |1.8545
53   |0.578227  |0.266667            |1.000000        |1.8449
12   |0.568109  |0.266667            |1.000000        |1.8348
3    |0.566739  |0.266667            |1.000000        |1.8334
8    |0.560575  |0.266667            |1.000000        |1.8272
40   |0.560481  |0.266667            |1.000000        |1.8271
6    |0.538681  |0.266667            |1.000000        |1.8053
9    |0.534536  |0.266667            |1.000000        |1.8012
31   |0.515011  |0.266667            |1.000000        |1.7817
28   |0.520164  |0.266667            |0.752717        |1.5395

Team Events (sorted, for dev use, diff check with others to ensure truly different schedules created):
------------------------------------------------------------
0, 85, 132, 188, 219, 299
1, 82, 157, 177, 225, 269
2, 96, 134, 194, 248, 317
3, 90, 162, 184, 228, 250
4, 81, 153, 191, 222, 289
5, 107, 138, 205, 244, 306
6, 71, 130, 179, 202, 274
7, 98, 135, 176, 199, 291
8, 101, 146, 190, 215, 266
9, 117, 158, 195, 237, 259
10, 102, 142, 196, 270, 312
11, 105, 159, 173, 238, 265
12, 124, 151, 168, 208, 303
13, 116, 160, 216, 240, 321
14, 111, 154, 200, 231, 288
15, 121, 149, 169, 258, 281
16, 133, 144, 204, 264, 320
17, 119, 156, 180, 212, 282
18, 141, 164, 175, 260, 324
19, 66, 143, 178, 242, 307
20, 76, 140, 170, 236, 296
21, 58, 137, 189, 226, 293
22, 68, 155, 185, 275, 323
23, 128, 163, 201, 243, 315
24, 65, 150, 174, 220, 268
25, 70, 161, 206, 290, 314
26, 61, 152, 221, 278, 325
27, 60, 103, 192, 262, 295
28, 62, 109, 166, 249, 305
29, 56, 110, 186, 210, 286
30, 72, 94, 182, 217, 308
31, 74, 100, 172, 230, 302
32, 64, 88, 167, 233, 280
33, 69, 91, 171, 211, 271
34, 57, 89, 193, 253, 322
36, 63, 97, 207, 239, 301
37, 92, 139, 203, 241, 297
38, 86, 118, 218, 254, 309
39, 55, 120, 183, 214, 255
40, 67, 95, 224, 267, 310
41, 73, 129, 209, 284, 318
42, 115, 131, 181, 235, 292
43, 84, 108, 187, 232, 276
44, 80, 136, 197, 256, 300
45, 83, 114, 251, 283, 311
46, 78, 104, 198, 245, 277
47, 125, 147, 213, 229, 294
48, 87, 145, 246, 287, 319
49, 77, 106, 234, 273, 298
50, 79, 165, 223, 247, 304
51, 75, 148, 252, 272, 316
52, 59, 93, 257, 285, 313
53, 54, 99, 227, 261, 279
