FLL Scheduler GA Summary Report (ID: 1685089434896 | Hash: 773998838967603657)

Attributes:
--------------------
rank: 0
origin: (C | RoundTypeCrossover)
mutations: 1
clones: 1
_hash: 773998838967603657
Length: 318

Fitness:
--------------------------
BreakTime           : 0.8091157359919736
LocationConsistency : 0.4809339263065149
OpponentVariety     : 0.30715331588512473
-----------------------------------
Total               : 1.5972029781836132
Percentage          : 53.24%

Per-Objective Statistics (Team Distribution):
-----------------------------------------------------------------
Objective                 | Min      | Max      | Avg      | Range   
-----------------------------------------------------------------
BreakTime                 | 0.504463 | 0.591319 | 0.550770 | 0.086856
LocationConsistency       | 0.266667 | 0.366667 | 0.340881 | 0.100000
OpponentVariety           | 0.752717 | 1.000000 | 0.995334 | 0.247283

Team fitnesses (sorted by total fitness descending):
----------------------------------------------------
Max     : 1.953983
Min     : 1.699386
Range   : 0.254596
Average : 1.886984

Team |BreakTime |LocationConsistency |OpponentVariety |Sum
------------------------------------------------------------
43   |0.587316  |0.366667            |1.000000        |1.9540
36   |0.578194  |0.366667            |1.000000        |1.9449
47   |0.591319  |0.350000            |1.000000        |1.9413
15   |0.590946  |0.350000            |1.000000        |1.9409
52   |0.590186  |0.350000            |1.000000        |1.9402
41   |0.589884  |0.350000            |1.000000        |1.9399
7    |0.568727  |0.366667            |1.000000        |1.9354
45   |0.578838  |0.350000            |1.000000        |1.9288
3    |0.562011  |0.366667            |1.000000        |1.9287
51   |0.578539  |0.350000            |1.000000        |1.9285
8    |0.577928  |0.350000            |1.000000        |1.9279
49   |0.577162  |0.350000            |1.000000        |1.9272
38   |0.573527  |0.350000            |1.000000        |1.9235
42   |0.556614  |0.366667            |1.000000        |1.9233
50   |0.573151  |0.350000            |1.000000        |1.9232
29   |0.552618  |0.366667            |1.000000        |1.9193
23   |0.564398  |0.350000            |1.000000        |1.9144
24   |0.564183  |0.350000            |1.000000        |1.9142
34   |0.562898  |0.350000            |1.000000        |1.9129
53   |0.562144  |0.350000            |1.000000        |1.9121
17   |0.556399  |0.350000            |1.000000        |1.9064
33   |0.553171  |0.350000            |1.000000        |1.9032
44   |0.552305  |0.350000            |1.000000        |1.9023
40   |0.534364  |0.366667            |1.000000        |1.9010
14   |0.532598  |0.366667            |1.000000        |1.8993
46   |0.546256  |0.350000            |1.000000        |1.8963
20   |0.545906  |0.350000            |1.000000        |1.8959
32   |0.523042  |0.366667            |1.000000        |1.8897
5    |0.537696  |0.350000            |1.000000        |1.8877
10   |0.536761  |0.350000            |1.000000        |1.8868
18   |0.536643  |0.350000            |1.000000        |1.8866
30   |0.534184  |0.350000            |1.000000        |1.8842
22   |0.529841  |0.350000            |1.000000        |1.8798
21   |0.513048  |0.366667            |1.000000        |1.8797
12   |0.526915  |0.350000            |1.000000        |1.8769
19   |0.524808  |0.350000            |1.000000        |1.8748
1    |0.523040  |0.350000            |1.000000        |1.8730
13   |0.520670  |0.350000            |1.000000        |1.8707
28   |0.520164  |0.350000            |1.000000        |1.8702
16   |0.519507  |0.350000            |1.000000        |1.8695
25   |0.514615  |0.350000            |1.000000        |1.8646
31   |0.512582  |0.350000            |1.000000        |1.8626
26   |0.508869  |0.350000            |1.000000        |1.8589
27   |0.504463  |0.350000            |1.000000        |1.8545
48   |0.578227  |0.266667            |1.000000        |1.8449
11   |0.568109  |0.266667            |1.000000        |1.8348
2    |0.566739  |0.266667            |1.000000        |1.8334
9    |0.560575  |0.266667            |1.000000        |1.8272
39   |0.560481  |0.266667            |1.000000        |1.8271
6    |0.538681  |0.266667            |1.000000        |1.8053
4    |0.534536  |0.266667            |1.000000        |1.8012
35   |0.515011  |0.266667            |1.000000        |1.7817
37   |0.580002  |0.366667            |0.752717        |1.6994

Team Events (sorted, for dev use, diff check with others to ensure truly different schedules created):
------------------------------------------------------------
0, 71, 130, 179, 202, 274
1, 96, 134, 194, 248, 317
2, 90, 162, 184, 228, 250
3, 101, 146, 190, 215, 266
4, 85, 132, 188, 219, 299
5, 107, 138, 205, 244, 306
6, 81, 153, 191, 222, 289
7, 82, 157, 177, 225, 269
8, 98, 135, 176, 199, 291
9, 121, 149, 169, 258, 281
10, 105, 159, 173, 238, 265
11, 133, 144, 204, 264, 320
12, 111, 154, 200, 231, 288
13, 102, 142, 196, 270, 312
14, 124, 151, 168, 208, 303
15, 117, 158, 195, 237, 259
16, 119, 156, 180, 212, 282
17, 116, 160, 216, 240, 321
18, 61, 152, 221, 278, 325
19, 66, 143, 178, 242, 307
20, 76, 140, 170, 236, 296
21, 65, 150, 174, 220, 268
22, 68, 155, 185, 275, 323
23, 141, 164, 175, 260, 324
24, 70, 161, 206, 290, 314
25, 128, 163, 201, 243, 315
26, 58, 137, 189, 226, 293
27, 60, 103, 192, 263, 295
28, 57, 89, 193, 253, 322
29, 69, 91, 171, 211, 271
30, 56, 110, 186, 210, 286
31, 64, 88, 167, 262, 280
32, 74, 100, 172, 230, 302
34, 62, 109, 166, 249, 305
35, 72, 94, 182, 217, 308
36, 80, 136, 197, 256, 300
37, 84, 108, 187, 232, 276
38, 63, 97, 207, 239, 301
39, 67, 95, 224, 267, 310
40, 86, 118, 218, 254, 309
41, 55, 120, 183, 214, 255
42, 115, 131, 181, 235, 292
43, 73, 129, 209, 284, 318
44, 92, 139, 203, 241, 297
45, 87, 145, 246, 287, 319
46, 59, 93, 257, 285, 313
47, 78, 104, 198, 245, 277
48, 54, 99, 227, 261, 279
49, 75, 148, 252, 272, 316
50, 77, 106, 234, 273, 298
51, 125, 147, 213, 229, 294
52, 79, 165, 223, 247, 304
53, 83, 114, 251, 283, 311
