FLL Scheduler GA Summary Report (ID: 1685095940720 | Hash: -2153902826862909537)

Attributes:
--------------------
rank: 0
origin: (C | TimeSlotCrossover)
mutations: 0
clones: 0
_hash: -2153902826862909537
Length: 318

Fitness:
--------------------------
BreakTime           : 0.8094257220213329
LocationConsistency : 0.47967298628673405
OpponentVariety     : 0.30715331588512473
-----------------------------------
Total               : 1.5962520241931917
Percentage          : 53.21%

Per-Objective Statistics (Team Distribution):
-----------------------------------------------------------------
Objective                 | Min      | Max      | Avg      | Range   
-----------------------------------------------------------------
BreakTime                 | 0.504463 | 0.591319 | 0.551195 | 0.086856
LocationConsistency       | 0.266667 | 0.366667 | 0.339308 | 0.100000
OpponentVariety           | 0.752717 | 1.000000 | 0.995334 | 0.247283

Team fitnesses (sorted by total fitness descending):
----------------------------------------------------
Max     : 1.953983
Min     : 1.539548
Range   : 0.414434
Average : 1.885837

Team |BreakTime |LocationConsistency |OpponentVariety |Sum
------------------------------------------------------------
44   |0.587316  |0.366667            |1.000000        |1.9540
40   |0.580002  |0.366667            |1.000000        |1.9467
38   |0.578194  |0.366667            |1.000000        |1.9449
49   |0.591319  |0.350000            |1.000000        |1.9413
12   |0.590946  |0.350000            |1.000000        |1.9409
50   |0.590186  |0.350000            |1.000000        |1.9402
43   |0.589884  |0.350000            |1.000000        |1.9399
7    |0.568727  |0.366667            |1.000000        |1.9354
48   |0.578838  |0.350000            |1.000000        |1.9288
8    |0.562011  |0.366667            |1.000000        |1.9287
45   |0.578539  |0.350000            |1.000000        |1.9285
3    |0.577928  |0.350000            |1.000000        |1.9279
46   |0.577162  |0.350000            |1.000000        |1.9272
37   |0.573527  |0.350000            |1.000000        |1.9235
39   |0.556614  |0.366667            |1.000000        |1.9233
52   |0.573151  |0.350000            |1.000000        |1.9232
33   |0.552618  |0.366667            |1.000000        |1.9193
22   |0.564398  |0.350000            |1.000000        |1.9144
27   |0.564183  |0.350000            |1.000000        |1.9142
28   |0.562898  |0.350000            |1.000000        |1.9129
30   |0.545579  |0.366667            |1.000000        |1.9122
47   |0.562144  |0.350000            |1.000000        |1.9121
14   |0.556399  |0.350000            |1.000000        |1.9064
35   |0.553171  |0.350000            |1.000000        |1.9032
36   |0.552305  |0.350000            |1.000000        |1.9023
42   |0.534364  |0.366667            |1.000000        |1.9010
17   |0.532598  |0.366667            |1.000000        |1.8993
51   |0.546256  |0.350000            |1.000000        |1.8963
20   |0.545906  |0.350000            |1.000000        |1.8959
5    |0.537696  |0.350000            |1.000000        |1.8877
13   |0.536761  |0.350000            |1.000000        |1.8868
11   |0.536643  |0.350000            |1.000000        |1.8866
29   |0.534184  |0.350000            |1.000000        |1.8842
24   |0.529841  |0.350000            |1.000000        |1.8798
26   |0.513048  |0.366667            |1.000000        |1.8797
10   |0.526915  |0.350000            |1.000000        |1.8769
23   |0.524808  |0.350000            |1.000000        |1.8748
1    |0.523040  |0.350000            |1.000000        |1.8730
18   |0.520670  |0.350000            |1.000000        |1.8707
16   |0.519507  |0.350000            |1.000000        |1.8695
21   |0.514615  |0.350000            |1.000000        |1.8646
31   |0.512582  |0.350000            |1.000000        |1.8626
19   |0.508869  |0.350000            |1.000000        |1.8589
25   |0.504463  |0.350000            |1.000000        |1.8545
53   |0.578227  |0.266667            |1.000000        |1.8449
15   |0.568109  |0.266667            |1.000000        |1.8348
4    |0.566739  |0.266667            |1.000000        |1.8334
9    |0.560575  |0.266667            |1.000000        |1.8272
41   |0.560481  |0.266667            |1.000000        |1.8271
2    |0.538681  |0.266667            |1.000000        |1.8053
6    |0.534536  |0.266667            |1.000000        |1.8012
32   |0.515011  |0.266667            |1.000000        |1.7817
34   |0.520164  |0.266667            |0.752717        |1.5395

Team Events (sorted, for dev use, diff check with others to ensure truly different schedules created):
------------------------------------------------------------
0, 71, 130, 179, 202, 274
1, 107, 138, 205, 244, 306
2, 82, 157, 177, 225, 269
3, 96, 134, 194, 248, 317
4, 85, 132, 188, 219, 299
5, 101, 146, 190, 215, 266
6, 81, 153, 191, 222, 289
7, 90, 162, 184, 228, 250
8, 98, 135, 176, 199, 291
9, 133, 144, 204, 264, 320
10, 116, 160, 216, 240, 321
11, 124, 151, 168, 208, 303
12, 121, 149, 169, 258, 281
13, 119, 156, 180, 212, 282
14, 105, 159, 173, 238, 265
15, 117, 158, 195, 237, 259
16, 102, 142, 196, 270, 312
17, 111, 154, 200, 231, 288
18, 128, 163, 201, 243, 315
19, 66, 143, 178, 242, 307
20, 70, 161, 206, 290, 314
21, 68, 155, 185, 275, 323
22, 61, 152, 221, 278, 325
23, 65, 150, 174, 220, 268
24, 58, 137, 189, 226, 293
25, 76, 140, 170, 236, 296
26, 141, 164, 175, 260, 324
27, 62, 109, 166, 249, 305
28, 69, 91, 171, 211, 271
29, 64, 88, 167, 233, 280
30, 56, 110, 186, 210, 286
31, 72, 94, 182, 217, 308
33, 57, 89, 193, 253, 322
34, 60, 103, 192, 262, 295
35, 74, 100, 172, 230, 302
36, 92, 139, 203, 241, 297
37, 63, 97, 207, 239, 301
38, 80, 136, 197, 256, 300
39, 115, 131, 181, 235, 292
40, 84, 108, 187, 232, 276
41, 67, 95, 224, 267, 310
42, 86, 118, 218, 254, 309
43, 55, 120, 183, 214, 255
44, 73, 129, 209, 284, 318
45, 125, 147, 213, 229, 294
46, 75, 148, 252, 272, 316
47, 83, 114, 251, 283, 311
48, 87, 145, 246, 287, 319
49, 78, 104, 198, 245, 277
50, 79, 165, 223, 247, 304
51, 59, 93, 257, 285, 313
52, 77, 106, 234, 273, 298
53, 54, 99, 227, 261, 279
