FLL Scheduler GA Summary Report (ID: 1671183864816 | Hash: -3843417157942785863)

Attributes:
--------------------
rank: 0
origin: (C | KPoint(k=3))
mutations: 0
clones: 0
_hash: -3843417157942785863
Length: 318

Fitness:
--------------------------
BreakTime           : 0.6427688729811734
LocationConsistency : 0.47279680406345836
OpponentVariety     : 0.9761300838275399
-----------------------------------
Total               : 2.0916957608721716
Percentage          : 69.72%

Per-Objective Statistics (Team Distribution):
-----------------------------------------------------------------
Objective                 | Min      | Max      | Avg      | Range   
-----------------------------------------------------------------
BreakTime                 | 0.504463 | 0.600323 | 0.553539 | 0.095860
LocationConsistency       | 0.266667 | 0.366667 | 0.340881 | 0.100000
OpponentVariety           | 0.752717 | 1.000000 | 0.995334 | 0.247283

Team fitnesses (sorted by total fitness descending):
----------------------------------------------------
Max     : 1.953983
Min     : 1.615299
Range   : 0.338683
Average : 1.889754

Team |BreakTime |LocationConsistency |OpponentVariety |Sum
------------------------------------------------------------
70462|0.587316  |0.366667            |1.000000        |1.9540
68279|0.600323  |0.350000            |1.000000        |1.9503
74585|0.598864  |0.350000            |1.000000        |1.9489
67231|0.597907  |0.350000            |1.000000        |1.9479
67239|0.580002  |0.366667            |1.000000        |1.9467
74584|0.591319  |0.350000            |1.000000        |1.9413
54584|0.590713  |0.350000            |1.000000        |1.9407
73685|0.590186  |0.350000            |1.000000        |1.9402
65867|0.589884  |0.350000            |1.000000        |1.9399
71211|0.588323  |0.350000            |1.000000        |1.9383
3703 |0.570889  |0.366667            |1.000000        |1.9376
26789|0.568727  |0.366667            |1.000000        |1.9354
31853|0.577928  |0.350000            |1.000000        |1.9279
71263|0.577162  |0.350000            |1.000000        |1.9272
65302|0.575169  |0.350000            |1.000000        |1.9252
74586|0.573105  |0.350000            |1.000000        |1.9231
61147|0.552618  |0.366667            |1.000000        |1.9193
56419|0.564398  |0.350000            |1.000000        |1.9144
58575|0.564183  |0.350000            |1.000000        |1.9142
61859|0.562898  |0.350000            |1.000000        |1.9129
61798|0.545579  |0.366667            |1.000000        |1.9122
72160|0.562144  |0.350000            |1.000000        |1.9121
13864|0.545467  |0.366667            |1.000000        |1.9121
49129|0.556399  |0.350000            |1.000000        |1.9064
4893 |0.537738  |0.366667            |1.000000        |1.9044
63371|0.553171  |0.350000            |1.000000        |1.9032
66737|0.552305  |0.350000            |1.000000        |1.9023
67555|0.534364  |0.366667            |1.000000        |1.9010
40146|0.532598  |0.366667            |1.000000        |1.8993
74057|0.546256  |0.350000            |1.000000        |1.8963
58709|0.545906  |0.350000            |1.000000        |1.8959
53457|0.538352  |0.350000            |1.000000        |1.8884
53313|0.536761  |0.350000            |1.000000        |1.8868
63372|0.530725  |0.350000            |1.000000        |1.8807
60950|0.529841  |0.350000            |1.000000        |1.8798
59828|0.513048  |0.366667            |1.000000        |1.8797
51930|0.526915  |0.350000            |1.000000        |1.8769
59320|0.524808  |0.350000            |1.000000        |1.8748
64425|0.523336  |0.350000            |1.000000        |1.8733
54665|0.521665  |0.350000            |1.000000        |1.8717
55394|0.520670  |0.350000            |1.000000        |1.8707
59826|0.514615  |0.350000            |1.000000        |1.8646
57674|0.508869  |0.350000            |1.000000        |1.8589
58408|0.504463  |0.350000            |1.000000        |1.8545
73598|0.578227  |0.266667            |1.000000        |1.8449
55396|0.568109  |0.266667            |1.000000        |1.8348
13867|0.566739  |0.266667            |1.000000        |1.8334
31854|0.560575  |0.266667            |1.000000        |1.8272
66339|0.560481  |0.266667            |1.000000        |1.8271
31855|0.534536  |0.266667            |1.000000        |1.8012
18686|0.533399  |0.266667            |1.000000        |1.8001
65253|0.515011  |0.266667            |1.000000        |1.7817
64424|0.512582  |0.350000            |0.752717        |1.6153

Team Events (sorted, for dev use, diff check with others to ensure truly different schedules created):
------------------------------------------------------------
0, 106, 162, 184, 228, 250
1, 115, 131, 181, 235, 292
2, 80, 136, 197, 256, 300
3, 96, 134, 194, 248, 317
4, 112, 138, 205, 244, 306
5, 81, 153, 191, 222, 289
6, 82, 157, 177, 225, 269
7, 98, 135, 176, 199, 291
8, 101, 146, 190, 215, 266
9, 102, 142, 196, 270, 312
10, 119, 156, 180, 212, 282
11, 133, 144, 204, 264, 320
12, 121, 149, 169, 258, 281
13, 122, 160, 216, 240, 321
14, 116, 151, 168, 208, 303
15, 123, 158, 195, 237, 259
16, 111, 154, 200, 231, 288
17, 105, 159, 173, 238, 265
18, 69, 155, 185, 275, 323
19, 128, 163, 201, 243, 315
20, 58, 137, 189, 226, 293
21, 141, 164, 175, 260, 324
22, 66, 143, 178, 242, 307
23, 61, 152, 221, 278, 325
24, 70, 161, 206, 290, 314
25, 76, 140, 170, 236, 296
26, 65, 150, 174, 220, 268
27, 57, 89, 193, 253, 322
28, 64, 88, 167, 233, 280
29, 62, 109, 166, 249, 305
30, 74, 100, 172, 230, 302
31, 68, 107, 171, 211, 271
32, 56, 110, 186, 210, 286
34, 60, 103, 192, 239, 295
35, 72, 94, 182, 217, 308
36, 63, 97, 207, 263, 301
37, 55, 120, 183, 214, 255
38, 67, 95, 224, 267, 310
39, 92, 139, 203, 241, 297
40, 71, 130, 179, 202, 274
41, 84, 108, 187, 232, 276
42, 86, 118, 218, 254, 309
43, 85, 132, 188, 219, 299
44, 73, 129, 209, 284, 318
45, 77, 113, 234, 273, 298
46, 75, 148, 252, 272, 316
47, 83, 114, 251, 283, 311
48, 54, 99, 227, 261, 279
49, 79, 165, 223, 247, 304
50, 59, 93, 257, 285, 313
51, 78, 104, 198, 245, 277
52, 117, 147, 213, 229, 294
53, 87, 145, 246, 262, 319
