FLL Scheduler GA Summary Report (ID: 1671183865824 | Hash: 8640632401004016497)

Attributes:
--------------------
rank: 0
origin: (C | KPoint(k=3))
mutations: 0
clones: 0
_hash: 8640632401004016497
Length: 318

Fitness:
--------------------------
BreakTime           : 0.6427688729811734
LocationConsistency : 0.47279680406345836
OpponentVariety     : 0.9761300838275399
-----------------------------------
Total               : 2.0916957608721716
Percentage          : 69.72%

Per-Objective Statistics (Team Distribution):
-----------------------------------------------------------------
Objective                 | Min      | Max      | Avg      | Range   
-----------------------------------------------------------------
BreakTime                 | 0.504463 | 0.600323 | 0.553539 | 0.095860
LocationConsistency       | 0.266667 | 0.366667 | 0.340881 | 0.100000
OpponentVariety           | 0.752717 | 1.000000 | 0.995334 | 0.247283

Team fitnesses (sorted by total fitness descending):
----------------------------------------------------
Max     : 1.953983
Min     : 1.615299
Range   : 0.338683
Average : 1.889754

Team |BreakTime |LocationConsistency |OpponentVariety |Sum
------------------------------------------------------------
66737|0.587316  |0.366667            |1.000000        |1.9540
65867|0.600323  |0.350000            |1.000000        |1.9503
74585|0.598864  |0.350000            |1.000000        |1.9489
65302|0.597907  |0.350000            |1.000000        |1.9479
67231|0.580002  |0.366667            |1.000000        |1.9467
74584|0.591319  |0.350000            |1.000000        |1.9413
53457|0.590713  |0.350000            |1.000000        |1.9407
73685|0.590186  |0.350000            |1.000000        |1.9402
67555|0.589884  |0.350000            |1.000000        |1.9399
71211|0.588323  |0.350000            |1.000000        |1.9383
26789|0.570889  |0.366667            |1.000000        |1.9376
13867|0.568727  |0.366667            |1.000000        |1.9354
31854|0.577928  |0.350000            |1.000000        |1.9279
71263|0.577162  |0.350000            |1.000000        |1.9272
67239|0.575169  |0.350000            |1.000000        |1.9252
74586|0.573105  |0.350000            |1.000000        |1.9231
61798|0.552618  |0.366667            |1.000000        |1.9193
59826|0.564398  |0.350000            |1.000000        |1.9144
59320|0.564183  |0.350000            |1.000000        |1.9142
64424|0.562898  |0.350000            |1.000000        |1.9129
65253|0.545579  |0.366667            |1.000000        |1.9122
72160|0.562144  |0.350000            |1.000000        |1.9121
4893 |0.545467  |0.366667            |1.000000        |1.9121
51930|0.556399  |0.350000            |1.000000        |1.9064
18686|0.537738  |0.366667            |1.000000        |1.9044
61859|0.553171  |0.350000            |1.000000        |1.9032
68279|0.552305  |0.350000            |1.000000        |1.9023
66339|0.534364  |0.366667            |1.000000        |1.9010
40146|0.532598  |0.366667            |1.000000        |1.8993
74057|0.546256  |0.350000            |1.000000        |1.8963
56419|0.545906  |0.350000            |1.000000        |1.8959
55394|0.538352  |0.350000            |1.000000        |1.8884
54665|0.536761  |0.350000            |1.000000        |1.8868
61147|0.530725  |0.350000            |1.000000        |1.8807
58575|0.529841  |0.350000            |1.000000        |1.8798
60950|0.513048  |0.366667            |1.000000        |1.8797
53313|0.526915  |0.350000            |1.000000        |1.8769
59828|0.524808  |0.350000            |1.000000        |1.8748
63371|0.523336  |0.350000            |1.000000        |1.8733
49129|0.521665  |0.350000            |1.000000        |1.8717
55396|0.520670  |0.350000            |1.000000        |1.8707
58709|0.514615  |0.350000            |1.000000        |1.8646
58408|0.508869  |0.350000            |1.000000        |1.8589
57674|0.504463  |0.350000            |1.000000        |1.8545
73598|0.578227  |0.266667            |1.000000        |1.8449
54584|0.568109  |0.266667            |1.000000        |1.8348
3703 |0.566739  |0.266667            |1.000000        |1.8334
31855|0.560575  |0.266667            |1.000000        |1.8272
70462|0.560481  |0.266667            |1.000000        |1.8271
31853|0.534536  |0.266667            |1.000000        |1.8012
13864|0.533399  |0.266667            |1.000000        |1.8001
64425|0.515011  |0.266667            |1.000000        |1.7817
63372|0.512582  |0.350000            |0.752717        |1.6153

Team Events (sorted, for dev use, diff check with others to ensure truly different schedules created):
------------------------------------------------------------
0, 96, 134, 194, 248, 317
1, 80, 136, 197, 256, 300
2, 112, 138, 205, 244, 306
3, 81, 153, 191, 222, 289
4, 115, 131, 181, 235, 292
5, 106, 162, 184, 228, 250
6, 101, 146, 190, 215, 266
7, 82, 157, 177, 225, 269
8, 98, 135, 176, 199, 291
9, 102, 142, 196, 270, 312
10, 123, 158, 195, 237, 259
11, 119, 156, 180, 212, 282
12, 133, 144, 204, 264, 320
13, 116, 151, 168, 208, 303
14, 105, 159, 173, 238, 265
15, 121, 149, 169, 258, 281
16, 122, 160, 216, 240, 321
17, 111, 154, 200, 231, 288
18, 66, 143, 178, 242, 307
19, 58, 137, 189, 226, 293
20, 128, 163, 201, 243, 315
21, 65, 150, 174, 220, 268
22, 70, 161, 206, 290, 314
23, 141, 164, 175, 260, 324
24, 69, 155, 185, 275, 323
25, 61, 152, 221, 278, 325
26, 76, 140, 170, 236, 296
27, 68, 107, 171, 211, 271
28, 57, 89, 193, 253, 322
29, 74, 100, 172, 230, 302
30, 60, 103, 192, 239, 295
32, 56, 110, 186, 210, 286
33, 62, 109, 166, 249, 305
34, 72, 94, 182, 217, 308
35, 64, 88, 167, 233, 280
36, 71, 130, 179, 202, 274
37, 85, 132, 188, 219, 299
38, 86, 118, 218, 254, 309
39, 73, 129, 209, 284, 318
40, 84, 108, 187, 232, 276
41, 63, 97, 207, 263, 301
42, 55, 120, 183, 214, 255
43, 92, 139, 203, 241, 297
44, 67, 95, 224, 267, 310
45, 77, 113, 234, 273, 298
46, 75, 148, 252, 272, 316
47, 83, 114, 251, 283, 311
48, 54, 99, 227, 261, 279
49, 79, 165, 223, 247, 304
50, 59, 93, 257, 285, 313
51, 78, 104, 198, 245, 277
52, 117, 147, 213, 229, 294
53, 87, 145, 246, 262, 319
