FLL Scheduler GA Summary Report (ID: 1492498928288 | Hash: 8439433234035320712)

Attributes:
--------------------
rank: 0
origin: (C | KPoint(k=2))
mutations: 0
clones: 0
_hash: 8439433234035320712
Length: 318

Fitness:
--------------------------
BreakTime           : 0.24452760610372407
LocationConsistency : 0.0
OpponentVariety     : 0.07947171096052882
-----------------------------------
Total               : 0.3239993170642529
Percentage          : 10.80%

Per-Objective Statistics (Team Distribution):
-----------------------------------------------------------------
Objective                 | Min      | Max      | Avg      | Range   
-----------------------------------------------------------------
BreakTime                 | 0.0004   | 0.9321   | 0.5280   | 0.9317  
LocationConsistency       | 0.0417   | 0.6417   | 0.2368   | 0.6000  
OpponentVariety           | 0.7527   | 1.0000   | 0.9953   | 0.2473  

Team fitnesses (sorted by total fitness descending):
----------------------------------------------------
Max     : 2.491690
Min     : 1.090421
Range   : 1.401269
Average : 1.760136

Team |BreakTime |LocationConsistency |OpponentVariety |Sum
------------------------------------------------------------
50   |0.8500    |0.6417              |1.0000          |2.4917
40   |0.6625    |0.6417              |1.0000          |2.3042
52   |0.8925    |0.2667              |1.0000          |2.1592
45   |0.8865    |0.2667              |1.0000          |2.1531
47   |0.8790    |0.2667              |1.0000          |2.1457
46   |0.8672    |0.2667              |1.0000          |2.1338
49   |0.7914    |0.2667              |1.0000          |2.0581
42   |0.6717    |0.3500              |1.0000          |2.0217
7    |0.6453    |0.3667              |1.0000          |2.0120
48   |0.9321    |0.0417              |1.0000          |1.9738
4    |0.6205    |0.3500              |1.0000          |1.9705
44   |0.6764    |0.2667              |1.0000          |1.9431
43   |0.5922    |0.3500              |1.0000          |1.9422
53   |0.8900    |0.0500              |1.0000          |1.9400
2    |0.5713    |0.3667              |1.0000          |1.9380
5    |0.5759    |0.3500              |1.0000          |1.9259
41   |0.6466    |0.2667              |1.0000          |1.9133
51   |0.8031    |0.1000              |1.0000          |1.9031
14   |0.6362    |0.2667              |1.0000          |1.9029
33   |0.5344    |0.3500              |1.0000          |1.8844
13   |0.5319    |0.3500              |1.0000          |1.8819
39   |0.6044    |0.2667              |1.0000          |1.8710
1    |0.5960    |0.2667              |1.0000          |1.8626
12   |0.5893    |0.2667              |1.0000          |1.8560
29   |0.5616    |0.2667              |1.0000          |1.8282
17   |0.5543    |0.2667              |1.0000          |1.8210
28   |0.5141    |0.2667              |1.0000          |1.7807
38   |0.6490    |0.0417              |1.0000          |1.6906
24   |0.0454    |0.6417              |1.0000          |1.6871
6    |0.6097    |0.0500              |1.0000          |1.6597
36   |0.6152    |0.0417              |1.0000          |1.6569
37   |0.5817    |0.0750              |1.0000          |1.6567
8    |0.6082    |0.0417              |1.0000          |1.6499
22   |0.5457    |0.3500              |0.7527          |1.6484
27   |0.0044    |0.6417              |1.0000          |1.6461
9    |0.5855    |0.0500              |1.0000          |1.6355
18   |0.5785    |0.0500              |1.0000          |1.6285
10   |0.5836    |0.0417              |1.0000          |1.6253
15   |0.5640    |0.0417              |1.0000          |1.6057
11   |0.5619    |0.0417              |1.0000          |1.6036
26   |0.5523    |0.0500              |1.0000          |1.6023
23   |0.5478    |0.0417              |1.0000          |1.5895
3    |0.5463    |0.0417              |1.0000          |1.5880
16   |0.5237    |0.0417              |1.0000          |1.5653
30   |0.5133    |0.0500              |1.0000          |1.5633
21   |0.0473    |0.3667              |1.0000          |1.4140
32   |0.0475    |0.3500              |1.0000          |1.3975
19   |0.0004    |0.3500              |1.0000          |1.3504
20   |0.0465    |0.2667              |1.0000          |1.3132
25   |0.0004    |0.2667              |1.0000          |1.2671
35   |0.0004    |0.2667              |1.0000          |1.2671
31   |0.0004    |0.2667              |1.0000          |1.2671
34   |0.0488    |0.0417              |1.0000          |1.0904

Team Events (sorted, for dev use, diff check with others to ensure truly different schedules created):
------------------------------------------------------------
0, 91, 154, 187, 224, 292
1, 96, 144, 197, 230, 296
2, 101, 143, 204, 241, 286
3, 102, 156, 188, 231, 308
4, 94, 153, 209, 273, 315
5, 103, 165, 211, 262, 318
6, 104, 160, 176, 246, 293
7, 95, 146, 181, 235, 300
8, 98, 149, 183, 228, 295
9, 122, 161, 192, 277, 316
10, 113, 158, 203, 247, 309
11, 127, 162, 180, 229, 282
12, 120, 151, 210, 256, 312
13, 123, 159, 177, 251, 324
14, 118, 157, 194, 252, 313
15, 125, 152, 206, 249, 306
16, 121, 163, 193, 236, 278
17, 124, 155, 182, 255, 311
19, 79, 141, 207, 223, 270
20, 77, 145, 220, 267, 305
21, 70, 142, 219, 268, 310
22, 61, 147, 170, 221, 274
23, 59, 150, 200, 250, 317
24, 85, 148, 191, 237, 276
25, 74, 137, 202, 214, 272
26, 56, 164, 205, 245, 294
27, 71, 89, 215, 265, 284
28, 54, 87, 199, 258, 297
29, 60, 88, 172, 234, 281
30, 55, 90, 190, 232, 280
31, 100, 117, 218, 263, 285
32, 64, 97, 217, 257, 301
33, 58, 92, 185, 226, 289
34, 69, 99, 208, 260, 298
35, 86, 105, 213, 225, 271
36, 65, 115, 196, 239, 288
37, 68, 116, 201, 243, 283
38, 57, 107, 189, 248, 290
39, 62, 106, 212, 264, 314
40, 72, 119, 166, 216, 279
41, 76, 114, 186, 240, 303
42, 67, 111, 179, 222, 299
43, 63, 110, 198, 238, 291
44, 66, 112, 184, 269, 321
45, 93, 136, 167, 233, 304
46, 82, 139, 175, 259, 325
47, 81, 140, 169, 261, 323
48, 73, 126, 173, 244, 322
49, 78, 138, 195, 266, 319
50, 83, 135, 168, 227, 287
51, 84, 132, 174, 254, 302
52, 75, 133, 178, 253, 320
53, 80, 134, 171, 242, 307
