FLL Scheduler GA Summary Report (ID: 2132126146496 | Hash: -2492358552265255811)

Attributes:
--------------------
rank: 0
origin: (C | TimeSlotCrossover)
mutations: 1
clones: 0
_hash: -2492358552265255811
Length: 318

Fitness:
--------------------------
BreakTime           : 0.31062795876048954
LocationConsistency : 0.0
OpponentVariety     : 0.8754111684107535
-----------------------------------
Total               : 1.186039127171243
Percentage          : 39.53%

Per-Objective Statistics (Team Distribution):
-----------------------------------------------------------------
Objective                 | Min      | Max      | Avg      | Range   
-----------------------------------------------------------------
BreakTime                 | 0.0004   | 0.9193   | 0.5394   | 0.9189  
LocationConsistency       | 0.0417   | 0.9500   | 0.2261   | 0.9083  
OpponentVariety           | 0.7527   | 1.0000   | 0.9953   | 0.2473  

Team fitnesses (sorted by total fitness descending):
----------------------------------------------------
Max     : 2.554359
Min     : 0.803112
Range   : 1.751248
Average : 1.760817

Team |BreakTime |LocationConsistency |OpponentVariety |Sum
------------------------------------------------------------
36   |0.6044    |0.9500              |1.0000          |2.5544
43   |0.6732    |0.6417              |1.0000          |2.3148
4    |0.5895    |0.6417              |1.0000          |2.2312
48   |0.8630    |0.3500              |1.0000          |2.2130
7    |0.5474    |0.6417              |1.0000          |2.1891
47   |0.9193    |0.2667              |1.0000          |2.1860
49   |0.8925    |0.2667              |1.0000          |2.1592
50   |0.8793    |0.2667              |1.0000          |2.1460
35   |0.5616    |0.5250              |1.0000          |2.0866
52   |0.7914    |0.2667              |1.0000          |2.0581
42   |0.6764    |0.3500              |1.0000          |2.0264
3    |0.6216    |0.3667              |1.0000          |1.9883
5    |0.6329    |0.3500              |1.0000          |1.9829
9    |0.6005    |0.3667              |1.0000          |1.9672
46   |0.9185    |0.0417              |1.0000          |1.9602
45   |0.9139    |0.0417              |1.0000          |1.9555
25   |0.6013    |0.3500              |1.0000          |1.9513
53   |0.8865    |0.0417              |1.0000          |1.9281
51   |0.8672    |0.0500              |1.0000          |1.9172
37   |0.6273    |0.2667              |1.0000          |1.8939
44   |0.6257    |0.2667              |1.0000          |1.8923
17   |0.5389    |0.3500              |1.0000          |1.8889
10   |0.6158    |0.2667              |1.0000          |1.8825
27   |0.5133    |0.3500              |1.0000          |1.8633
40   |0.5936    |0.2667              |1.0000          |1.8603
12   |0.5901    |0.2667              |1.0000          |1.8568
32   |0.5002    |0.3500              |1.0000          |1.8502
41   |0.5809    |0.2667              |1.0000          |1.8476
15   |0.5619    |0.2667              |1.0000          |1.8286
16   |0.5556    |0.2667              |1.0000          |1.8223
11   |0.5379    |0.2667              |1.0000          |1.8046
38   |0.6673    |0.0417              |1.0000          |1.7089
39   |0.6637    |0.0417              |1.0000          |1.7054
1    |0.6485    |0.0417              |1.0000          |1.6902
8    |0.5719    |0.0667              |1.0000          |1.6385
13   |0.5920    |0.0417              |1.0000          |1.6336
14   |0.5758    |0.0500              |1.0000          |1.6258
6    |0.5774    |0.0417              |1.0000          |1.6190
34   |0.5515    |0.0667              |1.0000          |1.6181
2    |0.5640    |0.0417              |1.0000          |1.6057
18   |0.5543    |0.0417              |1.0000          |1.5960
22   |0.5397    |0.0500              |1.0000          |1.5897
24   |0.5082    |0.0417              |1.0000          |1.5499
21   |0.4972    |0.0417              |1.0000          |1.5389
26   |0.0465    |0.2667              |1.0000          |1.3132
20   |0.0454    |0.2667              |1.0000          |1.3121
19   |0.0004    |0.2667              |1.0000          |1.2671
33   |0.0488    |0.0750              |1.0000          |1.1238
28   |0.0475    |0.0417              |1.0000          |1.0891
30   |0.0004    |0.0667              |1.0000          |1.0671
29   |0.0004    |0.0667              |1.0000          |1.0671
31   |0.0045    |0.0500              |1.0000          |1.0545
23   |0.0004    |0.0500              |0.7527          |0.8031

Team Events (sorted, for dev use, diff check with others to ensure truly different schedules created):
------------------------------------------------------------
0, 105, 163, 178, 224, 286
1, 95, 147, 210, 277, 318
2, 94, 150, 189, 242, 302
3, 99, 143, 183, 235, 300
4, 102, 155, 175, 239, 294
5, 103, 153, 208, 261, 310
6, 100, 149, 205, 249, 292
7, 97, 145, 196, 243, 298
8, 98, 154, 187, 226, 287
9, 125, 158, 182, 260, 322
10, 122, 157, 198, 263, 309
11, 120, 165, 197, 255, 316
12, 121, 160, 174, 223, 283
13, 127, 162, 193, 269, 305
14, 113, 164, 203, 252, 303
15, 118, 151, 195, 247, 308
16, 124, 152, 213, 276, 324
17, 123, 161, 192, 237, 284
19, 73, 138, 202, 220, 275
20, 84, 142, 191, 230, 272
21, 55, 148, 218, 273, 317
22, 57, 156, 200, 250, 304
23, 78, 130, 212, 228, 271
24, 59, 146, 204, 256, 301
25, 60, 159, 167, 215, 274
26, 71, 144, 214, 264, 307
27, 54, 90, 190, 232, 280
28, 69, 91, 216, 258, 297
29, 101, 117, 219, 262, 279
30, 88, 104, 221, 266, 278
31, 76, 87, 206, 227, 270
32, 58, 86, 211, 254, 299
33, 64, 96, 209, 257, 295
34, 61, 93, 179, 222, 289
35, 56, 89, 169, 217, 281
36, 63, 107, 207, 267, 311
37, 77, 116, 188, 231, 290
38, 67, 110, 177, 236, 293
39, 75, 119, 172, 225, 285
40, 62, 111, 199, 253, 291
41, 68, 106, 201, 240, 282
42, 66, 112, 184, 268, 320
43, 65, 114, 186, 248, 313
44, 72, 115, 185, 238, 288
45, 80, 140, 166, 241, 315
46, 81, 135, 170, 251, 325
47, 74, 126, 168, 244, 314
48, 85, 134, 181, 245, 312
49, 70, 131, 176, 246, 321
50, 83, 141, 171, 234, 296
51, 82, 137, 180, 259, 323
52, 79, 136, 194, 265, 319
53, 92, 139, 173, 233, 306
