FLL Scheduler GA Summary Report (ID: 2132118882560 | Hash: 9135610193600648230)

Attributes:
--------------------
rank: 0
origin: (C | KPoint(k=3))
mutations: 0
clones: 0
_hash: 9135610193600648230
Length: 318

Fitness:
--------------------------
BreakTime           : 0.31062795876048954
LocationConsistency : 0.0
OpponentVariety     : 0.8754111684107535
-----------------------------------
Total               : 1.186039127171243
Percentage          : 39.53%

Per-Objective Statistics (Team Distribution):
-----------------------------------------------------------------
Objective                 | Min      | Max      | Avg      | Range   
-----------------------------------------------------------------
BreakTime                 | 0.0004   | 0.9193   | 0.5394   | 0.9189  
LocationConsistency       | 0.0417   | 0.6417   | 0.1756   | 0.6000  
OpponentVariety           | 0.7527   | 1.0000   | 0.9953   | 0.2473  

Team fitnesses (sorted by total fitness descending):
----------------------------------------------------
Max     : 2.267338
Min     : 1.019778
Range   : 1.247559
Average : 1.710345

Team |BreakTime |LocationConsistency |OpponentVariety |Sum
------------------------------------------------------------
44   |0.6257    |0.6417              |1.0000          |2.2673
52   |0.8630    |0.3667              |1.0000          |2.2297
31   |0.5616    |0.6417              |1.0000          |2.2032
48   |0.8865    |0.2667              |1.0000          |2.1531
33   |0.5002    |0.6417              |1.0000          |2.1419
49   |0.8672    |0.2667              |1.0000          |2.1338
46   |0.9139    |0.0500              |1.0000          |1.9639
51   |0.9193    |0.0417              |1.0000          |1.9610
50   |0.9185    |0.0417              |1.0000          |1.9602
23   |0.6013    |0.3500              |1.0000          |1.9513
40   |0.6732    |0.2667              |1.0000          |1.9398
6    |0.5895    |0.3500              |1.0000          |1.9395
45   |0.8925    |0.0417              |1.0000          |1.9342
38   |0.6673    |0.2667              |1.0000          |1.9339
47   |0.8793    |0.0417              |1.0000          |1.9210
14   |0.5543    |0.3500              |1.0000          |1.9043
5    |0.6216    |0.2667              |1.0000          |1.8883
39   |0.5936    |0.2667              |1.0000          |1.8603
41   |0.5809    |0.2667              |1.0000          |1.8476
15   |0.5758    |0.2667              |1.0000          |1.8424
9    |0.5719    |0.2667              |1.0000          |1.8385
53   |0.7914    |0.0417              |1.0000          |1.8331
8    |0.5640    |0.2667              |1.0000          |1.8307
17   |0.5619    |0.2667              |1.0000          |1.8286
30   |0.5515    |0.2667              |1.0000          |1.8181
35   |0.5133    |0.2667              |1.0000          |1.7800
42   |0.6764    |0.0500              |1.0000          |1.7264
1    |0.6485    |0.0667              |1.0000          |1.7152
43   |0.6637    |0.0417              |1.0000          |1.7054
16   |0.6158    |0.0667              |1.0000          |1.6825
37   |0.6273    |0.0500              |1.0000          |1.6773
7    |0.6329    |0.0417              |1.0000          |1.6745
12   |0.5920    |0.0667              |1.0000          |1.6586
36   |0.6044    |0.0500              |1.0000          |1.6544
3    |0.6005    |0.0500              |1.0000          |1.6505
13   |0.5901    |0.0417              |1.0000          |1.6318
2    |0.5774    |0.0417              |1.0000          |1.6190
18   |0.5389    |0.0750              |1.0000          |1.6139
4    |0.5474    |0.0500              |1.0000          |1.5974
10   |0.5556    |0.0417              |1.0000          |1.5973
21   |0.5397    |0.0500              |1.0000          |1.5897
11   |0.5379    |0.0500              |1.0000          |1.5879
25   |0.4972    |0.0667              |1.0000          |1.5639
20   |0.5082    |0.0417              |1.0000          |1.5499
29   |0.0045    |0.3667              |1.0000          |1.3711
32   |0.0004    |0.3500              |1.0000          |1.3504
27   |0.0488    |0.0750              |1.0000          |1.1238
28   |0.0475    |0.0500              |1.0000          |1.0975
22   |0.0465    |0.0500              |1.0000          |1.0965
24   |0.0454    |0.0500              |1.0000          |1.0954
19   |0.0004    |0.0500              |1.0000          |1.0504
34   |0.0004    |0.0417              |1.0000          |1.0421
26   |0.0004    |0.2667              |0.7527          |1.0198

Team Events (sorted, for dev use, diff check with others to ensure truly different schedules created):
------------------------------------------------------------
0, 105, 161, 178, 224, 286
1, 103, 154, 208, 260, 310
2, 96, 153, 186, 226, 287
3, 94, 149, 204, 249, 292
4, 101, 151, 188, 241, 303
5, 97, 143, 183, 232, 295
6, 102, 152, 175, 244, 301
7, 100, 147, 211, 277, 318
8, 98, 145, 191, 240, 297
9, 124, 150, 192, 247, 309
10, 120, 157, 198, 268, 308
11, 122, 162, 174, 223, 283
12, 123, 165, 190, 255, 316
13, 121, 163, 195, 231, 279
14, 127, 160, 194, 262, 304
15, 119, 159, 182, 261, 322
16, 115, 164, 202, 252, 302
17, 118, 155, 212, 276, 324
18, 72, 138, 203, 220, 275
19, 59, 146, 205, 256, 294
20, 56, 156, 201, 250, 305
21, 77, 144, 214, 267, 307
22, 55, 158, 170, 215, 274
23, 79, 142, 196, 236, 273
24, 60, 148, 218, 272, 317
26, 85, 130, 213, 228, 270
27, 67, 99, 209, 257, 300
28, 63, 90, 216, 259, 299
29, 71, 87, 206, 227, 271
30, 54, 92, 179, 222, 289
31, 57, 88, 172, 217, 280
32, 89, 104, 221, 265, 285
33, 58, 86, 210, 254, 296
34, 95, 110, 219, 269, 284
35, 61, 91, 197, 234, 281
36, 68, 107, 207, 264, 311
37, 70, 111, 189, 237, 290
38, 64, 117, 177, 230, 293
39, 69, 116, 199, 253, 291
40, 66, 113, 187, 248, 313
41, 62, 106, 200, 243, 282
42, 65, 114, 184, 263, 320
43, 74, 125, 167, 225, 278
44, 73, 112, 185, 245, 288
45, 76, 131, 176, 246, 321
46, 81, 140, 171, 242, 315
47, 83, 141, 168, 233, 298
48, 93, 139, 166, 235, 306
49, 82, 137, 180, 258, 323
50, 80, 135, 169, 251, 325
51, 75, 126, 173, 239, 314
52, 78, 134, 181, 238, 312
53, 84, 136, 193, 266, 319
