FLL Scheduler GA Summary Report (ID: 2132126148624 | Hash: -2602182272856643292)

Attributes:
--------------------
rank: 0
origin: (C | KPoint(k=3))
mutations: 0
clones: 0
_hash: -2602182272856643292
Length: 318

Fitness:
--------------------------
BreakTime           : 0.31062795876048954
LocationConsistency : 0.0
OpponentVariety     : 0.8754111684107535
-----------------------------------
Total               : 1.186039127171243
Percentage          : 39.53%

Per-Objective Statistics (Team Distribution):
-----------------------------------------------------------------
Objective                 | Min      | Max      | Avg      | Range   
-----------------------------------------------------------------
BreakTime                 | 0.0004   | 0.9193   | 0.5394   | 0.9189  
LocationConsistency       | 0.0417   | 0.9500   | 0.2072   | 0.9083  
OpponentVariety           | 0.7527   | 1.0000   | 0.9953   | 0.2473  

Team fitnesses (sorted by total fitness descending):
----------------------------------------------------
Max     : 2.623154
Min     : 1.019778
Range   : 1.603376
Average : 1.741949

Team |BreakTime |LocationConsistency |OpponentVariety |Sum
------------------------------------------------------------
44   |0.6732    |0.9500              |1.0000          |2.6232
3    |0.6216    |0.6417              |1.0000          |2.2633
52   |0.8793    |0.3500              |1.0000          |2.2293
47   |0.9193    |0.2667              |1.0000          |2.1860
53   |0.9139    |0.2667              |1.0000          |2.1805
50   |0.7914    |0.3500              |1.0000          |2.1414
46   |0.9185    |0.0417              |1.0000          |1.9602
36   |0.6044    |0.3500              |1.0000          |1.9544
23   |0.6013    |0.3500              |1.0000          |1.9513
48   |0.8630    |0.0750              |1.0000          |1.9380
49   |0.8925    |0.0417              |1.0000          |1.9342
39   |0.6637    |0.2667              |1.0000          |1.9304
45   |0.8865    |0.0417              |1.0000          |1.9281
51   |0.8672    |0.0500              |1.0000          |1.9172
1    |0.6485    |0.2667              |1.0000          |1.9152
32   |0.5616    |0.3500              |1.0000          |1.9116
18   |0.5543    |0.3500              |1.0000          |1.9043
43   |0.6257    |0.2667              |1.0000          |1.8923
24   |0.5397    |0.3500              |1.0000          |1.8897
17   |0.5389    |0.3500              |1.0000          |1.8889
10   |0.6158    |0.2667              |1.0000          |1.8825
40   |0.5936    |0.2667              |1.0000          |1.8603
13   |0.5920    |0.2667              |1.0000          |1.8586
4    |0.5895    |0.2667              |1.0000          |1.8562
7    |0.5719    |0.2667              |1.0000          |1.8385
35   |0.5515    |0.2667              |1.0000          |1.8181
6    |0.5474    |0.2667              |1.0000          |1.8141
11   |0.5379    |0.2667              |1.0000          |1.8046
30   |0.5133    |0.2667              |1.0000          |1.7800
42   |0.6764    |0.0500              |1.0000          |1.7264
38   |0.6673    |0.0500              |1.0000          |1.7173
8    |0.6329    |0.0500              |1.0000          |1.6829
37   |0.6273    |0.0417              |1.0000          |1.6689
9    |0.6005    |0.0417              |1.0000          |1.6422
15   |0.5901    |0.0417              |1.0000          |1.6318
41   |0.5809    |0.0417              |1.0000          |1.6226
5    |0.5774    |0.0417              |1.0000          |1.6190
14   |0.5758    |0.0417              |1.0000          |1.6174
12   |0.5619    |0.0500              |1.0000          |1.6119
2    |0.5640    |0.0417              |1.0000          |1.6057
16   |0.5556    |0.0417              |1.0000          |1.5973
26   |0.4972    |0.0667              |1.0000          |1.5639
29   |0.5002    |0.0500              |1.0000          |1.5502
22   |0.5082    |0.0417              |1.0000          |1.5499
28   |0.0004    |0.3667              |1.0000          |1.3671
33   |0.0045    |0.3500              |1.0000          |1.3545
25   |0.0465    |0.2667              |1.0000          |1.3132
21   |0.0454    |0.2667              |1.0000          |1.3121
20   |0.0004    |0.2667              |1.0000          |1.2671
34   |0.0488    |0.0500              |1.0000          |1.0988
31   |0.0475    |0.0417              |1.0000          |1.0891
27   |0.0004    |0.0417              |1.0000          |1.0421
19   |0.0004    |0.2667              |0.7527          |1.0198

Team Events (sorted, for dev use, diff check with others to ensure truly different schedules created):
------------------------------------------------------------
0, 102, 161, 178, 224, 286
1, 100, 147, 210, 277, 318
2, 101, 150, 189, 242, 302
3, 96, 143, 183, 235, 300
4, 108, 153, 208, 261, 310
5, 95, 149, 205, 251, 292
6, 98, 145, 191, 243, 298
7, 109, 155, 175, 239, 294
8, 97, 154, 187, 228, 287
9, 125, 158, 182, 260, 322
10, 122, 157, 198, 263, 309
11, 112, 164, 203, 247, 303
12, 121, 163, 174, 223, 283
13, 126, 160, 194, 269, 305
14, 120, 165, 190, 255, 316
15, 118, 151, 192, 253, 308
16, 124, 152, 213, 276, 324
17, 123, 162, 195, 236, 284
18, 85, 130, 212, 226, 271
20, 73, 138, 202, 220, 275
21, 79, 142, 196, 231, 272
22, 59, 146, 204, 256, 301
23, 54, 159, 170, 215, 274
24, 57, 156, 200, 249, 304
25, 71, 144, 214, 264, 307
26, 60, 148, 218, 273, 317
27, 88, 103, 221, 266, 278
28, 94, 110, 219, 262, 279
29, 58, 92, 211, 254, 299
30, 61, 90, 197, 233, 280
31, 69, 91, 216, 258, 297
32, 56, 89, 172, 217, 281
33, 76, 93, 206, 229, 270
34, 64, 99, 209, 257, 295
35, 55, 86, 179, 222, 289
36, 63, 106, 207, 267, 311
37, 77, 111, 188, 230, 290
38, 67, 116, 177, 237, 293
39, 75, 119, 167, 225, 285
40, 62, 117, 199, 246, 291
41, 68, 107, 201, 240, 282
42, 66, 113, 184, 268, 320
43, 72, 115, 185, 238, 288
44, 65, 114, 186, 250, 313
45, 87, 139, 166, 232, 306
46, 82, 135, 169, 248, 325
47, 74, 131, 173, 244, 315
48, 78, 134, 181, 245, 312
49, 70, 127, 176, 252, 321
50, 84, 137, 193, 265, 319
51, 81, 136, 180, 259, 323
52, 80, 140, 168, 234, 296
53, 83, 141, 171, 241, 314
