FLL Scheduler GA Summary Report (ID: 2132118893872 | Hash: 4089248423789462140)

Attributes:
--------------------
rank: 0
origin: (C | KPoint(k=1))
mutations: 1
clones: 0
_hash: 4089248423789462140
Length: 318

Fitness:
--------------------------
BreakTime           : 0.31062795876048954
LocationConsistency : 0.0
OpponentVariety     : 0.8754111684107535
-----------------------------------
Total               : 1.186039127171243
Percentage          : 39.53%

Per-Objective Statistics (Team Distribution):
-----------------------------------------------------------------
Objective                 | Min      | Max      | Avg      | Range   
-----------------------------------------------------------------
BreakTime                 | 0.0004   | 0.9193   | 0.5394   | 0.9189  
LocationConsistency       | 0.0417   | 0.6417   | 0.2069   | 0.6000  
OpponentVariety           | 0.7527   | 1.0000   | 0.9953   | 0.2473  

Team fitnesses (sorted by total fitness descending):
----------------------------------------------------
Max     : 2.433100
Min     : 1.019778
Range   : 1.413322
Average : 1.741634

Team |BreakTime |LocationConsistency |OpponentVariety |Sum
------------------------------------------------------------
52   |0.7914    |0.6417              |1.0000          |2.4331
37   |0.6273    |0.6417              |1.0000          |2.2689
53   |0.8865    |0.3500              |1.0000          |2.2365
44   |0.5936    |0.6417              |1.0000          |2.2353
50   |0.8630    |0.3500              |1.0000          |2.2130
46   |0.9185    |0.2667              |1.0000          |2.1852
49   |0.8925    |0.2667              |1.0000          |2.1592
45   |0.9139    |0.0500              |1.0000          |1.9639
51   |0.9193    |0.0417              |1.0000          |1.9610
10   |0.5920    |0.3667              |1.0000          |1.9586
36   |0.6764    |0.2667              |1.0000          |1.9431
41   |0.6732    |0.2667              |1.0000          |1.9398
43   |0.6673    |0.2667              |1.0000          |1.9339
48   |0.8793    |0.0417              |1.0000          |1.9210
47   |0.8672    |0.0500              |1.0000          |1.9172
1    |0.6485    |0.2667              |1.0000          |1.9152
2    |0.5640    |0.3500              |1.0000          |1.9140
13   |0.5389    |0.3500              |1.0000          |1.8889
17   |0.5379    |0.3500              |1.0000          |1.8879
23   |0.6013    |0.2667              |1.0000          |1.8680
38   |0.5809    |0.2667              |1.0000          |1.8476
34   |0.5616    |0.2667              |1.0000          |1.8282
11   |0.5556    |0.2667              |1.0000          |1.8223
25   |0.5082    |0.2667              |1.0000          |1.7749
32   |0.5002    |0.2667              |1.0000          |1.7669
39   |0.6637    |0.0417              |1.0000          |1.7054
40   |0.6257    |0.0667              |1.0000          |1.6923
3    |0.6216    |0.0667              |1.0000          |1.6883
9    |0.6329    |0.0500              |1.0000          |1.6829
16   |0.6158    |0.0667              |1.0000          |1.6825
7    |0.6005    |0.0667              |1.0000          |1.6672
42   |0.6044    |0.0417              |1.0000          |1.6460
20   |0.0004    |0.6417              |1.0000          |1.6421
28   |0.0004    |0.6417              |1.0000          |1.6421
12   |0.5901    |0.0500              |1.0000          |1.6401
5    |0.5719    |0.0667              |1.0000          |1.6385
4    |0.5895    |0.0417              |1.0000          |1.6312
8    |0.5774    |0.0500              |1.0000          |1.6274
18   |0.5758    |0.0417              |1.0000          |1.6174
14   |0.5543    |0.0500              |1.0000          |1.6043
15   |0.5619    |0.0417              |1.0000          |1.6036
35   |0.5515    |0.0417              |1.0000          |1.5931
21   |0.5397    |0.0500              |1.0000          |1.5897
6    |0.5474    |0.0417              |1.0000          |1.5891
22   |0.0454    |0.5250              |1.0000          |1.5704
30   |0.5133    |0.0417              |1.0000          |1.5550
24   |0.4972    |0.0417              |1.0000          |1.5389
27   |0.0475    |0.2667              |1.0000          |1.3141
29   |0.0488    |0.0667              |1.0000          |1.1154
19   |0.0465    |0.0500              |1.0000          |1.0965
33   |0.0045    |0.0750              |1.0000          |1.0795
31   |0.0004    |0.0500              |1.0000          |1.0504
26   |0.0004    |0.2667              |0.7527          |1.0198

Team Events (sorted, for dev use, diff check with others to ensure truly different schedules created):
------------------------------------------------------------
0, 109, 161, 177, 224, 286
1, 101, 144, 208, 270, 318
2, 100, 156, 183, 241, 302
3, 97, 149, 188, 232, 295
4, 98, 146, 191, 240, 297
5, 94, 143, 205, 250, 292
6, 96, 152, 185, 228, 287
7, 103, 154, 211, 254, 310
8, 102, 153, 180, 244, 301
9, 123, 163, 181, 223, 283
10, 124, 157, 192, 247, 308
11, 122, 165, 190, 260, 316
12, 119, 155, 207, 271, 324
13, 120, 162, 195, 231, 279
14, 114, 164, 203, 253, 303
15, 118, 158, 189, 255, 322
16, 121, 150, 198, 262, 309
17, 132, 160, 194, 269, 305
18, 76, 147, 214, 266, 306
19, 72, 138, 202, 220, 272
20, 59, 151, 201, 249, 304
21, 84, 148, 196, 236, 274
22, 61, 159, 170, 215, 273
23, 55, 142, 218, 275, 317
24, 56, 145, 204, 257, 294
25, 78, 129, 206, 226, 277
27, 63, 90, 216, 258, 299
28, 95, 116, 219, 263, 284
29, 67, 99, 210, 256, 300
30, 54, 91, 197, 234, 281
31, 88, 108, 221, 265, 285
32, 57, 86, 209, 261, 296
33, 71, 87, 213, 229, 276
34, 58, 89, 173, 217, 280
35, 60, 93, 176, 222, 289
36, 64, 115, 187, 268, 321
37, 70, 117, 182, 237, 290
38, 62, 104, 200, 243, 282
39, 75, 125, 167, 225, 278
40, 73, 113, 186, 245, 288
41, 66, 112, 184, 251, 313
42, 69, 105, 212, 264, 311
43, 65, 110, 178, 230, 293
44, 68, 111, 199, 252, 291
45, 80, 140, 171, 242, 314
46, 81, 135, 169, 248, 325
47, 82, 136, 175, 259, 323
48, 83, 141, 168, 233, 298
49, 77, 128, 179, 246, 320
50, 85, 134, 174, 238, 312
51, 74, 133, 172, 239, 315
52, 79, 137, 193, 267, 319
53, 92, 139, 166, 235, 307
