FLL Scheduler GA Summary Report (ID: 2132037128976 | Hash: 8666506091902723832)

Attributes:
--------------------
rank: 0
origin: (C | RoundTypeCrossover)
mutations: 1
clones: 0
_hash: 8666506091902723832
Length: 318

Fitness:
--------------------------
BreakTime           : 0.31062795876048954
LocationConsistency : 0.0
OpponentVariety     : 0.8754111684107535
-----------------------------------
Total               : 1.186039127171243
Percentage          : 39.53%

Per-Objective Statistics (Team Distribution):
-----------------------------------------------------------------
Objective                 | Min      | Max      | Avg      | Range   
-----------------------------------------------------------------
BreakTime                 | 0.0004   | 0.9193   | 0.5394   | 0.9189  
LocationConsistency       | 0.0417   | 0.9500   | 0.2549   | 0.9083  
OpponentVariety           | 0.7527   | 1.0000   | 0.9953   | 0.2473  

Team fitnesses (sorted by total fitness descending):
----------------------------------------------------
Max     : 2.554359
Min     : 0.794778
Range   : 1.759581
Average : 1.789590

Team |BreakTime |LocationConsistency |OpponentVariety |Sum
------------------------------------------------------------
36   |0.6044    |0.9500              |1.0000          |2.5544
2    |0.5895    |0.9500              |1.0000          |2.5395
32   |0.5616    |0.9500              |1.0000          |2.5116
52   |0.7914    |0.6417              |1.0000          |2.4331
49   |0.8925    |0.3667              |1.0000          |2.2592
50   |0.8793    |0.3500              |1.0000          |2.2293
45   |0.8865    |0.2667              |1.0000          |2.1531
51   |0.8672    |0.2667              |1.0000          |2.1338
48   |0.8630    |0.2667              |1.0000          |2.1297
5    |0.6216    |0.3667              |1.0000          |1.9883
47   |0.9193    |0.0500              |1.0000          |1.9693
53   |0.9139    |0.0500              |1.0000          |1.9639
46   |0.9185    |0.0417              |1.0000          |1.9602
24   |0.6013    |0.3500              |1.0000          |1.9513
44   |0.6732    |0.2667              |1.0000          |1.9398
1    |0.6485    |0.2667              |1.0000          |1.9152
8    |0.6329    |0.2667              |1.0000          |1.8995
37   |0.6273    |0.2667              |1.0000          |1.8939
16   |0.5379    |0.3500              |1.0000          |1.8879
11   |0.6158    |0.2667              |1.0000          |1.8825
40   |0.5936    |0.2667              |1.0000          |1.8603
13   |0.5920    |0.2667              |1.0000          |1.8586
15   |0.5901    |0.2667              |1.0000          |1.8568
41   |0.5809    |0.2667              |1.0000          |1.8476
3    |0.5774    |0.2667              |1.0000          |1.8440
7    |0.5719    |0.2667              |1.0000          |1.8385
12   |0.5619    |0.2667              |1.0000          |1.8286
35   |0.5515    |0.2667              |1.0000          |1.8181
6    |0.5474    |0.2667              |1.0000          |1.8141
28   |0.5133    |0.2667              |1.0000          |1.7800
29   |0.5002    |0.2667              |1.0000          |1.7669
42   |0.6764    |0.0500              |1.0000          |1.7264
38   |0.6673    |0.0417              |1.0000          |1.7089
39   |0.6637    |0.0417              |1.0000          |1.7054
43   |0.6257    |0.0417              |1.0000          |1.6673
9    |0.6005    |0.0417              |1.0000          |1.6422
26   |0.0004    |0.6417              |1.0000          |1.6421
10   |0.5556    |0.0667              |1.0000          |1.6223
17   |0.5758    |0.0417              |1.0000          |1.6174
4    |0.5640    |0.0417              |1.0000          |1.6057
14   |0.5543    |0.0500              |1.0000          |1.6043
18   |0.5389    |0.0500              |1.0000          |1.5889
23   |0.5397    |0.0417              |1.0000          |1.5814
22   |0.5082    |0.0667              |1.0000          |1.5749
25   |0.4972    |0.0667              |1.0000          |1.5639
19   |0.0465    |0.3500              |1.0000          |1.3965
33   |0.0004    |0.3667              |1.0000          |1.3671
30   |0.0045    |0.3500              |1.0000          |1.3545
31   |0.0475    |0.2667              |1.0000          |1.3141
21   |0.0454    |0.2667              |1.0000          |1.3121
34   |0.0488    |0.0500              |1.0000          |1.0988
27   |0.0004    |0.0500              |1.0000          |1.0504
20   |0.0004    |0.0417              |0.7527          |0.7948

Team Events (sorted, for dev use, diff check with others to ensure truly different schedules created):
------------------------------------------------------------
0, 102, 161, 178, 224, 286
1, 96, 143, 183, 232, 295
2, 108, 154, 208, 260, 310
3, 100, 147, 210, 277, 318
4, 101, 157, 189, 242, 308
5, 95, 149, 205, 249, 292
6, 98, 145, 196, 243, 297
7, 109, 153, 175, 238, 301
8, 97, 152, 187, 229, 287
9, 124, 156, 195, 247, 302
10, 119, 158, 182, 261, 322
11, 112, 164, 203, 252, 309
12, 121, 163, 174, 223, 283
13, 123, 162, 192, 231, 279
14, 120, 165, 197, 255, 316
15, 122, 151, 198, 263, 303
16, 127, 160, 193, 269, 306
17, 118, 155, 213, 276, 324
18, 71, 144, 214, 264, 304
19, 78, 131, 212, 226, 271
20, 84, 142, 191, 236, 272
21, 58, 146, 204, 256, 294
22, 57, 150, 200, 250, 307
24, 54, 159, 167, 215, 274
25, 60, 148, 218, 273, 317
26, 75, 138, 202, 220, 275
27, 88, 103, 221, 266, 285
28, 61, 90, 190, 234, 281
29, 59, 92, 211, 254, 296
30, 76, 93, 206, 228, 270
31, 69, 91, 216, 259, 298
32, 56, 89, 169, 217, 280
33, 94, 110, 219, 262, 284
34, 64, 99, 209, 257, 300
35, 55, 86, 179, 222, 289
36, 63, 107, 207, 267, 311
37, 77, 111, 188, 237, 290
38, 67, 116, 177, 230, 293
39, 72, 125, 172, 225, 278
40, 62, 117, 199, 253, 291
41, 68, 106, 201, 240, 282
42, 66, 113, 184, 268, 320
43, 74, 115, 185, 239, 288
44, 65, 114, 186, 248, 315
45, 87, 139, 173, 235, 305
46, 81, 135, 170, 251, 325
47, 73, 130, 168, 245, 312
48, 85, 134, 181, 244, 314
49, 70, 126, 176, 246, 321
50, 83, 140, 171, 233, 299
51, 82, 136, 180, 258, 323
52, 79, 137, 194, 265, 319
53, 80, 141, 166, 241, 313
