FLL Scheduler GA Summary Report (ID: 2132111939440 | Hash: 5004983748748853145)

Attributes:
--------------------
rank: 0
origin: (C | KPoint(k=2))
mutations: 0
clones: 0
_hash: 5004983748748853145
Length: 318

Fitness:
--------------------------
BreakTime           : 0.31062795876048954
LocationConsistency : 0.0
OpponentVariety     : 0.8754111684107535
-----------------------------------
Total               : 1.186039127171243
Percentage          : 39.53%

Per-Objective Statistics (Team Distribution):
-----------------------------------------------------------------
Objective                 | Min      | Max      | Avg      | Range   
-----------------------------------------------------------------
BreakTime                 | 0.0004   | 0.9193   | 0.5394   | 0.9189  
LocationConsistency       | 0.0417   | 0.6417   | 0.2101   | 0.6000  
OpponentVariety           | 0.7527   | 1.0000   | 0.9953   | 0.2473  

Team fitnesses (sorted by total fitness descending):
----------------------------------------------------
Max     : 2.314821
Min     : 1.019778
Range   : 1.295043
Average : 1.744779

Team |BreakTime |LocationConsistency |OpponentVariety |Sum
------------------------------------------------------------
40   |0.6732    |0.6417              |1.0000          |2.3148
49   |0.9139    |0.3500              |1.0000          |2.2639
9    |0.5719    |0.6417              |1.0000          |2.2135
4    |0.5640    |0.6417              |1.0000          |2.2057
47   |0.9193    |0.2667              |1.0000          |2.1860
53   |0.8925    |0.2667              |1.0000          |2.1592
45   |0.8865    |0.2667              |1.0000          |2.1531
50   |0.8793    |0.2667              |1.0000          |2.1460
31   |0.5002    |0.6417              |1.0000          |2.1419
48   |0.8630    |0.2667              |1.0000          |2.1297
5    |0.6216    |0.3667              |1.0000          |1.9883
37   |0.6273    |0.3500              |1.0000          |1.9773
43   |0.5936    |0.3667              |1.0000          |1.9603
46   |0.9185    |0.0417              |1.0000          |1.9602
3    |0.5895    |0.3500              |1.0000          |1.9395
38   |0.6673    |0.2667              |1.0000          |1.9339
51   |0.8672    |0.0667              |1.0000          |1.9338
33   |0.5616    |0.3667              |1.0000          |1.9282
13   |0.5543    |0.3500              |1.0000          |1.9043
39   |0.6257    |0.2667              |1.0000          |1.8923
19   |0.5397    |0.3500              |1.0000          |1.8897
41   |0.5809    |0.2667              |1.0000          |1.8476
11   |0.5758    |0.2667              |1.0000          |1.8424
52   |0.7914    |0.0417              |1.0000          |1.8331
15   |0.5619    |0.2667              |1.0000          |1.8286
42   |0.6764    |0.0500              |1.0000          |1.7264
7    |0.6485    |0.0667              |1.0000          |1.7152
44   |0.6637    |0.0417              |1.0000          |1.7054
17   |0.6158    |0.0667              |1.0000          |1.6825
8    |0.6329    |0.0417              |1.0000          |1.6745
12   |0.5920    |0.0667              |1.0000          |1.6586
36   |0.6044    |0.0500              |1.0000          |1.6544
23   |0.6013    |0.0500              |1.0000          |1.6513
2    |0.6005    |0.0500              |1.0000          |1.6505
18   |0.5901    |0.0417              |1.0000          |1.6318
6    |0.5474    |0.0750              |1.0000          |1.6224
1    |0.5774    |0.0417              |1.0000          |1.6190
14   |0.5389    |0.0750              |1.0000          |1.6139
16   |0.5556    |0.0417              |1.0000          |1.5973
34   |0.5515    |0.0417              |1.0000          |1.5931
10   |0.5379    |0.0500              |1.0000          |1.5879
28   |0.5133    |0.0417              |1.0000          |1.5550
25   |0.5082    |0.0417              |1.0000          |1.5499
22   |0.4972    |0.0417              |1.0000          |1.5389
29   |0.0488    |0.3500              |1.0000          |1.3988
35   |0.0045    |0.3667              |1.0000          |1.3711
30   |0.0004    |0.3667              |1.0000          |1.3671
27   |0.0004    |0.3500              |1.0000          |1.3504
21   |0.0454    |0.0750              |1.0000          |1.1204
32   |0.0475    |0.0500              |1.0000          |1.0975
26   |0.0465    |0.0500              |1.0000          |1.0965
20   |0.0004    |0.0500              |1.0000          |1.0504
24   |0.0004    |0.2667              |0.7527          |1.0198

Team Events (sorted, for dev use, diff check with others to ensure truly different schedules created):
------------------------------------------------------------
0, 103, 154, 208, 260, 310
1, 99, 153, 186, 226, 287
2, 98, 143, 183, 232, 295
3, 94, 147, 211, 277, 318
4, 95, 151, 188, 241, 303
5, 101, 149, 204, 249, 292
6, 105, 161, 178, 224, 286
7, 102, 152, 175, 244, 301
8, 96, 145, 191, 240, 297
9, 120, 157, 198, 268, 308
10, 132, 160, 194, 262, 304
11, 122, 162, 174, 223, 283
12, 121, 163, 195, 231, 279
13, 118, 155, 212, 276, 324
14, 112, 164, 202, 252, 302
15, 124, 150, 192, 247, 309
16, 119, 159, 182, 261, 322
17, 123, 165, 190, 255, 316
18, 57, 156, 201, 250, 305
19, 72, 138, 203, 220, 275
21, 78, 142, 196, 236, 273
22, 55, 148, 218, 272, 317
23, 60, 158, 170, 215, 274
24, 85, 129, 213, 228, 270
25, 59, 146, 205, 256, 294
26, 77, 144, 214, 267, 307
27, 89, 104, 221, 265, 285
28, 54, 91, 197, 234, 281
29, 64, 97, 209, 257, 300
30, 100, 116, 219, 269, 284
31, 58, 86, 210, 254, 296
32, 69, 90, 216, 259, 299
33, 56, 88, 172, 217, 280
34, 61, 92, 179, 222, 289
35, 71, 87, 206, 227, 271
36, 62, 107, 207, 264, 311
37, 70, 117, 189, 237, 290
38, 67, 110, 177, 230, 293
39, 73, 114, 185, 245, 288
40, 65, 115, 187, 248, 313
41, 68, 106, 200, 243, 282
42, 66, 113, 184, 263, 320
43, 63, 111, 199, 253, 291
44, 74, 125, 167, 225, 278
45, 93, 139, 166, 235, 306
46, 82, 135, 169, 251, 325
47, 75, 133, 173, 239, 314
48, 79, 134, 181, 238, 312
49, 83, 140, 171, 242, 315
50, 80, 141, 168, 233, 298
51, 81, 137, 180, 258, 323
52, 84, 136, 193, 266, 319
53, 76, 128, 176, 246, 321
