FLL Scheduler GA Summary Report (ID: 2132111948512 | Hash: 2014859713462003293)

Attributes:
--------------------
rank: 0
origin: (C | RoundTypeCrossover)
mutations: 0
clones: 0
_hash: 2014859713462003293
Length: 318

Fitness:
--------------------------
BreakTime           : 0.31062795876048954
LocationConsistency : 0.0
OpponentVariety     : 0.8754111684107535
-----------------------------------
Total               : 1.186039127171243
Percentage          : 39.53%

Per-Objective Statistics (Team Distribution):
-----------------------------------------------------------------
Objective                 | Min      | Max      | Avg      | Range   
-----------------------------------------------------------------
BreakTime                 | 0.0004   | 0.9193   | 0.5394   | 0.9189  
LocationConsistency       | 0.0417   | 0.6417   | 0.2440   | 0.6000  
OpponentVariety           | 0.7527   | 1.0000   | 0.9953   | 0.2473  

Team fitnesses (sorted by total fitness descending):
----------------------------------------------------
Max     : 2.388011
Min     : 1.123754
Range   : 1.264257
Average : 1.778741

Team |BreakTime |LocationConsistency |OpponentVariety |Sum
------------------------------------------------------------
50   |0.8630    |0.5250              |1.0000          |2.3880
40   |0.6732    |0.6417              |1.0000          |2.3148
51   |0.9193    |0.3500              |1.0000          |2.2693
16   |0.6158    |0.6417              |1.0000          |2.2575
45   |0.8865    |0.3500              |1.0000          |2.2365
7    |0.5640    |0.6417              |1.0000          |2.2057
49   |0.8925    |0.2667              |1.0000          |2.1592
30   |0.5133    |0.6417              |1.0000          |2.1550
46   |0.7914    |0.2667              |1.0000          |2.0581
6    |0.6329    |0.3500              |1.0000          |1.9829
53   |0.9139    |0.0500              |1.0000          |1.9639
52   |0.9185    |0.0417              |1.0000          |1.9602
38   |0.6764    |0.2667              |1.0000          |1.9431
12   |0.5901    |0.3500              |1.0000          |1.9401
2    |0.5895    |0.3500              |1.0000          |1.9395
41   |0.6637    |0.2667              |1.0000          |1.9304
48   |0.8793    |0.0500              |1.0000          |1.9293
4    |0.5774    |0.3500              |1.0000          |1.9274
47   |0.8672    |0.0500              |1.0000          |1.9172
9    |0.6485    |0.2667              |1.0000          |1.9152
43   |0.6273    |0.2667              |1.0000          |1.8939
21   |0.6013    |0.2667              |1.0000          |1.8680
10   |0.5920    |0.2667              |1.0000          |1.8586
39   |0.5809    |0.2667              |1.0000          |1.8476
18   |0.5758    |0.2667              |1.0000          |1.8424
1    |0.5719    |0.2667              |1.0000          |1.8385
15   |0.5619    |0.2667              |1.0000          |1.8286
8    |0.5474    |0.2667              |1.0000          |1.8141
22   |0.5082    |0.2667              |1.0000          |1.7749
36   |0.6673    |0.0500              |1.0000          |1.7173
5    |0.6216    |0.0667              |1.0000          |1.6883
44   |0.5936    |0.0750              |1.0000          |1.6686
42   |0.6257    |0.0417              |1.0000          |1.6673
37   |0.6044    |0.0500              |1.0000          |1.6544
3    |0.6005    |0.0500              |1.0000          |1.6505
25   |0.0004    |0.6417              |1.0000          |1.6421
13   |0.5389    |0.0750              |1.0000          |1.6139
11   |0.5556    |0.0500              |1.0000          |1.6056
14   |0.5543    |0.0500              |1.0000          |1.6043
34   |0.5616    |0.0417              |1.0000          |1.6032
35   |0.5515    |0.0417              |1.0000          |1.5931
24   |0.5397    |0.0500              |1.0000          |1.5897
17   |0.5379    |0.0500              |1.0000          |1.5879
32   |0.5002    |0.0417              |1.0000          |1.5419
20   |0.4972    |0.0417              |1.0000          |1.5389
26   |0.0004    |0.6417              |0.7527          |1.3948
31   |0.0004    |0.3500              |1.0000          |1.3504
27   |0.0475    |0.2667              |1.0000          |1.3141
19   |0.0465    |0.2667              |1.0000          |1.3132
23   |0.0454    |0.2667              |1.0000          |1.3121
33   |0.0045    |0.2667              |1.0000          |1.2711
28   |0.0004    |0.2667              |1.0000          |1.2671
29   |0.0488    |0.0750              |1.0000          |1.1238

Team Events (sorted, for dev use, diff check with others to ensure truly different schedules created):
------------------------------------------------------------
0, 98, 145, 196, 240, 297
1, 97, 143, 183, 232, 295
2, 96, 154, 187, 228, 292
3, 108, 152, 208, 254, 310
4, 100, 156, 189, 241, 302
5, 109, 155, 180, 244, 301
6, 101, 147, 211, 277, 318
7, 94, 149, 205, 250, 287
8, 103, 161, 177, 224, 293
9, 120, 163, 181, 223, 283
10, 119, 157, 195, 252, 308
11, 121, 164, 197, 261, 316
12, 123, 153, 212, 276, 324
13, 125, 162, 193, 231, 279
14, 115, 165, 203, 246, 303
15, 122, 158, 182, 255, 322
16, 124, 151, 198, 262, 309
17, 126, 160, 192, 269, 305
18, 71, 144, 214, 264, 306
19, 55, 148, 218, 272, 317
20, 61, 159, 169, 215, 274
21, 56, 146, 204, 256, 294
23, 79, 142, 191, 236, 273
24, 59, 150, 200, 249, 304
25, 75, 138, 202, 220, 275
26, 85, 130, 213, 226, 270
27, 62, 88, 216, 258, 299
28, 95, 110, 219, 263, 284
29, 67, 99, 209, 257, 300
30, 54, 89, 190, 234, 281
31, 90, 102, 221, 266, 285
32, 57, 87, 210, 260, 296
33, 76, 86, 206, 229, 271
34, 58, 91, 166, 217, 280
35, 60, 93, 176, 222, 290
36, 64, 116, 178, 230, 286
37, 68, 104, 207, 267, 311
38, 65, 114, 184, 268, 321
39, 63, 105, 201, 243, 282
40, 66, 113, 186, 251, 313
41, 72, 118, 172, 225, 278
42, 74, 112, 185, 245, 291
43, 77, 111, 188, 237, 288
44, 69, 117, 199, 247, 289
45, 92, 139, 173, 235, 307
46, 84, 137, 194, 265, 319
47, 81, 136, 175, 259, 323
48, 80, 141, 170, 233, 298
49, 70, 131, 179, 253, 320
50, 78, 134, 174, 238, 312
51, 73, 127, 167, 239, 315
52, 82, 135, 171, 248, 325
53, 83, 140, 168, 242, 314
