FLL Scheduler GA Summary Report (ID: 2132118886928 | Hash: 6753452870923741973)

Attributes:
--------------------
rank: 0
origin: (C | TimeSlotCrossover)
mutations: 0
clones: 0
_hash: 6753452870923741973
Length: 318

Fitness:
--------------------------
BreakTime           : 0.31062795876048954
LocationConsistency : 0.0
OpponentVariety     : 0.8754111684107535
-----------------------------------
Total               : 1.186039127171243
Percentage          : 39.53%

Per-Objective Statistics (Team Distribution):
-----------------------------------------------------------------
Objective                 | Min      | Max      | Avg      | Range   
-----------------------------------------------------------------
BreakTime                 | 0.0004   | 0.9193   | 0.5394   | 0.9189  
LocationConsistency       | 0.0417   | 0.6417   | 0.2057   | 0.6000  
OpponentVariety           | 0.7527   | 1.0000   | 0.9953   | 0.2473  

Team fitnesses (sorted by total fitness descending):
----------------------------------------------------
Max     : 2.314821
Min     : 1.019778
Range   : 1.295043
Average : 1.740376

Team |BreakTime |LocationConsistency |OpponentVariety |Sum
------------------------------------------------------------
40   |0.6732    |0.6417              |1.0000          |2.3148
43   |0.6257    |0.6417              |1.0000          |2.2673
15   |0.6158    |0.6417              |1.0000          |2.2575
50   |0.8793    |0.3500              |1.0000          |2.2293
47   |0.9193    |0.2667              |1.0000          |2.1860
46   |0.9185    |0.2667              |1.0000          |2.1852
53   |0.9139    |0.2667              |1.0000          |2.1805
49   |0.8925    |0.2667              |1.0000          |2.1592
48   |0.8630    |0.2667              |1.0000          |2.1297
52   |0.7914    |0.2667              |1.0000          |2.0581
4    |0.5895    |0.3500              |1.0000          |1.9395
45   |0.8865    |0.0417              |1.0000          |1.9281
10   |0.5556    |0.3667              |1.0000          |1.9223
51   |0.8672    |0.0500              |1.0000          |1.9172
1    |0.6485    |0.2667              |1.0000          |1.9152
2    |0.5640    |0.3500              |1.0000          |1.9140
3    |0.6329    |0.2667              |1.0000          |1.8995
21   |0.5397    |0.3500              |1.0000          |1.8897
5    |0.6216    |0.2667              |1.0000          |1.8883
12   |0.5901    |0.2667              |1.0000          |1.8568
8    |0.5774    |0.2667              |1.0000          |1.8440
16   |0.5758    |0.2667              |1.0000          |1.8424
7    |0.5719    |0.2667              |1.0000          |1.8385
14   |0.5619    |0.2667              |1.0000          |1.8286
6    |0.5474    |0.2667              |1.0000          |1.8141
27   |0.5133    |0.2667              |1.0000          |1.7800
42   |0.6764    |0.0500              |1.0000          |1.7264
38   |0.6673    |0.0500              |1.0000          |1.7173
39   |0.6637    |0.0417              |1.0000          |1.7054
37   |0.6273    |0.0417              |1.0000          |1.6689
44   |0.5936    |0.0667              |1.0000          |1.6603
36   |0.6044    |0.0417              |1.0000          |1.6460
24   |0.6013    |0.0417              |1.0000          |1.6430
9    |0.6005    |0.0417              |1.0000          |1.6422
11   |0.5920    |0.0500              |1.0000          |1.6420
41   |0.5809    |0.0500              |1.0000          |1.6309
30   |0.5616    |0.0667              |1.0000          |1.6282
18   |0.5543    |0.0500              |1.0000          |1.6043
31   |0.5515    |0.0417              |1.0000          |1.5931
17   |0.5389    |0.0500              |1.0000          |1.5889
13   |0.5379    |0.0417              |1.0000          |1.5796
20   |0.5082    |0.0667              |1.0000          |1.5749
25   |0.4972    |0.0667              |1.0000          |1.5639
34   |0.5002    |0.0417              |1.0000          |1.5419
33   |0.0475    |0.3500              |1.0000          |1.3975
32   |0.0004    |0.3667              |1.0000          |1.3671
23   |0.0465    |0.2667              |1.0000          |1.3132
19   |0.0004    |0.2667              |1.0000          |1.2671
35   |0.0004    |0.2667              |1.0000          |1.2671
28   |0.0488    |0.0667              |1.0000          |1.1154
22   |0.0454    |0.0500              |1.0000          |1.0954
29   |0.0045    |0.0500              |1.0000          |1.0545
26   |0.0004    |0.2667              |0.7527          |1.0198

Team Events (sorted, for dev use, diff check with others to ensure truly different schedules created):
------------------------------------------------------------
0, 102, 161, 178, 224, 286
1, 100, 147, 211, 277, 325
2, 109, 155, 174, 239, 301
3, 96, 143, 183, 235, 295
4, 101, 150, 189, 243, 303
5, 95, 149, 205, 250, 292
6, 98, 145, 196, 242, 296
7, 108, 153, 209, 261, 310
8, 97, 154, 187, 228, 287
9, 119, 151, 195, 247, 309
10, 121, 163, 175, 223, 280
11, 120, 165, 197, 255, 316
12, 122, 157, 198, 263, 308
13, 115, 164, 203, 248, 302
14, 124, 158, 182, 260, 322
15, 127, 160, 192, 269, 305
16, 125, 152, 212, 276, 319
17, 123, 162, 193, 236, 284
18, 72, 138, 202, 214, 275
19, 58, 146, 204, 256, 294
20, 56, 156, 200, 253, 304
22, 84, 142, 191, 231, 273
23, 70, 144, 221, 264, 307
24, 54, 159, 169, 220, 274
25, 60, 148, 217, 272, 317
26, 78, 129, 213, 226, 270
27, 61, 90, 190, 233, 282
28, 67, 99, 208, 257, 300
29, 76, 86, 207, 229, 271
30, 57, 89, 166, 218, 283
31, 55, 93, 179, 222, 289
32, 94, 110, 216, 262, 279
33, 62, 91, 219, 258, 298
34, 59, 87, 210, 254, 297
35, 88, 103, 215, 266, 278
36, 68, 106, 206, 267, 311
37, 77, 111, 188, 230, 290
38, 64, 116, 177, 237, 293
39, 74, 118, 172, 225, 285
40, 66, 113, 186, 251, 313
41, 63, 107, 201, 240, 281
42, 65, 114, 184, 268, 320
43, 73, 112, 185, 238, 288
44, 69, 117, 199, 249, 291
45, 92, 139, 173, 232, 306
46, 81, 134, 170, 252, 318
47, 75, 126, 167, 244, 315
48, 85, 135, 180, 245, 312
49, 71, 128, 176, 246, 321
50, 83, 140, 171, 234, 299
51, 82, 136, 181, 259, 323
52, 79, 137, 194, 265, 324
53, 80, 141, 168, 241, 314
