FLL Scheduler GA Summary Report (ID: 2132126147168 | Hash: -3937133474092874700)

Attributes:
--------------------
rank: 0
origin: (C | KPoint(k=2))
mutations: 1
clones: 0
_hash: -3937133474092874700
Length: 318

Fitness:
--------------------------
BreakTime           : 0.31062795876048954
LocationConsistency : 0.0
OpponentVariety     : 0.8754111684107535
-----------------------------------
Total               : 1.186039127171243
Percentage          : 39.53%

Per-Objective Statistics (Team Distribution):
-----------------------------------------------------------------
Objective                 | Min      | Max      | Avg      | Range   
-----------------------------------------------------------------
BreakTime                 | 0.0004   | 0.9193   | 0.5394   | 0.9189  
LocationConsistency       | 0.0417   | 0.6417   | 0.2239   | 0.6000  
OpponentVariety           | 0.7527   | 1.0000   | 0.9953   | 0.2473  

Team fitnesses (sorted by total fitness descending):
----------------------------------------------------
Max     : 2.263852
Min     : 1.071117
Range   : 1.192735
Average : 1.758615

Team |BreakTime |LocationConsistency |OpponentVariety |Sum
------------------------------------------------------------
46   |0.9139    |0.3500              |1.0000          |2.2639
47   |0.8793    |0.3500              |1.0000          |2.2293
34   |0.5616    |0.6417              |1.0000          |2.2032
51   |0.9193    |0.2667              |1.0000          |2.1860
27   |0.5133    |0.6417              |1.0000          |2.1550
48   |0.8865    |0.2667              |1.0000          |2.1531
49   |0.8672    |0.2667              |1.0000          |2.1338
52   |0.8630    |0.2667              |1.0000          |2.1297
23   |0.6013    |0.3667              |1.0000          |1.9680
50   |0.9185    |0.0417              |1.0000          |1.9602
45   |0.8925    |0.0667              |1.0000          |1.9592
38   |0.6044    |0.3500              |1.0000          |1.9544
42   |0.6764    |0.2667              |1.0000          |1.9431
40   |0.6732    |0.2667              |1.0000          |1.9398
18   |0.5556    |0.3667              |1.0000          |1.9223
32   |0.5515    |0.3667              |1.0000          |1.9181
7    |0.6485    |0.2667              |1.0000          |1.9152
4    |0.5474    |0.3667              |1.0000          |1.9141
14   |0.5543    |0.3500              |1.0000          |1.9043
37   |0.6273    |0.2667              |1.0000          |1.8939
17   |0.5379    |0.3500              |1.0000          |1.8879
12   |0.6158    |0.2667              |1.0000          |1.8825
6    |0.6005    |0.2667              |1.0000          |1.8672
39   |0.5936    |0.2667              |1.0000          |1.8603
35   |0.5002    |0.3500              |1.0000          |1.8502
41   |0.5809    |0.2667              |1.0000          |1.8476
13   |0.5758    |0.2667              |1.0000          |1.8424
53   |0.7914    |0.0417              |1.0000          |1.8331
21   |0.5397    |0.2667              |1.0000          |1.8064
36   |0.6673    |0.0417              |1.0000          |1.7089
2    |0.6329    |0.0750              |1.0000          |1.7079
44   |0.6637    |0.0417              |1.0000          |1.7054
43   |0.6257    |0.0417              |1.0000          |1.6673
15   |0.5920    |0.0750              |1.0000          |1.6670
5    |0.6216    |0.0417              |1.0000          |1.6633
9    |0.5719    |0.0750              |1.0000          |1.6469
16   |0.5901    |0.0417              |1.0000          |1.6318
8    |0.5895    |0.0417              |1.0000          |1.6312
1    |0.5774    |0.0417              |1.0000          |1.6190
3    |0.5640    |0.0500              |1.0000          |1.6140
11   |0.5619    |0.0417              |1.0000          |1.6036
10   |0.5389    |0.0500              |1.0000          |1.5889
20   |0.5082    |0.0667              |1.0000          |1.5749
26   |0.4972    |0.0750              |1.0000          |1.5722
22   |0.0465    |0.3500              |1.0000          |1.3965
25   |0.0004    |0.6417              |0.7527          |1.3948
28   |0.0004    |0.3500              |1.0000          |1.3504
31   |0.0475    |0.2667              |1.0000          |1.3141
19   |0.0004    |0.2667              |1.0000          |1.2671
33   |0.0004    |0.2667              |1.0000          |1.2671
29   |0.0488    |0.0750              |1.0000          |1.1238
24   |0.0454    |0.0500              |1.0000          |1.0954
30   |0.0045    |0.0667              |1.0000          |1.0711

Team Events (sorted, for dev use, diff check with others to ensure truly different schedules created):
------------------------------------------------------------
0, 105, 154, 208, 260, 310
1, 104, 152, 174, 244, 294
2, 95, 146, 211, 277, 325
3, 101, 149, 205, 249, 286
4, 94, 156, 189, 242, 303
5, 98, 153, 187, 226, 292
6, 109, 163, 178, 224, 293
7, 99, 142, 183, 232, 300
8, 97, 145, 191, 243, 299
9, 118, 155, 212, 276, 319
10, 113, 164, 203, 253, 302
11, 119, 158, 182, 261, 321
12, 132, 162, 194, 262, 304
13, 123, 161, 195, 231, 279
14, 120, 160, 175, 223, 283
15, 121, 165, 190, 255, 316
16, 122, 150, 198, 268, 308
17, 125, 157, 192, 247, 309
18, 73, 138, 202, 220, 272
19, 59, 147, 204, 256, 301
20, 56, 151, 200, 250, 305
21, 70, 144, 214, 267, 307
22, 55, 159, 170, 215, 273
24, 78, 143, 196, 236, 275
25, 84, 126, 213, 228, 270
26, 60, 148, 218, 274, 317
27, 61, 90, 197, 234, 281
28, 89, 108, 221, 265, 285
29, 64, 96, 209, 257, 295
30, 77, 93, 206, 227, 271
31, 68, 91, 216, 259, 297
32, 54, 86, 179, 222, 290
33, 100, 111, 219, 269, 284
34, 57, 88, 172, 217, 280
35, 58, 92, 210, 254, 298
36, 67, 117, 176, 230, 287
37, 76, 110, 188, 237, 289
38, 63, 107, 207, 264, 311
39, 62, 116, 199, 252, 288
40, 65, 115, 186, 248, 313
41, 69, 106, 201, 240, 282
42, 66, 112, 184, 263, 323
43, 72, 114, 185, 245, 291
44, 74, 124, 167, 225, 278
45, 71, 127, 177, 246, 322
46, 83, 140, 171, 241, 315
47, 81, 141, 168, 233, 296
48, 87, 139, 166, 235, 306
49, 80, 137, 180, 258, 320
50, 82, 135, 169, 251, 318
51, 75, 133, 173, 239, 314
52, 79, 134, 181, 238, 312
53, 85, 136, 193, 266, 324
