FLL Scheduler GA Summary Report (ID: 2132111941232 | Hash: 2802662746605216716)

Attributes:
--------------------
rank: 0
origin: (C | RoundTypeCrossover)
mutations: 0
clones: 0
_hash: 2802662746605216716
Length: 318

Fitness:
--------------------------
BreakTime           : 0.31062795876048954
LocationConsistency : 0.0
OpponentVariety     : 0.8754111684107535
-----------------------------------
Total               : 1.186039127171243
Percentage          : 39.53%

Per-Objective Statistics (Team Distribution):
-----------------------------------------------------------------
Objective                 | Min      | Max      | Avg      | Range   
-----------------------------------------------------------------
BreakTime                 | 0.0004   | 0.9193   | 0.5394   | 0.9189  
LocationConsistency       | 0.0417   | 0.9500   | 0.2091   | 0.9083  
OpponentVariety           | 0.7527   | 1.0000   | 0.9953   | 0.2473  

Team fitnesses (sorted by total fitness descending):
----------------------------------------------------
Max     : 2.508826
Min     : 0.794778
Range   : 1.714048
Average : 1.743835

Team |BreakTime |LocationConsistency |OpponentVariety |Sum
------------------------------------------------------------
51   |0.8672    |0.6417              |1.0000          |2.5088
27   |0.5133    |0.9500              |1.0000          |2.4633
52   |0.7914    |0.6417              |1.0000          |2.4331
9    |0.6005    |0.6417              |1.0000          |2.2422
50   |0.8793    |0.3500              |1.0000          |2.2293
41   |0.6732    |0.5250              |1.0000          |2.1982
46   |0.9185    |0.2667              |1.0000          |2.1852
49   |0.9139    |0.2667              |1.0000          |2.1805
53   |0.8925    |0.2667              |1.0000          |2.1592
48   |0.8630    |0.2667              |1.0000          |2.1297
42   |0.6673    |0.3500              |1.0000          |2.0173
47   |0.9193    |0.0417              |1.0000          |1.9610
38   |0.6044    |0.3500              |1.0000          |1.9544
45   |0.8865    |0.0417              |1.0000          |1.9281
6    |0.5474    |0.3500              |1.0000          |1.8974
44   |0.6257    |0.2667              |1.0000          |1.8923
15   |0.6158    |0.2667              |1.0000          |1.8825
2    |0.5895    |0.2667              |1.0000          |1.8562
39   |0.5809    |0.2667              |1.0000          |1.8476
17   |0.5758    |0.2667              |1.0000          |1.8424
7    |0.5719    |0.2667              |1.0000          |1.8385
12   |0.5619    |0.2667              |1.0000          |1.8286
35   |0.5515    |0.2667              |1.0000          |1.8181
26   |0.5397    |0.2667              |1.0000          |1.8064
21   |0.5082    |0.2667              |1.0000          |1.7749
37   |0.6764    |0.0667              |1.0000          |1.7431
43   |0.6637    |0.0417              |1.0000          |1.7054
1    |0.6485    |0.0417              |1.0000          |1.6902
36   |0.6273    |0.0500              |1.0000          |1.6773
8    |0.6329    |0.0417              |1.0000          |1.6745
5    |0.6216    |0.0500              |1.0000          |1.6716
24   |0.6013    |0.0667              |1.0000          |1.6680
40   |0.5936    |0.0417              |1.0000          |1.6353
11   |0.5920    |0.0417              |1.0000          |1.6336
18   |0.5901    |0.0417              |1.0000          |1.6318
32   |0.5616    |0.0667              |1.0000          |1.6282
3    |0.5774    |0.0417              |1.0000          |1.6190
16   |0.5389    |0.0750              |1.0000          |1.6139
4    |0.5640    |0.0417              |1.0000          |1.6057
10   |0.5556    |0.0417              |1.0000          |1.5973
14   |0.5543    |0.0417              |1.0000          |1.5960
13   |0.5379    |0.0500              |1.0000          |1.5879
29   |0.5002    |0.0417              |1.0000          |1.5419
19   |0.4972    |0.0417              |1.0000          |1.5389
20   |0.0465    |0.3500              |1.0000          |1.3965
30   |0.0045    |0.3500              |1.0000          |1.3545
22   |0.0454    |0.2667              |1.0000          |1.3121
33   |0.0004    |0.2667              |1.0000          |1.2671
34   |0.0488    |0.0750              |1.0000          |1.1238
31   |0.0475    |0.0750              |1.0000          |1.1225
23   |0.0004    |0.0750              |1.0000          |1.0754
28   |0.0004    |0.0417              |1.0000          |1.0421
25   |0.0004    |0.0417              |0.7527          |0.7948

Team Events (sorted, for dev use, diff check with others to ensure truly different schedules created):
------------------------------------------------------------
0, 105, 163, 178, 224, 286
1, 99, 148, 189, 235, 295
2, 103, 154, 208, 260, 310
3, 95, 144, 211, 277, 318
4, 94, 157, 183, 241, 303
5, 100, 142, 204, 249, 292
6, 97, 146, 191, 240, 297
7, 102, 153, 175, 244, 301
8, 98, 152, 184, 226, 287
9, 118, 156, 192, 247, 309
10, 122, 160, 174, 223, 283
11, 115, 164, 202, 252, 302
12, 121, 151, 198, 268, 308
13, 120, 161, 195, 236, 279
14, 124, 158, 188, 261, 322
15, 125, 155, 212, 276, 324
16, 132, 162, 194, 262, 305
17, 123, 165, 190, 255, 316
18, 60, 143, 217, 272, 317
19, 70, 147, 220, 267, 307
20, 56, 145, 205, 256, 294
21, 84, 149, 196, 231, 273
22, 72, 136, 203, 214, 275
23, 55, 159, 169, 221, 274
24, 78, 129, 213, 228, 271
25, 58, 150, 201, 250, 304
27, 61, 89, 197, 233, 281
28, 90, 104, 215, 265, 285
29, 57, 87, 210, 254, 296
30, 77, 86, 206, 227, 270
31, 68, 88, 219, 259, 299
32, 59, 91, 167, 218, 280
33, 101, 110, 216, 269, 284
34, 64, 96, 209, 257, 300
35, 54, 93, 179, 222, 289
36, 76, 111, 182, 230, 290
37, 66, 114, 187, 263, 320
38, 63, 107, 207, 264, 311
39, 69, 106, 200, 243, 282
40, 62, 116, 199, 253, 291
41, 65, 113, 185, 248, 313
42, 67, 117, 177, 237, 293
43, 74, 119, 172, 225, 278
44, 73, 112, 186, 245, 288
45, 92, 137, 173, 232, 306
46, 81, 141, 170, 251, 325
47, 75, 133, 166, 239, 314
48, 85, 140, 181, 238, 312
49, 80, 135, 168, 242, 315
50, 83, 134, 171, 234, 298
51, 82, 139, 180, 258, 323
52, 79, 138, 193, 266, 319
53, 71, 128, 176, 246, 321
