FLL Scheduler GA Summary Report (ID: 2132126143584 | Hash: 4611185953390751140)

Attributes:
--------------------
rank: 0
origin: (C | RoundTypeCrossover)
mutations: 3
clones: 3
_hash: 4611185953390751140
Length: 318

Fitness:
--------------------------
BreakTime           : 0.31062795876048954
LocationConsistency : 0.0
OpponentVariety     : 0.8754111684107535
-----------------------------------
Total               : 1.186039127171243
Percentage          : 39.53%

Per-Objective Statistics (Team Distribution):
-----------------------------------------------------------------
Objective                 | Min      | Max      | Avg      | Range   
-----------------------------------------------------------------
BreakTime                 | 0.0004   | 0.9193   | 0.5394   | 0.9189  
LocationConsistency       | 0.0417   | 0.6417   | 0.1959   | 0.6000  
OpponentVariety           | 0.7527   | 1.0000   | 0.9953   | 0.2473  

Team fitnesses (sorted by total fitness descending):
----------------------------------------------------
Max     : 2.528134
Min     : 1.019778
Range   : 1.508355
Average : 1.730628

Team |BreakTime |LocationConsistency |OpponentVariety |Sum
------------------------------------------------------------
49   |0.8865    |0.6417              |1.0000          |2.5281
46   |0.7914    |0.6417              |1.0000          |2.4331
48   |0.8630    |0.5250              |1.0000          |2.3880
47   |0.9193    |0.3500              |1.0000          |2.2693
45   |0.9139    |0.3500              |1.0000          |2.2639
52   |0.8672    |0.3500              |1.0000          |2.2172
51   |0.9185    |0.2667              |1.0000          |2.1852
39   |0.6257    |0.3667              |1.0000          |1.9923
6    |0.6329    |0.3500              |1.0000          |1.9829
9    |0.6005    |0.3500              |1.0000          |1.9505
8    |0.5895    |0.3500              |1.0000          |1.9395
53   |0.8925    |0.0417              |1.0000          |1.9342
50   |0.8793    |0.0500              |1.0000          |1.9293
31   |0.5616    |0.3667              |1.0000          |1.9282
20   |0.5397    |0.3500              |1.0000          |1.8897
22   |0.5082    |0.3667              |1.0000          |1.8749
36   |0.6044    |0.2667              |1.0000          |1.8710
44   |0.5936    |0.2667              |1.0000          |1.8603
16   |0.5758    |0.2667              |1.0000          |1.8424
5    |0.5719    |0.2667              |1.0000          |1.8385
11   |0.5556    |0.2667              |1.0000          |1.8223
3    |0.5474    |0.2667              |1.0000          |1.8141
17   |0.5389    |0.2667              |1.0000          |1.8056
33   |0.5002    |0.2667              |1.0000          |1.7669
38   |0.6764    |0.0667              |1.0000          |1.7431
40   |0.6732    |0.0500              |1.0000          |1.7232
41   |0.6673    |0.0500              |1.0000          |1.7173
43   |0.6637    |0.0417              |1.0000          |1.7054
1    |0.6485    |0.0417              |1.0000          |1.6902
15   |0.6158    |0.0667              |1.0000          |1.6825
37   |0.6273    |0.0500              |1.0000          |1.6773
25   |0.6013    |0.0750              |1.0000          |1.6763
2    |0.6216    |0.0500              |1.0000          |1.6716
18   |0.5901    |0.0500              |1.0000          |1.6401
10   |0.5920    |0.0417              |1.0000          |1.6336
42   |0.5809    |0.0500              |1.0000          |1.6309
14   |0.5543    |0.0750              |1.0000          |1.6293
4    |0.5774    |0.0500              |1.0000          |1.6274
7    |0.5640    |0.0417              |1.0000          |1.6057
12   |0.5619    |0.0417              |1.0000          |1.6036
27   |0.5515    |0.0417              |1.0000          |1.5931
13   |0.5379    |0.0500              |1.0000          |1.5879
26   |0.4972    |0.0750              |1.0000          |1.5722
30   |0.5133    |0.0417              |1.0000          |1.5550
23   |0.0465    |0.3500              |1.0000          |1.3965
32   |0.0045    |0.3500              |1.0000          |1.3545
28   |0.0004    |0.2667              |1.0000          |1.2671
19   |0.0454    |0.0667              |1.0000          |1.1121
34   |0.0488    |0.0417              |1.0000          |1.0904
29   |0.0475    |0.0417              |1.0000          |1.0891
24   |0.0004    |0.0500              |1.0000          |1.0504
35   |0.0004    |0.0500              |1.0000          |1.0504
21   |0.0004    |0.2667              |0.7527          |1.0198

Team Events (sorted, for dev use, diff check with others to ensure truly different schedules created):
------------------------------------------------------------
0, 103, 163, 177, 224, 293
1, 101, 151, 188, 241, 308
2, 94, 149, 198, 250, 287
3, 108, 153, 208, 261, 317
4, 98, 145, 197, 240, 297
5, 109, 155, 180, 244, 301
6, 100, 146, 211, 271, 325
7, 96, 142, 183, 232, 295
8, 97, 154, 186, 228, 292
9, 122, 160, 181, 223, 283
10, 125, 150, 194, 252, 302
11, 115, 164, 200, 246, 309
12, 120, 157, 204, 263, 303
13, 121, 161, 192, 231, 279
14, 119, 159, 182, 260, 321
15, 126, 162, 193, 269, 306
16, 118, 152, 212, 270, 319
17, 123, 165, 196, 255, 311
18, 79, 143, 190, 236, 275
19, 57, 156, 203, 249, 307
20, 85, 129, 213, 226, 276
21, 59, 147, 199, 259, 294
22, 77, 144, 214, 264, 304
23, 72, 138, 201, 220, 273
25, 54, 158, 168, 215, 272
26, 60, 148, 218, 274, 310
27, 55, 93, 176, 222, 290
28, 95, 110, 219, 262, 284
29, 69, 90, 216, 257, 299
30, 61, 91, 191, 234, 281
31, 56, 88, 166, 217, 280
32, 71, 86, 206, 229, 277
33, 58, 87, 210, 254, 296
34, 64, 99, 209, 258, 300
35, 89, 102, 221, 266, 285
36, 63, 104, 207, 267, 316
37, 70, 111, 189, 237, 288
38, 66, 114, 184, 268, 323
39, 73, 113, 185, 245, 291
40, 65, 112, 187, 251, 314
41, 67, 116, 178, 230, 286
42, 68, 105, 202, 243, 282
43, 74, 124, 173, 225, 278
44, 62, 117, 205, 247, 289
45, 81, 141, 169, 242, 313
46, 84, 137, 195, 265, 324
47, 75, 127, 167, 239, 312
48, 78, 134, 174, 238, 315
49, 92, 139, 172, 235, 305
50, 83, 140, 170, 233, 298
51, 80, 135, 171, 248, 318
52, 82, 136, 175, 256, 320
53, 76, 128, 179, 253, 322
