FLL Scheduler GA Summary Report (ID: 2132037140176 | Hash: -2858230708990225420)

Attributes:
--------------------
rank: 0
origin: (C | RoundTypeCrossover)
mutations: 0
clones: 0
_hash: -2858230708990225420
Length: 318

Fitness:
--------------------------
BreakTime           : 0.31062795876048954
LocationConsistency : 0.0
OpponentVariety     : 0.8754111684107535
-----------------------------------
Total               : 1.186039127171243
Percentage          : 39.53%

Per-Objective Statistics (Team Distribution):
-----------------------------------------------------------------
Objective                 | Min      | Max      | Avg      | Range   
-----------------------------------------------------------------
BreakTime                 | 0.0004   | 0.9193   | 0.5394   | 0.9189  
LocationConsistency       | 0.0417   | 0.9500   | 0.2252   | 0.9083  
OpponentVariety           | 0.7527   | 1.0000   | 0.9953   | 0.2473  

Team fitnesses (sorted by total fitness descending):
----------------------------------------------------
Max     : 2.741434
Min     : 1.019778
Range   : 1.721655
Average : 1.759873

Team |BreakTime |LocationConsistency |OpponentVariety |Sum
------------------------------------------------------------
52   |0.7914    |0.9500              |1.0000          |2.7414
1    |0.6485    |0.6417              |1.0000          |2.2902
48   |0.8630    |0.3500              |1.0000          |2.2130
46   |0.9185    |0.2667              |1.0000          |2.1852
27   |0.5133    |0.6417              |1.0000          |2.1550
45   |0.8865    |0.2667              |1.0000          |2.1531
50   |0.8793    |0.2667              |1.0000          |2.1460
51   |0.8672    |0.2667              |1.0000          |2.1338
8    |0.6329    |0.3500              |1.0000          |1.9829
53   |0.9139    |0.0500              |1.0000          |1.9639
47   |0.9193    |0.0417              |1.0000          |1.9610
38   |0.6044    |0.3500              |1.0000          |1.9544
23   |0.6013    |0.3500              |1.0000          |1.9513
4    |0.5895    |0.3500              |1.0000          |1.9395
7    |0.5719    |0.3667              |1.0000          |1.9385
49   |0.8925    |0.0417              |1.0000          |1.9342
44   |0.6637    |0.2667              |1.0000          |1.9304
10   |0.5556    |0.3500              |1.0000          |1.9056
36   |0.6273    |0.2667              |1.0000          |1.8939
41   |0.6257    |0.2667              |1.0000          |1.8923
25   |0.5397    |0.3500              |1.0000          |1.8897
18   |0.5389    |0.3500              |1.0000          |1.8889
11   |0.6158    |0.2667              |1.0000          |1.8825
17   |0.5758    |0.2667              |1.0000          |1.8424
35   |0.5616    |0.2667              |1.0000          |1.8282
6    |0.5474    |0.2667              |1.0000          |1.8141
16   |0.5379    |0.2667              |1.0000          |1.8046
19   |0.5082    |0.2667              |1.0000          |1.7749
40   |0.6732    |0.0750              |1.0000          |1.7482
37   |0.6764    |0.0500              |1.0000          |1.7264
42   |0.6673    |0.0500              |1.0000          |1.7173
3    |0.6216    |0.0667              |1.0000          |1.6883
21   |0.0465    |0.6417              |1.0000          |1.6882
9    |0.6005    |0.0667              |1.0000          |1.6672
39   |0.5936    |0.0500              |1.0000          |1.6436
13   |0.5920    |0.0417              |1.0000          |1.6336
15   |0.5901    |0.0417              |1.0000          |1.6318
43   |0.5809    |0.0500              |1.0000          |1.6309
14   |0.5543    |0.0750              |1.0000          |1.6293
5    |0.5774    |0.0417              |1.0000          |1.6190
12   |0.5619    |0.0500              |1.0000          |1.6119
2    |0.5640    |0.0417              |1.0000          |1.6057
30   |0.5515    |0.0417              |1.0000          |1.5931
20   |0.4972    |0.0667              |1.0000          |1.5639
32   |0.5002    |0.0417              |1.0000          |1.5419
29   |0.0004    |0.3667              |1.0000          |1.3671
34   |0.0045    |0.3500              |1.0000          |1.3545
26   |0.0004    |0.2667              |1.0000          |1.2671
28   |0.0488    |0.0667              |1.0000          |1.1154
31   |0.0475    |0.0417              |1.0000          |1.0891
22   |0.0454    |0.0417              |1.0000          |1.0871
33   |0.0004    |0.0417              |1.0000          |1.0421
24   |0.0004    |0.2667              |0.7527          |1.0198

Team Events (sorted, for dev use, diff check with others to ensure truly different schedules created):
------------------------------------------------------------
0, 102, 160, 178, 224, 286
1, 100, 147, 210, 277, 318
2, 101, 157, 188, 242, 303
3, 98, 143, 183, 235, 295
4, 108, 153, 208, 261, 310
5, 95, 149, 205, 250, 292
6, 97, 145, 191, 243, 297
7, 109, 154, 175, 239, 301
8, 99, 155, 186, 228, 287
9, 118, 156, 192, 252, 308
10, 125, 158, 182, 260, 322
11, 112, 164, 203, 246, 302
12, 121, 163, 174, 223, 280
13, 123, 162, 196, 236, 284
14, 120, 165, 190, 255, 316
15, 122, 150, 198, 263, 309
16, 126, 161, 194, 269, 305
17, 124, 152, 213, 276, 324
18, 59, 146, 204, 259, 294
19, 60, 148, 219, 273, 317
20, 71, 144, 215, 264, 306
22, 84, 142, 195, 231, 272
23, 54, 159, 170, 214, 274
24, 78, 130, 212, 226, 271
25, 57, 151, 200, 249, 304
26, 73, 138, 202, 220, 275
27, 61, 90, 197, 233, 282
28, 64, 96, 209, 258, 300
29, 94, 110, 218, 262, 279
30, 55, 93, 179, 222, 289
31, 69, 91, 216, 257, 298
32, 58, 87, 211, 254, 296
33, 88, 103, 221, 266, 278
34, 76, 86, 206, 229, 270
35, 56, 89, 172, 217, 283
36, 77, 111, 189, 230, 290
37, 66, 113, 184, 268, 320
38, 63, 106, 207, 267, 311
39, 62, 117, 199, 247, 291
40, 65, 114, 187, 251, 315
41, 72, 115, 185, 238, 288
42, 67, 116, 177, 237, 293
43, 68, 107, 201, 240, 281
44, 75, 119, 167, 225, 285
45, 92, 139, 166, 232, 307
46, 81, 135, 169, 248, 325
47, 74, 131, 173, 244, 312
48, 85, 134, 181, 245, 314
49, 70, 127, 176, 253, 321
50, 83, 140, 168, 234, 299
51, 82, 136, 180, 256, 323
52, 79, 137, 193, 265, 319
53, 80, 141, 171, 241, 313
