FLL Scheduler GA Summary Report (ID: 2132111946160 | Hash: 4217584905768855953)

Attributes:
--------------------
rank: 0
origin: (C | KPoint(k=1))
mutations: 1
clones: 0
_hash: 4217584905768855953
Length: 318

Fitness:
--------------------------
BreakTime           : 0.31062795876048954
LocationConsistency : 0.0
OpponentVariety     : 0.8754111684107535
-----------------------------------
Total               : 1.186039127171243
Percentage          : 39.53%

Per-Objective Statistics (Team Distribution):
-----------------------------------------------------------------
Objective                 | Min      | Max      | Avg      | Range   
-----------------------------------------------------------------
BreakTime                 | 0.0004   | 0.9193   | 0.5394   | 0.9189  
LocationConsistency       | 0.0417   | 0.9500   | 0.2157   | 0.9083  
OpponentVariety           | 0.7527   | 1.0000   | 0.9953   | 0.2473  

Team fitnesses (sorted by total fitness descending):
----------------------------------------------------
Max     : 2.554359
Min     : 1.019778
Range   : 1.534581
Average : 1.750439

Team |BreakTime |LocationConsistency |OpponentVariety |Sum
------------------------------------------------------------
38   |0.6044    |0.9500              |1.0000          |2.5544
30   |0.5133    |0.9500              |1.0000          |2.4633
16   |0.6158    |0.6417              |1.0000          |2.2575
50   |0.9185    |0.2667              |1.0000          |2.1852
46   |0.9139    |0.2667              |1.0000          |2.1805
45   |0.8925    |0.2667              |1.0000          |2.1592
49   |0.8672    |0.2667              |1.0000          |2.1338
52   |0.8630    |0.2667              |1.0000          |2.1297
43   |0.6257    |0.3667              |1.0000          |1.9923
51   |0.9193    |0.0417              |1.0000          |1.9610
40   |0.6732    |0.2667              |1.0000          |1.9398
6    |0.5895    |0.3500              |1.0000          |1.9395
47   |0.8793    |0.0500              |1.0000          |1.9293
48   |0.8865    |0.0417              |1.0000          |1.9281
2    |0.5474    |0.3500              |1.0000          |1.8974
37   |0.6273    |0.2667              |1.0000          |1.8939
25   |0.5397    |0.3500              |1.0000          |1.8897
5    |0.6216    |0.2667              |1.0000          |1.8883
39   |0.5936    |0.2667              |1.0000          |1.8603
13   |0.5920    |0.2667              |1.0000          |1.8586
41   |0.5809    |0.2667              |1.0000          |1.8476
15   |0.5758    |0.2667              |1.0000          |1.8424
53   |0.7914    |0.0500              |1.0000          |1.8414
9    |0.5719    |0.2667              |1.0000          |1.8385
8    |0.5640    |0.2667              |1.0000          |1.8307
17   |0.5619    |0.2667              |1.0000          |1.8286
34   |0.5515    |0.2667              |1.0000          |1.8181
26   |0.5082    |0.2667              |1.0000          |1.7749
28   |0.5002    |0.2667              |1.0000          |1.7669
42   |0.6764    |0.0500              |1.0000          |1.7264
36   |0.6673    |0.0417              |1.0000          |1.7089
44   |0.6637    |0.0417              |1.0000          |1.7054
1    |0.6485    |0.0417              |1.0000          |1.6902
20   |0.6013    |0.0750              |1.0000          |1.6763
3    |0.6329    |0.0417              |1.0000          |1.6745
4    |0.6005    |0.0417              |1.0000          |1.6422
12   |0.5901    |0.0417              |1.0000          |1.6318
7    |0.5774    |0.0417              |1.0000          |1.6190
18   |0.5389    |0.0750              |1.0000          |1.6139
33   |0.5616    |0.0417              |1.0000          |1.6032
10   |0.5556    |0.0417              |1.0000          |1.5973
14   |0.5543    |0.0417              |1.0000          |1.5960
11   |0.5379    |0.0500              |1.0000          |1.5879
21   |0.4972    |0.0667              |1.0000          |1.5639
24   |0.0465    |0.2667              |1.0000          |1.3132
29   |0.0045    |0.2667              |1.0000          |1.2711
19   |0.0004    |0.2667              |1.0000          |1.2671
27   |0.0004    |0.2667              |1.0000          |1.2671
31   |0.0004    |0.2667              |1.0000          |1.2671
22   |0.0454    |0.0667              |1.0000          |1.1121
32   |0.0475    |0.0500              |1.0000          |1.0975
35   |0.0488    |0.0417              |1.0000          |1.0904
23   |0.0004    |0.2667              |0.7527          |1.0198

Team Events (sorted, for dev use, diff check with others to ensure truly different schedules created):
------------------------------------------------------------
0, 105, 163, 178, 224, 286
1, 94, 149, 205, 250, 293
2, 102, 152, 175, 244, 301
3, 96, 153, 187, 226, 287
4, 101, 156, 189, 242, 302
5, 97, 143, 183, 235, 295
6, 103, 154, 208, 261, 310
7, 100, 147, 211, 277, 318
8, 98, 145, 191, 243, 297
9, 118, 157, 192, 247, 308
10, 121, 150, 199, 263, 309
11, 122, 165, 190, 255, 316
12, 123, 160, 174, 223, 283
13, 120, 161, 195, 236, 279
14, 132, 162, 194, 269, 305
15, 124, 158, 182, 260, 322
16, 114, 164, 202, 253, 303
17, 125, 155, 212, 276, 324
18, 72, 138, 203, 221, 272
19, 55, 159, 169, 214, 273
20, 60, 148, 217, 274, 317
22, 78, 142, 196, 231, 275
23, 84, 129, 213, 228, 270
24, 70, 144, 215, 264, 307
25, 56, 151, 200, 249, 304
26, 59, 146, 204, 259, 294
27, 90, 104, 220, 266, 285
28, 58, 87, 210, 254, 296
29, 77, 86, 206, 227, 271
30, 61, 89, 197, 233, 281
31, 95, 116, 216, 262, 284
32, 68, 88, 219, 257, 299
33, 57, 91, 167, 218, 280
34, 54, 93, 179, 222, 289
35, 64, 99, 209, 258, 300
36, 67, 110, 177, 237, 292
37, 76, 117, 188, 230, 290
38, 63, 107, 207, 267, 311
39, 62, 111, 198, 252, 291
40, 65, 112, 186, 251, 313
41, 69, 106, 201, 240, 282
42, 66, 115, 184, 268, 320
43, 73, 113, 185, 245, 288
44, 74, 119, 172, 225, 278
45, 71, 128, 176, 246, 321
46, 83, 140, 168, 241, 315
47, 81, 141, 171, 234, 298
48, 92, 139, 173, 232, 306
49, 80, 137, 180, 256, 323
50, 82, 135, 170, 248, 325
51, 75, 133, 166, 239, 314
52, 79, 134, 181, 238, 312
53, 85, 136, 193, 265, 319
