FLL Scheduler GA Summary Report (ID: 2132126146048 | Hash: 5779598260326601055)

Attributes:
--------------------
rank: 0
origin: (C | KPoint(k=2))
mutations: 0
clones: 0
_hash: 5779598260326601055
Length: 318

Fitness:
--------------------------
BreakTime           : 0.31062795876048954
LocationConsistency : 0.0
OpponentVariety     : 0.8754111684107535
-----------------------------------
Total               : 1.186039127171243
Percentage          : 39.53%

Per-Objective Statistics (Team Distribution):
-----------------------------------------------------------------
Objective                 | Min      | Max      | Avg      | Range   
-----------------------------------------------------------------
BreakTime                 | 0.0004   | 0.9193   | 0.5394   | 0.9189  
LocationConsistency       | 0.0417   | 0.6417   | 0.1841   | 0.6000  
OpponentVariety           | 0.7527   | 1.0000   | 0.9953   | 0.2473  

Team fitnesses (sorted by total fitness descending):
----------------------------------------------------
Max     : 2.268933
Min     : 1.019778
Range   : 1.249155
Average : 1.718835

Team |BreakTime |LocationConsistency |OpponentVariety |Sum
------------------------------------------------------------
37   |0.6273    |0.6417              |1.0000          |2.2689
13   |0.5619    |0.6417              |1.0000          |2.2036
47   |0.9185    |0.2667              |1.0000          |2.1852
51   |0.9139    |0.2667              |1.0000          |2.1805
52   |0.8925    |0.2667              |1.0000          |2.1592
50   |0.8865    |0.2667              |1.0000          |2.1531
49   |0.8630    |0.2667              |1.0000          |2.1297
2    |0.6216    |0.3667              |1.0000          |1.9883
46   |0.9193    |0.0417              |1.0000          |1.9610
39   |0.5936    |0.3500              |1.0000          |1.9436
40   |0.6732    |0.2667              |1.0000          |1.9398
38   |0.6673    |0.2667              |1.0000          |1.9339
53   |0.8672    |0.0667              |1.0000          |1.9338
41   |0.5809    |0.3500              |1.0000          |1.9309
43   |0.6637    |0.2667              |1.0000          |1.9304
48   |0.8793    |0.0417              |1.0000          |1.9210
44   |0.6257    |0.2667              |1.0000          |1.8923
23   |0.6013    |0.2667              |1.0000          |1.8680
12   |0.5920    |0.2667              |1.0000          |1.8586
8    |0.5895    |0.2667              |1.0000          |1.8562
14   |0.5758    |0.2667              |1.0000          |1.8424
9    |0.5719    |0.2667              |1.0000          |1.8385
45   |0.7914    |0.0417              |1.0000          |1.8331
4    |0.5640    |0.2667              |1.0000          |1.8307
26   |0.5397    |0.2667              |1.0000          |1.8064
30   |0.5133    |0.2667              |1.0000          |1.7800
24   |0.5082    |0.2667              |1.0000          |1.7749
42   |0.6764    |0.0750              |1.0000          |1.7514
7    |0.6485    |0.0417              |1.0000          |1.6902
6    |0.6005    |0.0750              |1.0000          |1.6755
5    |0.6329    |0.0417              |1.0000          |1.6745
15   |0.6158    |0.0417              |1.0000          |1.6575
36   |0.6044    |0.0500              |1.0000          |1.6544
11   |0.5901    |0.0417              |1.0000          |1.6318
33   |0.5616    |0.0667              |1.0000          |1.6282
1    |0.5774    |0.0417              |1.0000          |1.6190
34   |0.5515    |0.0667              |1.0000          |1.6181
16   |0.5389    |0.0750              |1.0000          |1.6139
10   |0.5379    |0.0750              |1.0000          |1.6129
18   |0.5556    |0.0417              |1.0000          |1.5973
17   |0.5543    |0.0417              |1.0000          |1.5960
3    |0.5474    |0.0417              |1.0000          |1.5891
28   |0.5002    |0.0417              |1.0000          |1.5419
22   |0.4972    |0.0417              |1.0000          |1.5389
32   |0.0475    |0.3500              |1.0000          |1.3975
25   |0.0465    |0.3500              |1.0000          |1.3965
29   |0.0045    |0.2667              |1.0000          |1.2711
35   |0.0488    |0.0750              |1.0000          |1.1238
21   |0.0454    |0.0750              |1.0000          |1.1204
31   |0.0004    |0.0500              |1.0000          |1.0504
20   |0.0004    |0.0417              |1.0000          |1.0421
27   |0.0004    |0.0417              |1.0000          |1.0421
19   |0.0004    |0.2667              |0.7527          |1.0198

Team Events (sorted, for dev use, diff check with others to ensure truly different schedules created):
------------------------------------------------------------
0, 103, 154, 208, 260, 310
1, 101, 157, 189, 241, 303
2, 95, 149, 198, 249, 292
3, 100, 147, 211, 277, 318
4, 102, 153, 175, 244, 301
5, 96, 152, 186, 226, 287
6, 105, 163, 178, 224, 286
7, 97, 143, 182, 232, 295
8, 98, 145, 191, 240, 297
9, 121, 151, 204, 268, 308
10, 123, 165, 190, 255, 316
11, 122, 160, 174, 223, 282
12, 112, 164, 200, 252, 302
13, 132, 162, 194, 262, 305
14, 124, 158, 183, 261, 322
15, 125, 155, 212, 276, 324
16, 120, 161, 195, 231, 278
17, 118, 156, 192, 247, 309
18, 85, 129, 213, 228, 270
19, 72, 138, 201, 220, 275
20, 78, 142, 196, 236, 273
22, 55, 148, 218, 272, 317
23, 60, 159, 169, 215, 274
24, 56, 146, 199, 256, 294
25, 70, 144, 214, 267, 307
26, 58, 150, 203, 250, 304
27, 90, 104, 221, 265, 284
28, 57, 87, 210, 254, 296
29, 77, 86, 206, 227, 271
30, 54, 89, 197, 234, 281
31, 94, 116, 219, 269, 285
32, 62, 88, 216, 259, 299
33, 59, 91, 167, 217, 280
34, 61, 93, 179, 222, 289
35, 67, 99, 209, 257, 300
36, 68, 107, 207, 264, 311
37, 76, 117, 188, 237, 290
38, 64, 110, 177, 230, 293
39, 69, 111, 205, 253, 291
40, 66, 115, 187, 248, 313
41, 63, 106, 202, 243, 283
42, 65, 113, 184, 263, 320
43, 74, 119, 172, 225, 279
44, 73, 114, 185, 245, 288
45, 84, 136, 193, 266, 319
46, 75, 133, 166, 239, 314
47, 82, 135, 170, 251, 325
48, 80, 141, 171, 233, 298
49, 79, 134, 181, 238, 312
50, 92, 139, 173, 235, 306
51, 83, 140, 168, 242, 315
52, 71, 128, 176, 246, 321
53, 81, 137, 180, 258, 323
