FLL Scheduler GA Summary Report (ID: 2132037129088 | Hash: 134628116704522464)

Attributes:
--------------------
rank: 0
origin: (C | RoundTypeCrossover)
mutations: 0
clones: 0
_hash: 134628116704522464
Length: 318

Fitness:
--------------------------
BreakTime           : 0.31062795876048954
LocationConsistency : 0.0
OpponentVariety     : 0.8754111684107535
-----------------------------------
Total               : 1.186039127171243
Percentage          : 39.53%

Per-Objective Statistics (Team Distribution):
-----------------------------------------------------------------
Objective                 | Min      | Max      | Avg      | Range   
-----------------------------------------------------------------
BreakTime                 | 0.0004   | 0.9193   | 0.5394   | 0.9189  
LocationConsistency       | 0.0417   | 0.6417   | 0.1904   | 0.6000  
OpponentVariety           | 0.7527   | 1.0000   | 0.9953   | 0.2473  

Team fitnesses (sorted by total fitness descending):
----------------------------------------------------
Max     : 2.560979
Min     : 1.019778
Range   : 1.541201
Average : 1.725125

Team |BreakTime |LocationConsistency |OpponentVariety |Sum
------------------------------------------------------------
46   |0.9193    |0.6417              |1.0000          |2.5610
48   |0.8793    |0.3500              |1.0000          |2.2293
51   |0.9139    |0.2667              |1.0000          |2.1805
52   |0.8925    |0.2667              |1.0000          |2.1592
53   |0.8672    |0.2667              |1.0000          |2.1338
49   |0.8630    |0.2667              |1.0000          |2.1297
45   |0.7914    |0.2667              |1.0000          |2.0581
37   |0.6764    |0.3500              |1.0000          |2.0264
36   |0.6273    |0.3667              |1.0000          |1.9939
5    |0.6216    |0.3667              |1.0000          |1.9883
47   |0.9185    |0.0417              |1.0000          |1.9602
41   |0.6732    |0.2667              |1.0000          |1.9398
50   |0.8865    |0.0417              |1.0000          |1.9281
8    |0.6329    |0.2667              |1.0000          |1.8995
44   |0.6257    |0.2667              |1.0000          |1.8923
15   |0.6158    |0.2667              |1.0000          |1.8825
38   |0.6044    |0.2667              |1.0000          |1.8710
40   |0.5936    |0.2667              |1.0000          |1.8603
18   |0.5920    |0.2667              |1.0000          |1.8586
3    |0.5774    |0.2667              |1.0000          |1.8440
16   |0.5758    |0.2667              |1.0000          |1.8424
12   |0.5619    |0.2667              |1.0000          |1.8286
26   |0.5397    |0.2667              |1.0000          |1.8064
27   |0.5133    |0.2667              |1.0000          |1.7800
21   |0.5082    |0.2667              |1.0000          |1.7749
29   |0.5002    |0.2667              |1.0000          |1.7669
42   |0.6673    |0.0500              |1.0000          |1.7173
43   |0.6637    |0.0417              |1.0000          |1.7054
1    |0.6485    |0.0417              |1.0000          |1.6902
9    |0.6005    |0.0750              |1.0000          |1.6755
24   |0.6013    |0.0417              |1.0000          |1.6430
17   |0.5901    |0.0500              |1.0000          |1.6401
7    |0.5719    |0.0667              |1.0000          |1.6385
2    |0.5895    |0.0417              |1.0000          |1.6312
39   |0.5809    |0.0500              |1.0000          |1.6309
6    |0.5474    |0.0750              |1.0000          |1.6224
35   |0.5515    |0.0667              |1.0000          |1.6181
10   |0.5389    |0.0750              |1.0000          |1.6139
4    |0.5640    |0.0417              |1.0000          |1.6057
32   |0.5616    |0.0417              |1.0000          |1.6032
13   |0.5556    |0.0417              |1.0000          |1.5973
14   |0.5543    |0.0417              |1.0000          |1.5960
11   |0.5379    |0.0500              |1.0000          |1.5879
19   |0.4972    |0.0667              |1.0000          |1.5639
31   |0.0475    |0.3500              |1.0000          |1.3975
20   |0.0465    |0.3500              |1.0000          |1.3965
34   |0.0488    |0.2667              |1.0000          |1.3154
22   |0.0454    |0.2667              |1.0000          |1.3121
33   |0.0004    |0.2667              |1.0000          |1.2671
30   |0.0045    |0.0500              |1.0000          |1.0545
23   |0.0004    |0.0500              |1.0000          |1.0504
28   |0.0004    |0.0417              |1.0000          |1.0421
25   |0.0004    |0.2667              |0.7527          |1.0198

Team Events (sorted, for dev use, diff check with others to ensure truly different schedules created):
------------------------------------------------------------
0, 105, 163, 178, 224, 286
1, 97, 148, 182, 235, 295
2, 103, 154, 209, 255, 310
3, 100, 144, 211, 277, 318
4, 101, 157, 189, 242, 303
5, 94, 142, 204, 249, 292
6, 98, 146, 191, 243, 297
7, 102, 153, 175, 238, 301
8, 96, 152, 186, 226, 287
9, 125, 155, 212, 276, 324
10, 121, 151, 198, 268, 308
11, 113, 164, 202, 252, 302
12, 118, 156, 192, 247, 309
13, 120, 161, 195, 236, 279
14, 124, 158, 183, 254, 322
15, 132, 162, 194, 262, 305
16, 123, 165, 190, 260, 316
17, 122, 160, 174, 223, 282
18, 55, 143, 217, 272, 317
19, 70, 147, 220, 267, 307
20, 59, 145, 205, 259, 294
21, 84, 149, 196, 231, 273
22, 73, 138, 203, 214, 275
23, 60, 159, 169, 221, 274
24, 78, 129, 213, 228, 270
25, 57, 150, 201, 250, 304
27, 54, 89, 197, 233, 280
28, 90, 104, 215, 265, 285
29, 58, 87, 210, 261, 296
30, 77, 86, 207, 227, 271
31, 69, 88, 219, 256, 299
32, 56, 91, 167, 218, 281
33, 95, 117, 216, 269, 284
34, 64, 99, 208, 258, 300
35, 61, 93, 179, 222, 289
36, 76, 116, 188, 230, 290
37, 66, 112, 184, 263, 320
38, 63, 107, 206, 264, 311
39, 68, 106, 200, 240, 283
40, 62, 111, 199, 253, 291
41, 65, 114, 187, 248, 313
42, 67, 110, 177, 237, 293
43, 75, 119, 172, 225, 278
44, 72, 115, 185, 239, 288
45, 79, 136, 193, 266, 319
46, 74, 133, 166, 245, 314
47, 81, 135, 170, 251, 325
48, 83, 141, 171, 234, 298
49, 85, 134, 181, 244, 312
50, 92, 139, 173, 232, 306
51, 80, 140, 168, 241, 315
52, 71, 128, 176, 246, 321
53, 82, 137, 180, 257, 323
