FLL Scheduler GA Summary Report (ID: 2132037127408 | Hash: -5041494829426444797)

Attributes:
--------------------
rank: 0
origin: (C | RoundTypeCrossover)
mutations: 1
clones: 0
_hash: -5041494829426444797
Length: 318

Fitness:
--------------------------
BreakTime           : 0.31062795876048954
LocationConsistency : 0.0
OpponentVariety     : 0.8754111684107535
-----------------------------------
Total               : 1.186039127171243
Percentage          : 39.53%

Per-Objective Statistics (Team Distribution):
-----------------------------------------------------------------
Objective                 | Min      | Max      | Avg      | Range   
-----------------------------------------------------------------
BreakTime                 | 0.0004   | 0.9193   | 0.5394   | 0.9189  
LocationConsistency       | 0.0417   | 0.6417   | 0.2281   | 0.6000  
OpponentVariety           | 0.7527   | 1.0000   | 0.9953   | 0.2473  

Team fitnesses (sorted by total fitness descending):
----------------------------------------------------
Max     : 2.267338
Min     : 1.019778
Range   : 1.247559
Average : 1.762861

Team |BreakTime |LocationConsistency |OpponentVariety |Sum
------------------------------------------------------------
43   |0.6257    |0.6417              |1.0000          |2.2673
46   |0.9139    |0.3500              |1.0000          |2.2639
47   |0.8793    |0.3500              |1.0000          |2.2293
15   |0.5758    |0.6417              |1.0000          |2.2174
51   |0.9193    |0.2667              |1.0000          |2.1860
45   |0.8925    |0.2667              |1.0000          |2.1592
30   |0.5133    |0.6417              |1.0000          |2.1550
48   |0.8865    |0.2667              |1.0000          |2.1531
49   |0.8672    |0.2667              |1.0000          |2.1338
52   |0.8630    |0.2667              |1.0000          |2.1297
50   |0.9185    |0.0417              |1.0000          |1.9602
13   |0.5920    |0.3667              |1.0000          |1.9586
38   |0.6044    |0.3500              |1.0000          |1.9544
42   |0.6764    |0.2667              |1.0000          |1.9431
36   |0.6673    |0.2667              |1.0000          |1.9339
44   |0.6637    |0.2667              |1.0000          |1.9304
3    |0.6329    |0.2667              |1.0000          |1.8995
5    |0.6216    |0.2667              |1.0000          |1.8883
11   |0.5379    |0.3500              |1.0000          |1.8879
16   |0.6158    |0.2667              |1.0000          |1.8825
20   |0.6013    |0.2667              |1.0000          |1.8680
39   |0.5936    |0.2667              |1.0000          |1.8603
28   |0.5002    |0.3500              |1.0000          |1.8502
41   |0.5809    |0.2667              |1.0000          |1.8476
53   |0.7914    |0.0417              |1.0000          |1.8331
33   |0.5616    |0.2667              |1.0000          |1.8282
10   |0.5556    |0.2667              |1.0000          |1.8223
2    |0.5474    |0.2667              |1.0000          |1.8141
25   |0.5397    |0.2667              |1.0000          |1.8064
40   |0.6732    |0.0667              |1.0000          |1.7398
1    |0.6485    |0.0417              |1.0000          |1.6902
37   |0.6273    |0.0500              |1.0000          |1.6773
4    |0.6005    |0.0500              |1.0000          |1.6505
29   |0.0045    |0.6417              |1.0000          |1.6461
19   |0.0004    |0.6417              |1.0000          |1.6421
12   |0.5901    |0.0417              |1.0000          |1.6318
6    |0.5895    |0.0417              |1.0000          |1.6312
9    |0.5719    |0.0500              |1.0000          |1.6219
7    |0.5774    |0.0417              |1.0000          |1.6190
8    |0.5640    |0.0500              |1.0000          |1.6140
14   |0.5543    |0.0500              |1.0000          |1.6043
17   |0.5619    |0.0417              |1.0000          |1.6036
34   |0.5515    |0.0417              |1.0000          |1.5931
18   |0.5389    |0.0500              |1.0000          |1.5889
26   |0.5082    |0.0667              |1.0000          |1.5749
21   |0.4972    |0.0750              |1.0000          |1.5722
31   |0.0004    |0.3667              |1.0000          |1.3671
32   |0.0475    |0.2667              |1.0000          |1.3141
35   |0.0488    |0.0750              |1.0000          |1.1238
24   |0.0465    |0.0500              |1.0000          |1.0965
22   |0.0454    |0.0500              |1.0000          |1.0954
27   |0.0004    |0.0500              |1.0000          |1.0504
23   |0.0004    |0.2667              |0.7527          |1.0198

Team Events (sorted, for dev use, diff check with others to ensure truly different schedules created):
------------------------------------------------------------
0, 102, 161, 178, 224, 293
1, 100, 149, 205, 249, 286
2, 108, 152, 175, 244, 294
3, 96, 153, 186, 226, 292
4, 94, 156, 188, 242, 303
5, 97, 142, 183, 232, 300
6, 109, 154, 208, 260, 310
7, 95, 146, 211, 277, 325
8, 98, 145, 191, 243, 299
9, 118, 157, 192, 247, 309
10, 121, 150, 198, 268, 308
11, 122, 165, 190, 255, 316
12, 123, 163, 174, 223, 283
13, 120, 162, 195, 231, 279
14, 126, 160, 194, 262, 304
15, 124, 158, 182, 261, 321
16, 113, 164, 203, 253, 302
17, 125, 155, 212, 276, 319
18, 72, 138, 202, 220, 272
19, 54, 159, 170, 215, 273
20, 60, 148, 218, 274, 317
22, 78, 143, 196, 236, 275
23, 84, 129, 213, 228, 270
24, 77, 144, 214, 267, 307
25, 57, 151, 200, 250, 305
26, 59, 147, 204, 256, 301
27, 90, 103, 221, 265, 285
28, 58, 87, 210, 254, 298
29, 71, 86, 206, 227, 271
30, 61, 89, 197, 234, 281
31, 101, 117, 219, 269, 284
32, 62, 88, 216, 259, 297
33, 56, 91, 172, 217, 280
34, 55, 93, 179, 222, 290
35, 67, 99, 209, 257, 295
36, 64, 110, 177, 230, 287
37, 70, 116, 189, 237, 289
38, 68, 104, 207, 264, 311
39, 69, 111, 199, 252, 288
40, 66, 114, 187, 248, 313
41, 63, 105, 201, 240, 282
42, 65, 112, 184, 263, 323
43, 73, 115, 185, 245, 291
44, 74, 119, 167, 225, 278
45, 76, 128, 176, 246, 322
46, 83, 140, 171, 241, 315
47, 81, 141, 168, 233, 296
48, 92, 139, 166, 235, 306
49, 80, 137, 180, 258, 320
50, 82, 135, 169, 251, 318
51, 75, 127, 173, 239, 314
52, 79, 134, 181, 238, 312
53, 85, 136, 193, 266, 324
