FLL Scheduler GA Summary Report (ID: 2132118890960 | Hash: -2765872948692226188)

Attributes:
--------------------
rank: 0
origin: (C | KPoint(k=1))
mutations: 0
clones: 0
_hash: -2765872948692226188
Length: 318

Fitness:
--------------------------
BreakTime           : 0.31062795876048954
LocationConsistency : 0.0
OpponentVariety     : 0.8754111684107535
-----------------------------------
Total               : 1.186039127171243
Percentage          : 39.53%

Per-Objective Statistics (Team Distribution):
-----------------------------------------------------------------
Objective                 | Min      | Max      | Avg      | Range   
-----------------------------------------------------------------
BreakTime                 | 0.0004   | 0.9193   | 0.5394   | 0.9189  
LocationConsistency       | 0.0417   | 0.9500   | 0.2495   | 0.9083  
OpponentVariety           | 0.7527   | 1.0000   | 0.9953   | 0.2473  

Team fitnesses (sorted by total fitness descending):
----------------------------------------------------
Max     : 2.869312
Min     : 1.019778
Range   : 1.849534
Average : 1.784244

Team |BreakTime |LocationConsistency |OpponentVariety |Sum
------------------------------------------------------------
47   |0.9193    |0.9500              |1.0000          |2.8693
41   |0.6732    |0.9500              |1.0000          |2.6232
42   |0.6044    |0.9500              |1.0000          |2.5544
49   |0.8865    |0.6417              |1.0000          |2.5281
48   |0.8630    |0.5250              |1.0000          |2.3880
45   |0.9139    |0.3500              |1.0000          |2.2639
7    |0.5640    |0.6417              |1.0000          |2.2057
51   |0.9185    |0.2667              |1.0000          |2.1852
50   |0.8793    |0.2667              |1.0000          |2.1460
46   |0.7914    |0.2667              |1.0000          |2.0581
43   |0.6673    |0.3500              |1.0000          |2.0173
2    |0.6216    |0.3500              |1.0000          |1.9716
6    |0.6005    |0.3500              |1.0000          |1.9505
38   |0.6764    |0.2667              |1.0000          |1.9431
8    |0.5895    |0.3500              |1.0000          |1.9395
5    |0.5719    |0.3667              |1.0000          |1.9385
53   |0.8925    |0.0417              |1.0000          |1.9342
36   |0.5809    |0.3500              |1.0000          |1.9309
31   |0.5616    |0.3667              |1.0000          |1.9282
52   |0.8672    |0.0500              |1.0000          |1.9172
1    |0.6485    |0.2667              |1.0000          |1.9152
39   |0.6257    |0.2667              |1.0000          |1.8923
20   |0.5397    |0.3500              |1.0000          |1.8897
44   |0.5936    |0.2667              |1.0000          |1.8603
10   |0.5920    |0.2667              |1.0000          |1.8586
16   |0.5389    |0.2667              |1.0000          |1.8056
22   |0.5082    |0.2667              |1.0000          |1.7749
33   |0.5002    |0.2667              |1.0000          |1.7669
37   |0.6637    |0.0417              |1.0000          |1.7054
9    |0.6329    |0.0500              |1.0000          |1.6829
15   |0.6158    |0.0667              |1.0000          |1.6825
40   |0.6273    |0.0500              |1.0000          |1.6773
25   |0.6013    |0.0750              |1.0000          |1.6763
17   |0.5901    |0.0500              |1.0000          |1.6401
14   |0.5543    |0.0750              |1.0000          |1.6293
11   |0.5556    |0.0667              |1.0000          |1.6223
4    |0.5774    |0.0417              |1.0000          |1.6190
18   |0.5758    |0.0417              |1.0000          |1.6174
12   |0.5619    |0.0417              |1.0000          |1.6036
29   |0.5515    |0.0417              |1.0000          |1.5931
3    |0.5474    |0.0417              |1.0000          |1.5891
13   |0.5379    |0.0500              |1.0000          |1.5879
26   |0.4972    |0.0750              |1.0000          |1.5722
28   |0.5133    |0.0417              |1.0000          |1.5550
23   |0.0465    |0.3500              |1.0000          |1.3965
35   |0.0045    |0.3500              |1.0000          |1.3545
19   |0.0454    |0.2667              |1.0000          |1.3121
34   |0.0488    |0.0667              |1.0000          |1.1154
27   |0.0475    |0.0417              |1.0000          |1.0891
30   |0.0004    |0.0667              |1.0000          |1.0671
24   |0.0004    |0.0500              |1.0000          |1.0504
32   |0.0004    |0.0500              |1.0000          |1.0504
21   |0.0004    |0.2667              |0.7527          |1.0198

Team Events (sorted, for dev use, diff check with others to ensure truly different schedules created):
------------------------------------------------------------
0, 105, 162, 177, 224, 293
1, 94, 156, 188, 241, 308
2, 100, 149, 198, 250, 287
3, 103, 154, 208, 261, 310
4, 97, 145, 197, 240, 297
5, 98, 153, 186, 228, 292
6, 95, 147, 211, 271, 325
7, 99, 143, 183, 232, 295
8, 102, 152, 180, 244, 301
9, 123, 160, 181, 223, 283
10, 125, 157, 194, 252, 302
11, 113, 164, 200, 246, 309
12, 120, 150, 204, 263, 303
13, 121, 161, 192, 231, 279
14, 119, 159, 182, 260, 321
15, 118, 155, 212, 270, 319
16, 122, 165, 196, 255, 316
17, 126, 163, 193, 269, 306
18, 79, 142, 190, 236, 275
19, 57, 151, 203, 249, 307
20, 85, 129, 213, 226, 276
21, 59, 146, 199, 259, 294
22, 77, 144, 214, 264, 304
23, 72, 138, 201, 220, 273
25, 54, 158, 168, 215, 272
26, 60, 148, 218, 274, 317
27, 69, 90, 216, 257, 299
28, 61, 91, 191, 234, 281
29, 55, 93, 176, 222, 290
30, 101, 117, 219, 262, 284
31, 56, 88, 166, 217, 280
32, 89, 104, 221, 266, 285
33, 58, 87, 210, 254, 296
34, 64, 96, 209, 258, 300
35, 71, 86, 206, 229, 277
36, 68, 106, 202, 243, 282
37, 74, 124, 173, 225, 278
38, 66, 112, 184, 268, 323
39, 73, 114, 185, 245, 291
40, 70, 116, 189, 237, 288
41, 65, 115, 187, 251, 313
42, 63, 107, 207, 267, 311
43, 67, 110, 178, 230, 286
44, 62, 111, 205, 247, 289
45, 81, 140, 169, 242, 314
46, 84, 136, 195, 265, 324
47, 75, 127, 167, 239, 315
48, 78, 134, 174, 238, 312
49, 92, 139, 172, 235, 305
50, 83, 141, 171, 233, 298
51, 80, 135, 170, 248, 318
52, 82, 137, 175, 256, 320
53, 76, 128, 179, 253, 322
