FLL Scheduler GA Summary Report (ID: 2132126145152 | Hash: 9127441686481925837)

Attributes:
--------------------
rank: 0
origin: (C | KPoint(k=1))
mutations: 1
clones: 0
_hash: 9127441686481925837
Length: 318

Fitness:
--------------------------
BreakTime           : 0.31062795876048954
LocationConsistency : 0.0
OpponentVariety     : 0.8754111684107535
-----------------------------------
Total               : 1.186039127171243
Percentage          : 39.53%

Per-Objective Statistics (Team Distribution):
-----------------------------------------------------------------
Objective                 | Min      | Max      | Avg      | Range   
-----------------------------------------------------------------
BreakTime                 | 0.0004   | 0.9193   | 0.5394   | 0.9189  
LocationConsistency       | 0.0417   | 0.6417   | 0.1961   | 0.6000  
OpponentVariety           | 0.7527   | 1.0000   | 0.9953   | 0.2473  

Team fitnesses (sorted by total fitness descending):
----------------------------------------------------
Max     : 2.528134
Min     : 1.019778
Range   : 1.508355
Average : 1.730785

Team |BreakTime |LocationConsistency |OpponentVariety |Sum
------------------------------------------------------------
46   |0.8865    |0.6417              |1.0000          |2.5281
17   |0.6158    |0.6417              |1.0000          |2.2575
39   |0.5936    |0.6417              |1.0000          |2.2353
49   |0.8630    |0.3667              |1.0000          |2.2297
51   |0.9139    |0.2667              |1.0000          |2.1805
52   |0.8925    |0.2667              |1.0000          |2.1592
37   |0.6273    |0.3500              |1.0000          |1.9773
45   |0.9185    |0.0500              |1.0000          |1.9685
47   |0.9193    |0.0417              |1.0000          |1.9610
40   |0.6732    |0.2667              |1.0000          |1.9398
6    |0.5895    |0.3500              |1.0000          |1.9395
38   |0.6673    |0.2667              |1.0000          |1.9339
48   |0.8793    |0.0500              |1.0000          |1.9293
53   |0.8672    |0.0417              |1.0000          |1.9088
44   |0.6257    |0.2667              |1.0000          |1.8923
26   |0.5397    |0.3500              |1.0000          |1.8897
23   |0.6013    |0.2667              |1.0000          |1.8680
41   |0.5809    |0.2667              |1.0000          |1.8476
15   |0.5758    |0.2667              |1.0000          |1.8424
1    |0.5719    |0.2667              |1.0000          |1.8385
50   |0.7914    |0.0417              |1.0000          |1.8331
3    |0.5640    |0.2667              |1.0000          |1.8307
16   |0.5619    |0.2667              |1.0000          |1.8286
28   |0.5616    |0.2667              |1.0000          |1.8282
33   |0.5133    |0.2667              |1.0000          |1.7800
24   |0.5082    |0.2667              |1.0000          |1.7749
31   |0.5002    |0.2667              |1.0000          |1.7669
42   |0.6764    |0.0750              |1.0000          |1.7514
43   |0.6637    |0.0417              |1.0000          |1.7054
9    |0.6485    |0.0417              |1.0000          |1.6902
5    |0.6216    |0.0667              |1.0000          |1.6883
2    |0.6329    |0.0417              |1.0000          |1.6745
7    |0.6005    |0.0667              |1.0000          |1.6672
36   |0.6044    |0.0500              |1.0000          |1.6544
35   |0.0045    |0.6417              |1.0000          |1.6461
13   |0.5920    |0.0500              |1.0000          |1.6420
12   |0.5901    |0.0417              |1.0000          |1.6318
8    |0.5774    |0.0417              |1.0000          |1.6190
27   |0.5515    |0.0667              |1.0000          |1.6181
10   |0.5389    |0.0750              |1.0000          |1.6139
14   |0.5543    |0.0500              |1.0000          |1.6043
4    |0.5474    |0.0500              |1.0000          |1.5974
18   |0.5556    |0.0417              |1.0000          |1.5973
11   |0.5379    |0.0500              |1.0000          |1.5879
22   |0.4972    |0.0500              |1.0000          |1.5472
32   |0.0475    |0.2667              |1.0000          |1.3141
20   |0.0004    |0.2667              |1.0000          |1.2671
30   |0.0004    |0.2667              |1.0000          |1.2671
29   |0.0488    |0.0667              |1.0000          |1.1154
25   |0.0465    |0.0500              |1.0000          |1.0965
21   |0.0454    |0.0500              |1.0000          |1.0954
34   |0.0004    |0.0500              |1.0000          |1.0504
19   |0.0004    |0.2667              |0.7527          |1.0198

Team Events (sorted, for dev use, diff check with others to ensure truly different schedules created):
------------------------------------------------------------
0, 98, 145, 191, 240, 297
1, 102, 153, 175, 244, 301
2, 100, 147, 211, 277, 318
3, 95, 149, 204, 249, 292
4, 101, 157, 188, 241, 303
5, 97, 143, 183, 232, 295
6, 96, 152, 186, 227, 287
7, 103, 154, 208, 261, 310
8, 105, 163, 178, 224, 286
9, 125, 155, 212, 276, 324
10, 121, 151, 198, 268, 308
11, 123, 165, 190, 255, 316
12, 122, 160, 174, 222, 283
13, 120, 161, 195, 231, 279
14, 132, 162, 194, 262, 304
15, 112, 164, 202, 252, 302
16, 124, 158, 182, 260, 322
17, 118, 156, 192, 247, 309
18, 85, 129, 213, 228, 270
19, 72, 138, 203, 220, 272
20, 79, 142, 196, 236, 275
22, 55, 148, 218, 274, 317
23, 60, 159, 168, 215, 273
24, 59, 146, 205, 259, 294
25, 77, 144, 214, 267, 307
26, 57, 150, 201, 250, 305
27, 61, 93, 179, 223, 289
28, 56, 91, 167, 217, 280
29, 67, 99, 209, 258, 300
30, 94, 116, 219, 269, 284
31, 58, 87, 210, 254, 296
32, 63, 88, 216, 257, 299
33, 54, 89, 197, 234, 281
34, 90, 104, 221, 265, 285
35, 71, 86, 206, 226, 271
36, 68, 107, 207, 264, 311
37, 70, 117, 189, 237, 290
38, 64, 110, 177, 230, 293
39, 69, 111, 199, 253, 291
40, 66, 115, 187, 248, 313
41, 62, 106, 200, 243, 282
42, 65, 113, 184, 263, 320
43, 74, 119, 173, 225, 278
44, 73, 114, 185, 245, 288
45, 80, 135, 171, 251, 325
46, 92, 139, 172, 235, 306
47, 75, 133, 166, 239, 314
48, 83, 141, 170, 233, 298
49, 78, 134, 181, 238, 312
50, 84, 136, 193, 266, 319
51, 81, 140, 169, 242, 315
52, 76, 128, 176, 246, 321
53, 82, 137, 180, 256, 323
