FLL Scheduler GA Summary Report (ID: 2132118893312 | Hash: -7516294552551138083)

Attributes:
--------------------
rank: 0
origin: (C | RoundTypeCrossover)
mutations: 1
clones: 1
_hash: -7516294552551138083
Length: 318

Fitness:
--------------------------
BreakTime           : 0.31062795876048954
LocationConsistency : 0.0
OpponentVariety     : 0.8754111684107535
-----------------------------------
Total               : 1.186039127171243
Percentage          : 39.53%

Per-Objective Statistics (Team Distribution):
-----------------------------------------------------------------
Objective                 | Min      | Max      | Avg      | Range   
-----------------------------------------------------------------
BreakTime                 | 0.0004   | 0.9193   | 0.5394   | 0.9189  
LocationConsistency       | 0.0417   | 0.6417   | 0.2116   | 0.6000  
OpponentVariety           | 0.7527   | 1.0000   | 0.9953   | 0.2473  

Team fitnesses (sorted by total fitness descending):
----------------------------------------------------
Max     : 2.528134
Min     : 1.067072
Range   : 1.461062
Average : 1.746351

Team |BreakTime |LocationConsistency |OpponentVariety |Sum
------------------------------------------------------------
50   |0.8865    |0.6417              |1.0000          |2.5281
51   |0.9139    |0.3500              |1.0000          |2.2639
49   |0.8630    |0.3667              |1.0000          |2.2297
30   |0.5133    |0.6417              |1.0000          |2.1550
6    |0.6216    |0.3500              |1.0000          |1.9716
46   |0.9193    |0.0500              |1.0000          |1.9693
47   |0.9185    |0.0500              |1.0000          |1.9685
45   |0.8925    |0.0667              |1.0000          |1.9592
44   |0.6044    |0.3500              |1.0000          |1.9544
42   |0.6764    |0.2667              |1.0000          |1.9431
5    |0.5719    |0.3500              |1.0000          |1.9219
48   |0.8793    |0.0417              |1.0000          |1.9210
9    |0.6485    |0.2667              |1.0000          |1.9152
53   |0.8672    |0.0417              |1.0000          |1.9088
14   |0.5543    |0.3500              |1.0000          |1.9043
4    |0.6329    |0.2667              |1.0000          |1.8995
38   |0.6273    |0.2667              |1.0000          |1.8939
37   |0.6257    |0.2667              |1.0000          |1.8923
21   |0.5397    |0.3500              |1.0000          |1.8897
1    |0.6005    |0.2667              |1.0000          |1.8672
36   |0.5936    |0.2667              |1.0000          |1.8603
40   |0.5809    |0.2667              |1.0000          |1.8476
15   |0.5758    |0.2667              |1.0000          |1.8424
52   |0.7914    |0.0500              |1.0000          |1.8414
17   |0.5619    |0.2667              |1.0000          |1.8286
10   |0.5556    |0.2667              |1.0000          |1.8223
32   |0.5515    |0.2667              |1.0000          |1.8181
2    |0.5474    |0.2667              |1.0000          |1.8141
33   |0.5002    |0.2667              |1.0000          |1.7669
41   |0.6732    |0.0500              |1.0000          |1.7232
43   |0.6673    |0.0500              |1.0000          |1.7173
39   |0.6637    |0.0417              |1.0000          |1.7054
23   |0.6013    |0.0667              |1.0000          |1.6680
12   |0.5920    |0.0667              |1.0000          |1.6586
16   |0.6158    |0.0417              |1.0000          |1.6575
35   |0.0004    |0.6417              |1.0000          |1.6421
7    |0.5895    |0.0500              |1.0000          |1.6395
13   |0.5901    |0.0417              |1.0000          |1.6318
3    |0.5774    |0.0417              |1.0000          |1.6190
18   |0.5389    |0.0750              |1.0000          |1.6139
8    |0.5640    |0.0417              |1.0000          |1.6057
27   |0.5616    |0.0417              |1.0000          |1.6032
11   |0.5379    |0.0500              |1.0000          |1.5879
20   |0.5082    |0.0667              |1.0000          |1.5749
26   |0.4972    |0.0667              |1.0000          |1.5639
31   |0.0488    |0.3667              |1.0000          |1.4154
25   |0.0004    |0.6417              |0.7527          |1.3948
22   |0.0465    |0.2667              |1.0000          |1.3132
29   |0.0045    |0.2667              |1.0000          |1.2711
19   |0.0004    |0.2667              |1.0000          |1.2671
24   |0.0454    |0.0750              |1.0000          |1.1204
28   |0.0475    |0.0500              |1.0000          |1.0975
34   |0.0004    |0.0667              |1.0000          |1.0671

Team Events (sorted, for dev use, diff check with others to ensure truly different schedules created):
------------------------------------------------------------
0, 96, 154, 185, 226, 292
1, 94, 149, 205, 249, 287
2, 103, 153, 208, 261, 310
3, 102, 155, 175, 245, 294
4, 98, 145, 191, 242, 298
5, 101, 151, 183, 243, 303
6, 97, 142, 188, 232, 300
7, 100, 146, 211, 277, 318
8, 109, 163, 178, 224, 293
9, 125, 150, 192, 247, 309
10, 122, 157, 199, 263, 308
11, 120, 160, 174, 223, 283
12, 121, 165, 190, 255, 316
13, 123, 161, 195, 231, 279
14, 132, 162, 194, 269, 305
15, 119, 158, 189, 260, 322
16, 113, 164, 202, 252, 302
17, 118, 152, 212, 276, 324
18, 72, 138, 203, 221, 272
19, 59, 147, 204, 258, 301
20, 56, 156, 200, 250, 304
21, 70, 144, 215, 264, 307
22, 55, 159, 168, 214, 273
24, 79, 143, 196, 236, 275
25, 85, 126, 213, 228, 270
26, 60, 148, 217, 274, 317
27, 57, 91, 166, 218, 280
28, 63, 88, 219, 257, 297
29, 77, 86, 206, 227, 271
30, 61, 89, 197, 234, 281
31, 67, 99, 209, 259, 295
32, 54, 93, 179, 222, 290
33, 58, 87, 210, 254, 299
34, 95, 111, 216, 262, 284
35, 90, 108, 220, 266, 285
36, 69, 116, 198, 253, 289
37, 73, 114, 186, 244, 291
38, 76, 110, 182, 237, 288
39, 74, 124, 173, 225, 278
40, 62, 106, 201, 240, 282
41, 66, 115, 184, 248, 313
42, 65, 112, 187, 268, 320
43, 64, 117, 177, 230, 286
44, 68, 107, 207, 267, 311
45, 71, 127, 176, 246, 321
46, 75, 133, 167, 239, 314
47, 80, 135, 171, 251, 325
48, 83, 141, 170, 233, 296
49, 78, 134, 181, 238, 312
50, 92, 139, 172, 235, 306
51, 81, 140, 169, 241, 315
52, 84, 136, 193, 265, 319
53, 82, 137, 180, 256, 323
