FLL Scheduler GA Summary Report (ID: 2132037127296 | Hash: -5574045939119127303)

Attributes:
--------------------
rank: 0
origin: (C | TimeSlotCrossover)
mutations: 0
clones: 0
_hash: -5574045939119127303
Length: 318

Fitness:
--------------------------
BreakTime           : 0.31062795876048954
LocationConsistency : 0.0
OpponentVariety     : 0.8754111684107535
-----------------------------------
Total               : 1.186039127171243
Percentage          : 39.53%

Per-Objective Statistics (Team Distribution):
-----------------------------------------------------------------
Objective                 | Min      | Max      | Avg      | Range   
-----------------------------------------------------------------
BreakTime                 | 0.0004   | 0.9193   | 0.5394   | 0.9189  
LocationConsistency       | 0.0417   | 0.6417   | 0.2582   | 0.6000  
OpponentVariety           | 0.7527   | 1.0000   | 0.9953   | 0.2473  

Team fitnesses (sorted by total fitness descending):
----------------------------------------------------
Max     : 2.534208
Min     : 1.050419
Range   : 1.483789
Average : 1.792892

Team |BreakTime |LocationConsistency |OpponentVariety |Sum
------------------------------------------------------------
49   |0.8925    |0.6417              |1.0000          |2.5342
50   |0.8630    |0.5250              |1.0000          |2.3880
44   |0.6732    |0.6417              |1.0000          |2.3148
1    |0.6485    |0.6417              |1.0000          |2.2902
53   |0.9139    |0.3500              |1.0000          |2.2639
15   |0.6158    |0.6417              |1.0000          |2.2575
36   |0.6044    |0.6417              |1.0000          |2.2460
45   |0.8865    |0.3500              |1.0000          |2.2365
4    |0.5895    |0.6417              |1.0000          |2.2312
48   |0.8793    |0.3500              |1.0000          |2.2293
17   |0.5619    |0.6417              |1.0000          |2.2036
46   |0.7914    |0.3500              |1.0000          |2.1414
22   |0.6013    |0.5250              |1.0000          |2.1263
43   |0.6257    |0.3500              |1.0000          |1.9757
51   |0.9193    |0.0417              |1.0000          |1.9610
40   |0.5936    |0.3667              |1.0000          |1.9603
52   |0.9185    |0.0417              |1.0000          |1.9602
42   |0.6764    |0.2667              |1.0000          |1.9431
38   |0.6673    |0.2667              |1.0000          |1.9339
47   |0.8672    |0.0500              |1.0000          |1.9172
34   |0.5616    |0.3500              |1.0000          |1.9116
37   |0.6273    |0.2667              |1.0000          |1.8939
24   |0.5397    |0.3500              |1.0000          |1.8897
3    |0.6216    |0.2667              |1.0000          |1.8883
16   |0.5379    |0.3500              |1.0000          |1.8879
11   |0.5920    |0.2667              |1.0000          |1.8586
12   |0.5901    |0.2667              |1.0000          |1.8568
10   |0.5556    |0.2667              |1.0000          |1.8223
35   |0.5515    |0.2667              |1.0000          |1.8181
30   |0.5133    |0.2667              |1.0000          |1.7800
20   |0.5082    |0.2667              |1.0000          |1.7749
21   |0.4972    |0.2667              |1.0000          |1.7639
39   |0.6637    |0.0417              |1.0000          |1.7054
9    |0.6329    |0.0500              |1.0000          |1.6829
7    |0.6005    |0.0667              |1.0000          |1.6672
5    |0.5719    |0.0667              |1.0000          |1.6385
41   |0.5809    |0.0500              |1.0000          |1.6309
8    |0.5774    |0.0500              |1.0000          |1.6274
6    |0.5474    |0.0750              |1.0000          |1.6224
18   |0.5758    |0.0417              |1.0000          |1.6174
2    |0.5640    |0.0417              |1.0000          |1.6057
14   |0.5543    |0.0500              |1.0000          |1.6043
13   |0.5389    |0.0500              |1.0000          |1.5889
32   |0.5002    |0.0417              |1.0000          |1.5419
25   |0.0004    |0.3667              |1.0000          |1.3671
27   |0.0004    |0.2667              |1.0000          |1.2671
29   |0.0488    |0.0667              |1.0000          |1.1154
26   |0.0004    |0.3500              |0.7527          |1.1031
23   |0.0454    |0.0500              |1.0000          |1.0954
28   |0.0475    |0.0417              |1.0000          |1.0891
19   |0.0465    |0.0417              |1.0000          |1.0882
33   |0.0045    |0.0500              |1.0000          |1.0545
31   |0.0004    |0.0500              |1.0000          |1.0504

Team Events (sorted, for dev use, diff check with others to ensure truly different schedules created):
------------------------------------------------------------
0, 104, 161, 177, 224, 286
1, 100, 145, 208, 277, 318
2, 101, 156, 189, 241, 302
3, 96, 148, 183, 232, 300
4, 98, 146, 191, 240, 299
5, 94, 142, 205, 250, 293
6, 97, 153, 187, 228, 287
7, 108, 154, 211, 254, 310
8, 109, 152, 180, 244, 294
9, 124, 157, 192, 247, 308
10, 122, 163, 181, 223, 282
11, 123, 165, 190, 261, 316
12, 118, 155, 207, 276, 324
13, 121, 162, 195, 231, 279
14, 119, 158, 182, 255, 322
15, 120, 150, 198, 262, 309
16, 115, 164, 203, 252, 303
17, 132, 160, 194, 269, 305
18, 71, 147, 214, 264, 306
20, 58, 144, 204, 256, 301
21, 61, 143, 218, 272, 317
22, 55, 159, 170, 215, 274
23, 79, 149, 196, 236, 273
24, 57, 151, 200, 249, 304
25, 74, 138, 202, 220, 275
26, 85, 130, 206, 226, 270
27, 95, 110, 219, 263, 284
28, 62, 91, 216, 258, 297
29, 67, 99, 210, 257, 295
30, 60, 90, 197, 234, 280
31, 88, 105, 221, 266, 285
32, 59, 87, 209, 260, 298
33, 76, 86, 213, 229, 271
34, 56, 89, 173, 217, 281
35, 54, 93, 176, 222, 289
36, 68, 107, 212, 267, 311
37, 77, 111, 188, 237, 290
38, 64, 116, 178, 230, 292
39, 72, 125, 167, 225, 278
40, 69, 117, 199, 253, 291
41, 63, 106, 201, 243, 283
42, 65, 114, 185, 268, 320
43, 75, 112, 184, 245, 288
44, 66, 113, 186, 251, 313
45, 92, 139, 166, 235, 307
46, 84, 137, 193, 265, 319
47, 81, 136, 175, 259, 323
48, 80, 140, 168, 233, 296
49, 70, 131, 179, 246, 321
50, 78, 134, 174, 238, 312
51, 73, 133, 172, 239, 315
52, 82, 135, 169, 248, 325
53, 83, 141, 171, 242, 314
