FLL Scheduler GA Summary Report (ID: 2132126139664 | Hash: 637917295992682893)

Attributes:
--------------------
rank: 0
origin: (C | KPoint(k=2))
mutations: 1
clones: 0
_hash: 637917295992682893
Length: 318

Fitness:
--------------------------
BreakTime           : 0.31062795876048954
LocationConsistency : 0.0
OpponentVariety     : 0.8754111684107535
-----------------------------------
Total               : 1.186039127171243
Percentage          : 39.53%

Per-Objective Statistics (Team Distribution):
-----------------------------------------------------------------
Objective                 | Min      | Max      | Avg      | Range   
-----------------------------------------------------------------
BreakTime                 | 0.0004   | 0.9193   | 0.5394   | 0.9189  
LocationConsistency       | 0.0417   | 0.5250   | 0.1920   | 0.4833  
OpponentVariety           | 0.7527   | 1.0000   | 0.9953   | 0.2473  

Team fitnesses (sorted by total fitness descending):
----------------------------------------------------
Max     : 2.388011
Min     : 1.075405
Range   : 1.312606
Average : 1.726697

Team |BreakTime |LocationConsistency |OpponentVariety |Sum
------------------------------------------------------------
50   |0.8630    |0.5250              |1.0000          |2.3880
47   |0.9193    |0.2667              |1.0000          |2.1860
52   |0.9185    |0.2667              |1.0000          |2.1852
49   |0.8925    |0.2667              |1.0000          |2.1592
45   |0.8865    |0.2667              |1.0000          |2.1531
42   |0.6732    |0.3500              |1.0000          |2.0232
53   |0.9139    |0.0750              |1.0000          |1.9889
5    |0.6329    |0.3500              |1.0000          |1.9829
15   |0.6158    |0.3667              |1.0000          |1.9825
2    |0.6216    |0.3500              |1.0000          |1.9716
36   |0.6764    |0.2667              |1.0000          |1.9431
41   |0.6673    |0.2667              |1.0000          |1.9339
48   |0.8793    |0.0417              |1.0000          |1.9210
51   |0.8672    |0.0500              |1.0000          |1.9172
1    |0.6485    |0.2667              |1.0000          |1.9152
37   |0.6273    |0.2667              |1.0000          |1.8939
40   |0.6257    |0.2667              |1.0000          |1.8923
13   |0.5379    |0.3500              |1.0000          |1.8879
43   |0.6044    |0.2667              |1.0000          |1.8710
44   |0.5936    |0.2667              |1.0000          |1.8603
19   |0.5082    |0.3500              |1.0000          |1.8582
8    |0.5895    |0.2667              |1.0000          |1.8562
38   |0.5809    |0.2667              |1.0000          |1.8476
46   |0.7914    |0.0417              |1.0000          |1.8331
28   |0.5616    |0.2667              |1.0000          |1.8282
3    |0.5474    |0.2667              |1.0000          |1.8141
32   |0.5002    |0.2667              |1.0000          |1.7669
39   |0.6637    |0.0500              |1.0000          |1.7137
6    |0.6005    |0.0500              |1.0000          |1.6505
20   |0.6013    |0.0417              |1.0000          |1.6430
18   |0.5901    |0.0500              |1.0000          |1.6401
9    |0.5719    |0.0667              |1.0000          |1.6385
10   |0.5920    |0.0417              |1.0000          |1.6336
7    |0.5774    |0.0500              |1.0000          |1.6274
11   |0.5556    |0.0667              |1.0000          |1.6223
14   |0.5543    |0.0667              |1.0000          |1.6210
16   |0.5758    |0.0417              |1.0000          |1.6174
4    |0.5640    |0.0417              |1.0000          |1.6057
12   |0.5619    |0.0417              |1.0000          |1.6036
27   |0.5515    |0.0417              |1.0000          |1.5931
24   |0.5397    |0.0500              |1.0000          |1.5897
17   |0.5389    |0.0500              |1.0000          |1.5889
30   |0.5133    |0.0500              |1.0000          |1.5633
23   |0.4972    |0.0417              |1.0000          |1.5389
26   |0.0454    |0.3667              |1.0000          |1.4121
35   |0.0475    |0.3500              |1.0000          |1.3975
33   |0.0045    |0.3500              |1.0000          |1.3545
31   |0.0004    |0.3500              |1.0000          |1.3504
25   |0.0004    |0.2667              |1.0000          |1.2671
29   |0.0488    |0.0667              |1.0000          |1.1154
22   |0.0004    |0.3500              |0.7527          |1.1031
21   |0.0465    |0.0417              |1.0000          |1.0882
34   |0.0004    |0.0750              |1.0000          |1.0754

Team Events (sorted, for dev use, diff check with others to ensure truly different schedules created):
------------------------------------------------------------
0, 105, 162, 177, 224, 293
1, 94, 156, 182, 241, 302
2, 100, 149, 205, 250, 287
3, 95, 146, 208, 277, 318
4, 102, 152, 180, 244, 294
5, 98, 153, 184, 228, 292
6, 103, 154, 211, 254, 310
7, 99, 142, 188, 235, 301
8, 97, 145, 191, 240, 298
9, 122, 160, 181, 223, 283
10, 125, 157, 192, 247, 308
11, 113, 164, 203, 253, 303
12, 120, 150, 198, 269, 309
13, 121, 161, 195, 236, 279
14, 119, 159, 189, 255, 322
15, 127, 163, 194, 262, 305
16, 118, 155, 207, 276, 324
17, 123, 165, 190, 260, 316
18, 56, 147, 204, 256, 300
19, 61, 158, 171, 215, 274
20, 77, 144, 214, 267, 306
21, 85, 130, 206, 226, 270
22, 55, 148, 218, 272, 317
24, 58, 151, 200, 249, 304
25, 72, 138, 202, 220, 275
26, 79, 143, 196, 231, 273
27, 60, 93, 176, 222, 290
28, 59, 88, 173, 217, 280
29, 64, 96, 210, 257, 295
30, 54, 91, 197, 233, 281
31, 89, 104, 221, 265, 285
32, 57, 87, 209, 261, 299
33, 71, 86, 213, 229, 271
34, 101, 117, 219, 268, 284
35, 69, 90, 216, 258, 296
36, 66, 112, 187, 263, 320
37, 70, 116, 183, 230, 288
38, 68, 106, 201, 243, 282
39, 74, 124, 166, 225, 278
40, 73, 115, 186, 245, 291
41, 67, 110, 178, 237, 286
42, 65, 114, 185, 251, 313
43, 63, 107, 212, 264, 311
44, 62, 111, 199, 252, 289
45, 92, 139, 167, 232, 307
46, 84, 136, 193, 266, 319
47, 75, 126, 172, 239, 315
48, 83, 141, 168, 234, 297
49, 76, 131, 179, 246, 321
50, 78, 134, 174, 238, 312
51, 82, 137, 175, 259, 323
52, 80, 135, 169, 248, 325
53, 81, 140, 170, 242, 314
