FLL Scheduler GA Summary Report (ID: 2132118894208 | Hash: 6938683762239041253)

Attributes:
--------------------
rank: 0
origin: (C | TimeSlotCrossover)
mutations: 0
clones: 0
_hash: 6938683762239041253
Length: 318

Fitness:
--------------------------
BreakTime           : 0.31062795876048954
LocationConsistency : 0.0
OpponentVariety     : 0.8754111684107535
-----------------------------------
Total               : 1.186039127171243
Percentage          : 39.53%

Per-Objective Statistics (Team Distribution):
-----------------------------------------------------------------
Objective                 | Min      | Max      | Avg      | Range   
-----------------------------------------------------------------
BreakTime                 | 0.0004   | 0.9193   | 0.5394   | 0.9189  
LocationConsistency       | 0.0417   | 0.9500   | 0.2302   | 0.9083  
OpponentVariety           | 0.7527   | 1.0000   | 0.9953   | 0.2473  

Team fitnesses (sorted by total fitness descending):
----------------------------------------------------
Max     : 2.623154
Min     : 1.050419
Range   : 1.572736
Average : 1.764905

Team |BreakTime |LocationConsistency |OpponentVariety |Sum
------------------------------------------------------------
40   |0.6732    |0.9500              |1.0000          |2.6232
46   |0.9185    |0.6417              |1.0000          |2.5602
42   |0.6764    |0.6417              |1.0000          |2.3181
10   |0.6158    |0.6417              |1.0000          |2.2575
37   |0.6044    |0.6417              |1.0000          |2.2460
50   |0.8793    |0.3500              |1.0000          |2.2293
48   |0.8630    |0.3500              |1.0000          |2.2130
34   |0.5616    |0.6417              |1.0000          |2.2032
49   |0.8925    |0.2667              |1.0000          |2.1592
47   |0.9193    |0.0500              |1.0000          |1.9693
53   |0.9139    |0.0417              |1.0000          |1.9555
12   |0.5901    |0.3500              |1.0000          |1.9401
45   |0.8865    |0.0417              |1.0000          |1.9281
16   |0.5556    |0.3667              |1.0000          |1.9223
51   |0.8672    |0.0500              |1.0000          |1.9172
1    |0.6485    |0.2667              |1.0000          |1.9152
6    |0.5474    |0.3500              |1.0000          |1.8974
38   |0.6273    |0.2667              |1.0000          |1.8939
19   |0.5397    |0.3500              |1.0000          |1.8897
5    |0.6216    |0.2667              |1.0000          |1.8883
30   |0.5133    |0.3500              |1.0000          |1.8633
43   |0.5936    |0.2667              |1.0000          |1.8603
4    |0.5895    |0.2667              |1.0000          |1.8562
52   |0.7914    |0.0500              |1.0000          |1.8414
11   |0.5379    |0.2667              |1.0000          |1.8046
36   |0.6673    |0.0417              |1.0000          |1.7089
41   |0.6637    |0.0417              |1.0000          |1.7054
22   |0.0004    |0.9500              |0.7527          |1.7031
39   |0.6257    |0.0750              |1.0000          |1.7007
3    |0.6329    |0.0500              |1.0000          |1.6829
25   |0.6013    |0.0750              |1.0000          |1.6763
7    |0.6005    |0.0417              |1.0000          |1.6422
24   |0.0004    |0.6417              |1.0000          |1.6421
13   |0.5920    |0.0417              |1.0000          |1.6336
44   |0.5809    |0.0500              |1.0000          |1.6309
8    |0.5774    |0.0500              |1.0000          |1.6274
14   |0.5758    |0.0417              |1.0000          |1.6174
2    |0.5640    |0.0500              |1.0000          |1.6140
15   |0.5389    |0.0750              |1.0000          |1.6139
9    |0.5719    |0.0417              |1.0000          |1.6135
18   |0.5543    |0.0500              |1.0000          |1.6043
17   |0.5619    |0.0417              |1.0000          |1.6036
35   |0.5515    |0.0417              |1.0000          |1.5931
20   |0.5082    |0.0667              |1.0000          |1.5749
26   |0.4972    |0.0667              |1.0000          |1.5639
32   |0.5002    |0.0417              |1.0000          |1.5419
23   |0.0454    |0.3500              |1.0000          |1.3954
21   |0.0465    |0.2667              |1.0000          |1.3132
29   |0.0488    |0.0667              |1.0000          |1.1154
27   |0.0475    |0.0417              |1.0000          |1.0891
28   |0.0004    |0.0750              |1.0000          |1.0754
33   |0.0045    |0.0500              |1.0000          |1.0545
31   |0.0004    |0.0500              |1.0000          |1.0504

Team Events (sorted, for dev use, diff check with others to ensure truly different schedules created):
------------------------------------------------------------
0, 102, 161, 178, 224, 286
1, 100, 147, 208, 277, 325
2, 109, 153, 175, 239, 294
3, 96, 143, 183, 234, 300
4, 101, 156, 189, 241, 303
5, 94, 149, 205, 250, 293
6, 97, 152, 187, 228, 287
7, 108, 154, 211, 254, 310
8, 98, 145, 191, 240, 299
9, 122, 159, 182, 255, 322
10, 119, 150, 198, 269, 308
11, 120, 164, 190, 260, 316
12, 121, 163, 174, 223, 282
13, 132, 160, 194, 263, 305
14, 123, 155, 207, 276, 319
15, 125, 157, 192, 247, 309
16, 113, 165, 203, 252, 302
17, 118, 162, 195, 231, 279
18, 57, 151, 200, 249, 304
19, 58, 146, 204, 257, 301
20, 71, 144, 214, 264, 307
21, 78, 130, 206, 226, 270
22, 84, 142, 196, 236, 273
23, 75, 138, 202, 220, 275
24, 54, 158, 170, 215, 274
25, 60, 148, 218, 272, 317
27, 62, 91, 216, 258, 297
28, 95, 111, 219, 268, 284
29, 67, 99, 210, 256, 295
30, 61, 90, 197, 233, 281
31, 88, 103, 221, 266, 285
32, 59, 87, 209, 261, 298
33, 76, 86, 213, 229, 271
34, 56, 89, 173, 217, 280
35, 55, 93, 179, 222, 289
36, 64, 117, 177, 230, 292
37, 68, 107, 212, 267, 311
38, 77, 110, 188, 237, 290
39, 74, 114, 184, 238, 288
40, 66, 115, 186, 251, 315
41, 72, 124, 167, 225, 278
42, 65, 112, 185, 262, 320
43, 69, 116, 199, 253, 291
44, 63, 106, 201, 243, 283
45, 92, 139, 166, 232, 306
46, 81, 134, 169, 248, 318
47, 73, 133, 172, 244, 312
48, 85, 135, 181, 245, 314
49, 70, 131, 176, 246, 321
50, 83, 141, 168, 235, 296
51, 82, 137, 180, 259, 323
52, 79, 136, 193, 265, 324
53, 80, 140, 171, 242, 313
