FLL Scheduler GA Summary Report (ID: 2132037130096 | Hash: 7877411264560061183)

Attributes:
--------------------
rank: 0
origin: (C | KPoint(k=1))
mutations: 0
clones: 0
_hash: 7877411264560061183
Length: 318

Fitness:
--------------------------
BreakTime           : 0.31062795876048954
LocationConsistency : 0.0
OpponentVariety     : 0.8754111684107535
-----------------------------------
Total               : 1.186039127171243
Percentage          : 39.53%

Per-Objective Statistics (Team Distribution):
-----------------------------------------------------------------
Objective                 | Min      | Max      | Avg      | Range   
-----------------------------------------------------------------
BreakTime                 | 0.0004   | 0.9193   | 0.5394   | 0.9189  
LocationConsistency       | 0.0417   | 0.6417   | 0.1926   | 0.6000  
OpponentVariety           | 0.7527   | 1.0000   | 0.9953   | 0.2473  

Team fitnesses (sorted by total fitness descending):
----------------------------------------------------
Max     : 2.246026
Min     : 1.054450
Range   : 1.191576
Average : 1.727326

Team |BreakTime |LocationConsistency |OpponentVariety |Sum
------------------------------------------------------------
36   |0.6044    |0.6417              |1.0000          |2.2460
51   |0.8672    |0.3500              |1.0000          |2.2172
45   |0.9139    |0.2667              |1.0000          |2.1805
53   |0.8865    |0.2667              |1.0000          |2.1531
50   |0.8793    |0.2667              |1.0000          |2.1460
52   |0.7914    |0.2667              |1.0000          |2.0581
47   |0.9193    |0.0500              |1.0000          |1.9693
46   |0.9185    |0.0417              |1.0000          |1.9602
44   |0.6732    |0.2667              |1.0000          |1.9398
4    |0.5895    |0.3500              |1.0000          |1.9395
49   |0.8925    |0.0417              |1.0000          |1.9342
38   |0.6673    |0.2667              |1.0000          |1.9339
39   |0.6637    |0.2667              |1.0000          |1.9304
48   |0.8630    |0.0667              |1.0000          |1.9297
10   |0.5556    |0.3667              |1.0000          |1.9223
2    |0.5640    |0.3500              |1.0000          |1.9140
3    |0.6329    |0.2667              |1.0000          |1.8995
37   |0.6273    |0.2667              |1.0000          |1.8939
43   |0.6257    |0.2667              |1.0000          |1.8923
15   |0.6158    |0.2667              |1.0000          |1.8825
9    |0.6005    |0.2667              |1.0000          |1.8672
12   |0.5901    |0.2667              |1.0000          |1.8568
16   |0.5758    |0.2667              |1.0000          |1.8424
7    |0.5719    |0.2667              |1.0000          |1.8385
14   |0.5619    |0.2667              |1.0000          |1.8286
6    |0.5474    |0.2667              |1.0000          |1.8141
30   |0.5133    |0.2667              |1.0000          |1.7800
42   |0.6764    |0.0750              |1.0000          |1.7514
1    |0.6485    |0.0417              |1.0000          |1.6902
24   |0.6013    |0.0750              |1.0000          |1.6763
5    |0.6216    |0.0417              |1.0000          |1.6633
11   |0.5920    |0.0500              |1.0000          |1.6420
40   |0.5936    |0.0417              |1.0000          |1.6353
41   |0.5809    |0.0500              |1.0000          |1.6309
8    |0.5774    |0.0417              |1.0000          |1.6190
34   |0.5616    |0.0417              |1.0000          |1.6032
18   |0.5543    |0.0417              |1.0000          |1.5960
35   |0.5515    |0.0417              |1.0000          |1.5931
20   |0.5397    |0.0500              |1.0000          |1.5897
17   |0.5389    |0.0500              |1.0000          |1.5889
13   |0.5379    |0.0417              |1.0000          |1.5796
25   |0.4972    |0.0667              |1.0000          |1.5639
32   |0.5002    |0.0500              |1.0000          |1.5502
22   |0.5082    |0.0417              |1.0000          |1.5499
27   |0.0475    |0.3500              |1.0000          |1.3975
23   |0.0454    |0.3500              |1.0000          |1.3954
28   |0.0004    |0.3667              |1.0000          |1.3671
26   |0.0465    |0.2667              |1.0000          |1.3132
19   |0.0004    |0.2667              |1.0000          |1.2671
31   |0.0004    |0.2667              |1.0000          |1.2671
21   |0.0004    |0.3500              |0.7527          |1.1031
29   |0.0488    |0.0417              |1.0000          |1.0904
33   |0.0045    |0.0500              |1.0000          |1.0545

Team Events (sorted, for dev use, diff check with others to ensure truly different schedules created):
------------------------------------------------------------
0, 103, 161, 178, 224, 286
1, 101, 147, 208, 277, 325
2, 109, 154, 174, 239, 301
3, 97, 143, 183, 235, 295
4, 100, 150, 189, 243, 303
5, 94, 149, 205, 250, 292
6, 98, 145, 196, 242, 296
7, 108, 153, 211, 261, 310
8, 96, 155, 187, 228, 287
9, 119, 151, 195, 247, 309
10, 121, 163, 175, 223, 280
11, 120, 164, 197, 255, 316
12, 122, 157, 198, 263, 308
13, 115, 165, 203, 248, 302
14, 124, 159, 182, 260, 322
15, 126, 160, 192, 269, 305
16, 125, 152, 207, 276, 319
17, 123, 162, 193, 237, 284
18, 75, 137, 202, 214, 275
19, 57, 156, 200, 253, 304
20, 84, 130, 206, 226, 270
21, 59, 146, 204, 256, 294
22, 79, 142, 191, 231, 273
24, 54, 158, 170, 220, 274
25, 60, 148, 217, 272, 317
26, 70, 144, 221, 264, 307
27, 69, 91, 219, 258, 298
28, 95, 111, 216, 262, 279
29, 64, 99, 210, 257, 300
30, 61, 90, 190, 233, 282
31, 88, 102, 215, 266, 278
32, 58, 87, 209, 254, 297
33, 76, 86, 213, 229, 271
34, 56, 89, 173, 218, 283
35, 55, 93, 179, 222, 289
36, 63, 107, 212, 267, 311
37, 77, 110, 188, 230, 290
38, 67, 117, 177, 236, 293
39, 73, 118, 167, 225, 285
40, 62, 116, 199, 249, 291
41, 68, 106, 201, 240, 281
42, 66, 114, 184, 268, 320
43, 74, 113, 185, 238, 288
44, 65, 112, 186, 251, 313
45, 83, 141, 171, 241, 314
46, 82, 135, 169, 252, 318
47, 72, 127, 172, 244, 315
48, 78, 134, 180, 245, 312
49, 71, 131, 176, 246, 321
50, 80, 140, 168, 234, 299
51, 81, 139, 181, 259, 323
52, 85, 138, 194, 265, 324
53, 92, 136, 166, 232, 306
