FLL Scheduler GA Summary Report (ID: 2132118881664 | Hash: 2996082108060101965)

Attributes:
--------------------
rank: 0
origin: (C | RoundTypeCrossover)
mutations: 0
clones: 0
_hash: 2996082108060101965
Length: 318

Fitness:
--------------------------
BreakTime           : 0.31062795876048954
LocationConsistency : 0.0
OpponentVariety     : 0.8754111684107535
-----------------------------------
Total               : 1.186039127171243
Percentage          : 39.53%

Per-Objective Statistics (Team Distribution):
-----------------------------------------------------------------
Objective                 | Min      | Max      | Avg      | Range   
-----------------------------------------------------------------
BreakTime                 | 0.0004   | 0.9193   | 0.5394   | 0.9189  
LocationConsistency       | 0.0417   | 0.6417   | 0.2159   | 0.6000  
OpponentVariety           | 0.7527   | 1.0000   | 0.9953   | 0.2473  

Team fitnesses (sorted by total fitness descending):
----------------------------------------------------
Max     : 2.314821
Min     : 1.042102
Range   : 1.272719
Average : 1.750596

Team |BreakTime |LocationConsistency |OpponentVariety |Sum
------------------------------------------------------------
40   |0.6732    |0.6417              |1.0000          |2.3148
53   |0.9139    |0.3500              |1.0000          |2.2639
15   |0.6158    |0.6417              |1.0000          |2.2575
51   |0.8672    |0.3500              |1.0000          |2.2172
8    |0.5719    |0.6417              |1.0000          |2.2135
45   |0.8865    |0.2667              |1.0000          |2.1531
50   |0.8793    |0.2667              |1.0000          |2.1460
48   |0.8630    |0.2667              |1.0000          |2.1297
46   |0.7914    |0.2667              |1.0000          |2.0581
47   |0.9193    |0.0417              |1.0000          |1.9610
52   |0.9185    |0.0417              |1.0000          |1.9602
22   |0.6013    |0.3500              |1.0000          |1.9513
3    |0.6005    |0.3500              |1.0000          |1.9505
49   |0.8925    |0.0417              |1.0000          |1.9342
11   |0.5556    |0.3667              |1.0000          |1.9223
7    |0.6329    |0.2667              |1.0000          |1.8995
43   |0.6273    |0.2667              |1.0000          |1.8939
42   |0.6257    |0.2667              |1.0000          |1.8923
5    |0.6216    |0.2667              |1.0000          |1.8883
16   |0.5379    |0.3500              |1.0000          |1.8879
37   |0.6044    |0.2667              |1.0000          |1.8710
10   |0.5920    |0.2667              |1.0000          |1.8586
20   |0.5082    |0.3500              |1.0000          |1.8582
6    |0.5895    |0.2667              |1.0000          |1.8562
32   |0.5002    |0.3500              |1.0000          |1.8502
39   |0.5809    |0.2667              |1.0000          |1.8476
18   |0.5758    |0.2667              |1.0000          |1.8424
1    |0.5640    |0.2667              |1.0000          |1.8307
17   |0.5619    |0.2667              |1.0000          |1.8286
2    |0.5474    |0.2667              |1.0000          |1.8141
38   |0.6764    |0.0500              |1.0000          |1.7264
36   |0.6673    |0.0417              |1.0000          |1.7089
41   |0.6637    |0.0417              |1.0000          |1.7054
9    |0.6485    |0.0417              |1.0000          |1.6902
44   |0.5936    |0.0667              |1.0000          |1.6603
12   |0.5901    |0.0417              |1.0000          |1.6318
4    |0.5774    |0.0500              |1.0000          |1.6274
34   |0.5616    |0.0500              |1.0000          |1.6116
14   |0.5543    |0.0417              |1.0000          |1.5960
35   |0.5515    |0.0417              |1.0000          |1.5931
24   |0.5397    |0.0500              |1.0000          |1.5897
13   |0.5389    |0.0500              |1.0000          |1.5889
30   |0.5133    |0.0500              |1.0000          |1.5633
21   |0.4972    |0.0417              |1.0000          |1.5389
33   |0.0045    |0.5250              |1.0000          |1.5295
23   |0.0454    |0.2667              |1.0000          |1.3121
27   |0.0004    |0.2667              |1.0000          |1.2671
29   |0.0488    |0.0667              |1.0000          |1.1154
26   |0.0004    |0.3500              |0.7527          |1.1031
28   |0.0475    |0.0417              |1.0000          |1.0891
19   |0.0465    |0.0417              |1.0000          |1.0882
31   |0.0004    |0.0500              |1.0000          |1.0504
25   |0.0004    |0.0417              |1.0000          |1.0421

Team Events (sorted, for dev use, diff check with others to ensure truly different schedules created):
------------------------------------------------------------
0, 101, 146, 208, 277, 318
1, 94, 149, 205, 249, 287
2, 96, 155, 187, 228, 292
3, 108, 153, 211, 254, 310
4, 100, 157, 189, 240, 302
5, 97, 143, 183, 235, 301
6, 109, 154, 175, 245, 294
7, 98, 145, 191, 241, 298
8, 102, 161, 178, 224, 293
9, 122, 163, 174, 223, 283
10, 124, 156, 192, 247, 308
11, 123, 165, 190, 258, 316
12, 118, 152, 207, 276, 324
13, 121, 162, 195, 236, 279
14, 119, 158, 182, 255, 322
15, 120, 150, 198, 262, 309
16, 115, 164, 203, 253, 303
17, 132, 160, 194, 268, 305
18, 76, 144, 214, 267, 306
20, 56, 147, 204, 256, 300
21, 55, 148, 219, 272, 317
22, 61, 159, 170, 215, 274
23, 79, 142, 196, 231, 273
24, 59, 151, 200, 250, 304
25, 72, 137, 202, 220, 275
26, 85, 130, 206, 226, 270
27, 95, 110, 218, 263, 284
28, 62, 90, 217, 261, 296
29, 67, 99, 210, 257, 295
30, 54, 91, 197, 233, 281
31, 88, 103, 221, 265, 285
32, 57, 86, 209, 259, 299
33, 71, 87, 213, 229, 271
34, 58, 89, 173, 216, 280
35, 60, 93, 179, 222, 290
36, 64, 116, 177, 237, 286
37, 68, 106, 212, 264, 311
38, 65, 114, 184, 269, 320
39, 63, 107, 201, 243, 282
40, 66, 113, 186, 248, 313
41, 75, 125, 167, 225, 278
42, 73, 112, 185, 244, 291
43, 70, 111, 188, 230, 289
44, 69, 117, 199, 252, 288
45, 92, 136, 166, 232, 307
46, 84, 138, 193, 266, 319
47, 74, 133, 172, 238, 315
48, 78, 141, 181, 239, 312
49, 77, 131, 176, 246, 321
50, 80, 135, 168, 234, 297
51, 81, 139, 180, 260, 323
52, 82, 140, 169, 251, 325
53, 83, 134, 171, 242, 314
