FLL Scheduler GA Summary Report (ID: 2132111947168 | Hash: 8098559966546021235)

Attributes:
--------------------
rank: 0
origin: (C | TimeSlotCrossover)
mutations: 0
clones: 0
_hash: 8098559966546021235
Length: 318

Fitness:
--------------------------
BreakTime           : 0.31062795876048954
LocationConsistency : 0.0
OpponentVariety     : 0.8754111684107535
-----------------------------------
Total               : 1.186039127171243
Percentage          : 39.53%

Per-Objective Statistics (Team Distribution):
-----------------------------------------------------------------
Objective                 | Min      | Max      | Avg      | Range   
-----------------------------------------------------------------
BreakTime                 | 0.0004   | 0.9193   | 0.5394   | 0.9189  
LocationConsistency       | 0.0417   | 0.9500   | 0.2024   | 0.9083  
OpponentVariety           | 0.7527   | 1.0000   | 0.9953   | 0.2473  

Team fitnesses (sorted by total fitness descending):
----------------------------------------------------
Max     : 2.463287
Min     : 1.019778
Range   : 1.443508
Average : 1.737074

Team |BreakTime |LocationConsistency |OpponentVariety |Sum
------------------------------------------------------------
28   |0.5133    |0.9500              |1.0000          |2.4633
47   |0.9185    |0.2667              |1.0000          |2.1852
51   |0.9139    |0.2667              |1.0000          |2.1805
52   |0.8925    |0.2667              |1.0000          |2.1592
49   |0.8630    |0.2667              |1.0000          |2.1297
40   |0.6732    |0.3500              |1.0000          |2.0232
5    |0.6216    |0.3500              |1.0000          |1.9716
15   |0.6158    |0.3500              |1.0000          |1.9658
46   |0.9193    |0.0417              |1.0000          |1.9610
38   |0.6044    |0.3500              |1.0000          |1.9544
36   |0.6673    |0.2667              |1.0000          |1.9339
48   |0.8793    |0.0500              |1.0000          |1.9293
50   |0.8865    |0.0417              |1.0000          |1.9281
9    |0.6485    |0.2667              |1.0000          |1.9152
53   |0.8672    |0.0417              |1.0000          |1.9088
44   |0.6257    |0.2667              |1.0000          |1.8923
23   |0.6013    |0.2667              |1.0000          |1.8680
7    |0.6005    |0.2667              |1.0000          |1.8672
39   |0.5936    |0.2667              |1.0000          |1.8603
12   |0.5920    |0.2667              |1.0000          |1.8586
11   |0.5901    |0.2667              |1.0000          |1.8568
6    |0.5895    |0.2667              |1.0000          |1.8562
41   |0.5809    |0.2667              |1.0000          |1.8476
1    |0.5719    |0.2667              |1.0000          |1.8385
45   |0.7914    |0.0417              |1.0000          |1.8331
4    |0.5640    |0.2667              |1.0000          |1.8307
33   |0.5616    |0.2667              |1.0000          |1.8282
34   |0.5515    |0.2667              |1.0000          |1.8181
3    |0.5474    |0.2667              |1.0000          |1.8141
22   |0.5397    |0.2667              |1.0000          |1.8064
31   |0.5002    |0.2667              |1.0000          |1.7669
42   |0.6764    |0.0417              |1.0000          |1.7181
43   |0.6637    |0.0417              |1.0000          |1.7054
37   |0.6273    |0.0500              |1.0000          |1.6773
2    |0.6329    |0.0417              |1.0000          |1.6745
30   |0.0004    |0.6417              |1.0000          |1.6421
18   |0.5556    |0.0667              |1.0000          |1.6223
8    |0.5774    |0.0417              |1.0000          |1.6190
14   |0.5758    |0.0417              |1.0000          |1.6174
16   |0.5389    |0.0750              |1.0000          |1.6139
13   |0.5619    |0.0417              |1.0000          |1.6036
17   |0.5543    |0.0417              |1.0000          |1.5960
10   |0.5379    |0.0417              |1.0000          |1.5796
24   |0.4972    |0.0667              |1.0000          |1.5639
19   |0.5082    |0.0417              |1.0000          |1.5499
32   |0.0475    |0.2667              |1.0000          |1.3141
26   |0.0465    |0.2667              |1.0000          |1.3132
29   |0.0045    |0.2667              |1.0000          |1.2711
20   |0.0454    |0.0667              |1.0000          |1.1121
35   |0.0488    |0.0500              |1.0000          |1.0988
21   |0.0004    |0.0500              |1.0000          |1.0504
27   |0.0004    |0.0500              |1.0000          |1.0504
25   |0.0004    |0.2667              |0.7527          |1.0198

Team Events (sorted, for dev use, diff check with others to ensure truly different schedules created):
------------------------------------------------------------
0, 98, 145, 191, 240, 297
1, 102, 152, 175, 244, 301
2, 95, 149, 204, 249, 287
3, 100, 147, 211, 277, 318
4, 101, 151, 183, 241, 303
5, 97, 143, 188, 235, 295
6, 96, 153, 185, 226, 292
7, 103, 154, 208, 260, 310
8, 105, 162, 178, 224, 293
9, 121, 157, 198, 263, 308
10, 122, 158, 190, 255, 316
11, 123, 160, 174, 223, 283
12, 112, 159, 202, 252, 302
13, 132, 163, 194, 269, 305
14, 124, 165, 189, 261, 322
15, 125, 155, 212, 276, 324
16, 120, 161, 195, 236, 279
17, 118, 150, 192, 247, 309
18, 59, 146, 205, 256, 294
19, 78, 142, 196, 231, 273
20, 72, 138, 203, 220, 275
21, 56, 156, 201, 250, 304
22, 55, 164, 169, 215, 274
23, 60, 148, 218, 272, 317
24, 84, 129, 213, 228, 270
26, 70, 144, 214, 266, 307
27, 90, 104, 221, 265, 285
28, 61, 89, 197, 233, 281
29, 77, 86, 206, 227, 271
30, 94, 116, 219, 262, 284
31, 58, 87, 210, 254, 296
32, 68, 88, 216, 259, 298
33, 57, 91, 167, 217, 280
34, 54, 93, 179, 222, 290
35, 64, 99, 209, 257, 300
36, 67, 110, 177, 237, 286
37, 76, 117, 182, 230, 288
38, 63, 107, 207, 264, 311
39, 62, 111, 199, 253, 289
40, 65, 115, 184, 248, 313
41, 69, 106, 200, 243, 282
42, 66, 113, 187, 268, 320
43, 74, 119, 172, 225, 278
44, 73, 114, 186, 245, 291
45, 85, 136, 193, 267, 319
46, 75, 133, 166, 239, 314
47, 82, 135, 170, 251, 325
48, 81, 141, 171, 234, 299
49, 79, 134, 181, 238, 312
50, 92, 139, 173, 232, 306
51, 83, 140, 168, 242, 315
52, 71, 128, 176, 246, 321
53, 80, 137, 180, 258, 323
