FLL Scheduler GA Summary Report (ID: 2132111936416 | Hash: 4034100373718041980)

Attributes:
--------------------
rank: 0
origin: (C | KPoint(k=2))
mutations: 0
clones: 0
_hash: 4034100373718041980
Length: 318

Fitness:
--------------------------
BreakTime           : 0.31062795876048954
LocationConsistency : 0.0
OpponentVariety     : 0.8754111684107535
-----------------------------------
Total               : 1.186039127171243
Percentage          : 39.53%

Per-Objective Statistics (Team Distribution):
-----------------------------------------------------------------
Objective                 | Min      | Max      | Avg      | Range   
-----------------------------------------------------------------
BreakTime                 | 0.0004   | 0.9193   | 0.5394   | 0.9189  
LocationConsistency       | 0.0417   | 0.9500   | 0.2483   | 0.9083  
OpponentVariety           | 0.7527   | 1.0000   | 0.9953   | 0.2473  

Team fitnesses (sorted by total fitness descending):
----------------------------------------------------
Max     : 2.554359
Min     : 1.050419
Range   : 1.503941
Average : 1.782986

Team |BreakTime |LocationConsistency |OpponentVariety |Sum
------------------------------------------------------------
42   |0.6044    |0.9500              |1.0000          |2.5544
16   |0.6158    |0.6417              |1.0000          |2.2575
45   |0.8865    |0.3500              |1.0000          |2.2365
4    |0.5895    |0.6417              |1.0000          |2.2312
47   |0.9193    |0.2667              |1.0000          |2.1860
52   |0.9185    |0.2667              |1.0000          |2.1852
51   |0.8672    |0.2667              |1.0000          |2.1338
48   |0.8630    |0.2667              |1.0000          |2.1297
40   |0.6764    |0.3500              |1.0000          |2.0264
41   |0.6732    |0.3500              |1.0000          |2.0232
39   |0.6637    |0.3500              |1.0000          |2.0137
53   |0.9139    |0.0750              |1.0000          |1.9889
37   |0.6273    |0.3500              |1.0000          |1.9773
7    |0.6005    |0.3500              |1.0000          |1.9505
49   |0.8925    |0.0417              |1.0000          |1.9342
50   |0.8793    |0.0500              |1.0000          |1.9293
34   |0.5616    |0.3500              |1.0000          |1.9116
36   |0.6257    |0.2667              |1.0000          |1.8923
24   |0.5397    |0.3500              |1.0000          |1.8897
3    |0.6216    |0.2667              |1.0000          |1.8883
26   |0.6013    |0.2667              |1.0000          |1.8680
10   |0.5920    |0.2667              |1.0000          |1.8586
22   |0.5082    |0.3500              |1.0000          |1.8582
17   |0.5901    |0.2667              |1.0000          |1.8568
38   |0.5809    |0.2667              |1.0000          |1.8476
8    |0.5774    |0.2667              |1.0000          |1.8440
18   |0.5758    |0.2667              |1.0000          |1.8424
46   |0.7914    |0.0500              |1.0000          |1.8414
5    |0.5719    |0.2667              |1.0000          |1.8385
2    |0.5640    |0.2667              |1.0000          |1.8307
6    |0.5474    |0.2667              |1.0000          |1.8141
30   |0.5133    |0.2667              |1.0000          |1.7800
32   |0.5002    |0.2667              |1.0000          |1.7669
43   |0.6673    |0.0500              |1.0000          |1.7173
1    |0.6485    |0.0417              |1.0000          |1.6902
9    |0.6329    |0.0417              |1.0000          |1.6745
44   |0.5936    |0.0500              |1.0000          |1.6436
20   |0.0004    |0.6417              |1.0000          |1.6421
14   |0.5389    |0.0750              |1.0000          |1.6139
15   |0.5556    |0.0500              |1.0000          |1.6056
13   |0.5543    |0.0500              |1.0000          |1.6043
12   |0.5619    |0.0417              |1.0000          |1.6036
35   |0.5515    |0.0417              |1.0000          |1.5931
11   |0.5379    |0.0500              |1.0000          |1.5879
25   |0.4972    |0.0667              |1.0000          |1.5639
27   |0.0475    |0.3500              |1.0000          |1.3975
23   |0.0004    |0.6417              |0.7527          |1.3948
28   |0.0004    |0.3667              |1.0000          |1.3671
33   |0.0045    |0.2667              |1.0000          |1.2711
21   |0.0454    |0.0667              |1.0000          |1.1121
29   |0.0488    |0.0417              |1.0000          |1.0904
19   |0.0465    |0.0417              |1.0000          |1.0882
31   |0.0004    |0.0500              |1.0000          |1.0504

Team Events (sorted, for dev use, diff check with others to ensure truly different schedules created):
------------------------------------------------------------
0, 103, 161, 178, 224, 293
1, 100, 147, 211, 277, 318
2, 101, 156, 188, 241, 302
3, 96, 143, 183, 232, 301
4, 98, 145, 196, 240, 298
5, 94, 149, 205, 250, 287
6, 97, 154, 186, 228, 292
7, 108, 152, 208, 261, 310
8, 109, 155, 175, 244, 294
9, 120, 163, 174, 223, 283
10, 124, 151, 198, 262, 309
11, 113, 164, 203, 246, 303
12, 125, 162, 193, 231, 279
13, 123, 153, 212, 276, 324
14, 119, 157, 195, 252, 308
15, 122, 158, 182, 260, 322
16, 121, 165, 197, 255, 316
17, 126, 160, 192, 268, 305
18, 71, 144, 214, 267, 306
19, 75, 138, 202, 220, 275
20, 78, 142, 191, 236, 273
21, 59, 146, 204, 259, 300
22, 85, 130, 213, 226, 270
23, 57, 150, 200, 249, 304
25, 60, 148, 219, 272, 317
26, 54, 159, 171, 215, 274
27, 69, 88, 217, 257, 296
28, 95, 111, 218, 263, 284
29, 64, 99, 209, 258, 295
30, 61, 89, 190, 234, 281
31, 90, 102, 221, 265, 285
32, 58, 87, 210, 254, 299
33, 76, 86, 206, 229, 271
34, 56, 91, 173, 216, 280
35, 55, 93, 179, 222, 290
36, 74, 115, 185, 245, 291
37, 77, 110, 189, 237, 289
38, 68, 105, 201, 243, 282
39, 72, 118, 166, 225, 278
40, 66, 112, 184, 269, 320
41, 65, 114, 187, 251, 313
42, 63, 104, 207, 264, 311
43, 67, 117, 177, 230, 286
44, 62, 116, 199, 247, 288
45, 92, 139, 167, 235, 307
46, 84, 137, 194, 266, 319
47, 73, 127, 172, 239, 315
48, 79, 134, 181, 238, 312
49, 70, 131, 176, 253, 321
50, 83, 141, 168, 233, 297
51, 82, 136, 180, 256, 323
52, 81, 135, 169, 248, 325
53, 80, 140, 170, 242, 314
