FLL Scheduler GA Summary Report (ID: 2132111938768 | Hash: -7456447908711156430)

Attributes:
--------------------
rank: 0
origin: (C | TimeSlotCrossover)
mutations: 0
clones: 0
_hash: -7456447908711156430
Length: 318

Fitness:
--------------------------
BreakTime           : 0.31062795876048954
LocationConsistency : 0.0
OpponentVariety     : 0.8754111684107535
-----------------------------------
Total               : 1.186039127171243
Percentage          : 39.53%

Per-Objective Statistics (Team Distribution):
-----------------------------------------------------------------
Objective                 | Min      | Max      | Avg      | Range   
-----------------------------------------------------------------
BreakTime                 | 0.0004   | 0.9193   | 0.5394   | 0.9189  
LocationConsistency       | 0.0417   | 0.6417   | 0.2170   | 0.6000  
OpponentVariety           | 0.7527   | 1.0000   | 0.9953   | 0.2473  

Team fitnesses (sorted by total fitness descending):
----------------------------------------------------
Max     : 2.269312
Min     : 1.019778
Range   : 1.249534
Average : 1.751697

Team |BreakTime |LocationConsistency |OpponentVariety |Sum
------------------------------------------------------------
47   |0.9193    |0.3500              |1.0000          |2.2693
39   |0.6257    |0.6417              |1.0000          |2.2673
15   |0.6158    |0.6417              |1.0000          |2.2575
42   |0.6044    |0.6417              |1.0000          |2.2460
48   |0.8630    |0.3667              |1.0000          |2.2297
52   |0.9185    |0.2667              |1.0000          |2.1852
53   |0.9139    |0.2667              |1.0000          |2.1805
49   |0.8925    |0.2667              |1.0000          |2.1592
45   |0.8865    |0.2667              |1.0000          |2.1531
46   |0.7914    |0.2667              |1.0000          |2.0581
41   |0.6732    |0.3500              |1.0000          |2.0232
43   |0.6673    |0.3500              |1.0000          |2.0173
10   |0.5920    |0.3667              |1.0000          |1.9586
25   |0.6013    |0.3500              |1.0000          |1.9513
6    |0.6005    |0.3500              |1.0000          |1.9505
44   |0.5936    |0.3500              |1.0000          |1.9436
38   |0.6764    |0.2667              |1.0000          |1.9431
9    |0.5719    |0.3667              |1.0000          |1.9385
50   |0.8793    |0.0500              |1.0000          |1.9293
51   |0.8672    |0.0500              |1.0000          |1.9172
14   |0.5543    |0.3500              |1.0000          |1.9043
2    |0.6216    |0.2667              |1.0000          |1.8883
36   |0.5809    |0.2667              |1.0000          |1.8476
7    |0.5774    |0.2667              |1.0000          |1.8440
32   |0.5616    |0.2667              |1.0000          |1.8282
11   |0.5556    |0.2667              |1.0000          |1.8223
3    |0.5474    |0.2667              |1.0000          |1.8141
13   |0.5379    |0.2667              |1.0000          |1.8046
19   |0.5082    |0.2667              |1.0000          |1.7749
1    |0.6485    |0.0667              |1.0000          |1.7152
37   |0.6637    |0.0417              |1.0000          |1.7054
40   |0.6273    |0.0500              |1.0000          |1.6773
5    |0.6329    |0.0417              |1.0000          |1.6745
18   |0.5901    |0.0500              |1.0000          |1.6401
8    |0.5895    |0.0500              |1.0000          |1.6395
16   |0.5758    |0.0500              |1.0000          |1.6258
31   |0.5515    |0.0667              |1.0000          |1.6181
4    |0.5640    |0.0500              |1.0000          |1.6140
12   |0.5619    |0.0500              |1.0000          |1.6119
20   |0.5397    |0.0500              |1.0000          |1.5897
17   |0.5389    |0.0500              |1.0000          |1.5889
33   |0.5133    |0.0417              |1.0000          |1.5550
26   |0.4972    |0.0500              |1.0000          |1.5472
27   |0.5002    |0.0417              |1.0000          |1.5419
35   |0.0045    |0.3500              |1.0000          |1.3545
21   |0.0465    |0.2667              |1.0000          |1.3132
24   |0.0004    |0.2667              |1.0000          |1.2671
34   |0.0488    |0.0667              |1.0000          |1.1154
23   |0.0454    |0.0667              |1.0000          |1.1121
29   |0.0475    |0.0417              |1.0000          |1.0891
28   |0.0004    |0.0667              |1.0000          |1.0671
30   |0.0004    |0.0500              |1.0000          |1.0504
22   |0.0004    |0.2667              |0.7527          |1.0198

Team Events (sorted, for dev use, diff check with others to ensure truly different schedules created):
------------------------------------------------------------
0, 105, 161, 178, 224, 293
1, 94, 156, 188, 241, 303
2, 100, 149, 205, 250, 287
3, 95, 146, 211, 277, 325
4, 102, 152, 175, 244, 301
5, 98, 153, 186, 228, 292
6, 103, 154, 208, 261, 311
7, 99, 142, 183, 232, 295
8, 97, 145, 197, 240, 297
9, 123, 163, 174, 223, 283
10, 118, 157, 194, 252, 309
11, 113, 164, 203, 246, 302
12, 121, 150, 198, 263, 308
13, 120, 162, 192, 231, 279
14, 124, 158, 182, 260, 321
15, 126, 160, 193, 269, 305
16, 125, 155, 212, 276, 319
17, 122, 165, 196, 255, 316
18, 56, 147, 204, 259, 294
19, 58, 151, 200, 249, 304
20, 77, 144, 214, 264, 307
21, 85, 129, 213, 226, 271
22, 79, 143, 190, 236, 275
23, 72, 138, 202, 220, 273
25, 61, 159, 168, 215, 272
26, 55, 148, 218, 274, 317
27, 57, 87, 210, 254, 296
28, 101, 117, 219, 262, 284
29, 69, 90, 216, 257, 299
30, 89, 104, 221, 266, 285
31, 60, 92, 179, 222, 290
32, 59, 88, 166, 217, 280
33, 54, 91, 191, 234, 281
34, 64, 96, 209, 258, 300
35, 71, 86, 206, 229, 270
36, 68, 106, 201, 243, 282
37, 74, 119, 173, 225, 278
38, 66, 112, 184, 268, 323
39, 73, 115, 185, 245, 291
40, 70, 116, 189, 237, 288
41, 65, 114, 187, 251, 313
42, 63, 107, 207, 267, 310
43, 67, 110, 177, 230, 286
44, 62, 111, 199, 247, 289
45, 93, 139, 172, 235, 306
46, 84, 136, 195, 265, 324
47, 75, 127, 167, 239, 314
48, 78, 134, 181, 238, 312
49, 76, 128, 176, 253, 322
50, 83, 141, 170, 233, 298
51, 82, 137, 180, 256, 320
52, 80, 135, 171, 248, 318
53, 81, 140, 169, 242, 315
