FLL Scheduler GA Summary Report (ID: 2132126147616 | Hash: -4937156533267836359)

Attributes:
--------------------
rank: 0
origin: (C | RoundTypeCrossover)
mutations: 0
clones: 0
_hash: -4937156533267836359
Length: 318

Fitness:
--------------------------
BreakTime           : 0.31062795876048954
LocationConsistency : 0.0
OpponentVariety     : 0.8754111684107535
-----------------------------------
Total               : 1.186039127171243
Percentage          : 39.53%

Per-Objective Statistics (Team Distribution):
-----------------------------------------------------------------
Objective                 | Min      | Max      | Avg      | Range   
-----------------------------------------------------------------
BreakTime                 | 0.0004   | 0.9193   | 0.5394   | 0.9189  
LocationConsistency       | 0.0417   | 0.6417   | 0.2016   | 0.6000  
OpponentVariety           | 0.7527   | 1.0000   | 0.9953   | 0.2473  

Team fitnesses (sorted by total fitness descending):
----------------------------------------------------
Max     : 2.560213
Min     : 0.803112
Range   : 1.757101
Average : 1.736288

Team |BreakTime |LocationConsistency |OpponentVariety |Sum
------------------------------------------------------------
46   |0.9185    |0.6417              |1.0000          |2.5602
51   |0.8672    |0.6417              |1.0000          |2.5088
43   |0.6257    |0.6417              |1.0000          |2.2673
50   |0.8793    |0.3500              |1.0000          |2.2293
49   |0.8925    |0.2667              |1.0000          |2.1592
34   |0.5133    |0.6417              |1.0000          |2.1550
31   |0.5002    |0.6417              |1.0000          |2.1419
52   |0.7914    |0.3500              |1.0000          |2.1414
45   |0.9139    |0.0750              |1.0000          |1.9889
47   |0.9193    |0.0500              |1.0000          |1.9693
53   |0.8865    |0.0417              |1.0000          |1.9281
10   |0.5556    |0.3667              |1.0000          |1.9223
1    |0.6485    |0.2667              |1.0000          |1.9152
12   |0.5619    |0.3500              |1.0000          |1.9119
48   |0.8630    |0.0417              |1.0000          |1.9047
14   |0.5543    |0.3500              |1.0000          |1.9043
5    |0.6216    |0.2667              |1.0000          |1.8883
11   |0.6158    |0.2667              |1.0000          |1.8825
36   |0.6044    |0.2667              |1.0000          |1.8710
4    |0.5895    |0.2667              |1.0000          |1.8562
8    |0.5774    |0.2667              |1.0000          |1.8440
7    |0.5719    |0.2667              |1.0000          |1.8385
6    |0.5474    |0.2667              |1.0000          |1.8141
19   |0.5082    |0.2667              |1.0000          |1.7749
42   |0.6764    |0.0667              |1.0000          |1.7431
40   |0.6732    |0.0667              |1.0000          |1.7398
38   |0.6673    |0.0500              |1.0000          |1.7173
39   |0.6637    |0.0417              |1.0000          |1.7054
3    |0.6329    |0.0500              |1.0000          |1.6829
37   |0.6273    |0.0417              |1.0000          |1.6689
23   |0.6013    |0.0500              |1.0000          |1.6513
9    |0.6005    |0.0417              |1.0000          |1.6422
13   |0.5920    |0.0500              |1.0000          |1.6420
18   |0.5901    |0.0500              |1.0000          |1.6401
44   |0.5936    |0.0417              |1.0000          |1.6353
41   |0.5809    |0.0500              |1.0000          |1.6309
17   |0.5758    |0.0417              |1.0000          |1.6174
2    |0.5640    |0.0500              |1.0000          |1.6140
27   |0.5616    |0.0417              |1.0000          |1.6032
35   |0.5515    |0.0417              |1.0000          |1.5931
25   |0.5397    |0.0500              |1.0000          |1.5897
15   |0.5389    |0.0500              |1.0000          |1.5889
16   |0.5379    |0.0417              |1.0000          |1.5796
26   |0.4972    |0.0667              |1.0000          |1.5639
30   |0.0004    |0.3667              |1.0000          |1.3671
28   |0.0475    |0.2667              |1.0000          |1.3141
20   |0.0465    |0.2667              |1.0000          |1.3132
22   |0.0454    |0.2667              |1.0000          |1.3121
21   |0.0004    |0.2667              |1.0000          |1.2671
33   |0.0004    |0.2667              |1.0000          |1.2671
29   |0.0488    |0.0500              |1.0000          |1.0988
32   |0.0045    |0.0500              |1.0000          |1.0545
24   |0.0004    |0.0500              |0.7527          |0.8031

Team Events (sorted, for dev use, diff check with others to ensure truly different schedules created):
------------------------------------------------------------
0, 102, 161, 178, 224, 286
1, 100, 147, 208, 277, 325
2, 109, 155, 174, 239, 294
3, 96, 143, 183, 235, 300
4, 101, 150, 189, 243, 303
5, 95, 149, 205, 249, 292
6, 98, 145, 191, 242, 299
7, 108, 153, 211, 260, 310
8, 97, 154, 187, 228, 287
9, 119, 151, 192, 247, 309
10, 124, 158, 182, 261, 321
11, 115, 164, 203, 251, 302
12, 121, 163, 175, 223, 280
13, 123, 162, 194, 236, 284
14, 125, 152, 207, 276, 319
15, 122, 157, 198, 263, 308
16, 127, 160, 195, 269, 305
17, 120, 165, 190, 254, 316
18, 59, 146, 204, 259, 301
19, 70, 144, 221, 264, 307
20, 72, 138, 202, 214, 275
21, 79, 142, 196, 231, 273
23, 54, 159, 170, 220, 274
24, 83, 129, 206, 226, 270
25, 57, 156, 200, 253, 304
26, 60, 148, 217, 272, 317
27, 56, 89, 173, 218, 283
28, 69, 91, 219, 256, 297
29, 64, 99, 210, 258, 295
30, 94, 110, 216, 262, 279
31, 58, 87, 209, 255, 298
32, 76, 86, 213, 229, 271
33, 88, 103, 215, 266, 278
34, 61, 90, 197, 233, 282
35, 55, 93, 179, 222, 289
36, 63, 106, 212, 267, 311
37, 77, 111, 188, 230, 290
38, 67, 116, 177, 237, 293
39, 74, 118, 167, 225, 285
40, 65, 113, 186, 248, 315
41, 68, 107, 201, 240, 281
42, 66, 114, 184, 268, 323
43, 73, 112, 185, 238, 288
44, 62, 117, 199, 250, 291
45, 85, 141, 171, 241, 313
46, 84, 134, 169, 252, 318
47, 75, 126, 172, 244, 312
48, 78, 135, 180, 245, 314
49, 71, 128, 176, 246, 322
50, 80, 140, 168, 234, 296
51, 81, 136, 181, 257, 320
52, 82, 137, 193, 265, 324
53, 92, 139, 166, 232, 306
