FLL Scheduler GA Summary Report (ID: 2132111935968 | Hash: 6011123857983781893)

Attributes:
--------------------
rank: 0
origin: (C | KPoint(k=2))
mutations: 0
clones: 0
_hash: 6011123857983781893
Length: 318

Fitness:
--------------------------
BreakTime           : 0.31062795876048954
LocationConsistency : 0.0
OpponentVariety     : 0.8754111684107535
-----------------------------------
Total               : 1.186039127171243
Percentage          : 39.53%

Per-Objective Statistics (Team Distribution):
-----------------------------------------------------------------
Objective                 | Min      | Max      | Avg      | Range   
-----------------------------------------------------------------
BreakTime                 | 0.0004   | 0.9193   | 0.5394   | 0.9189  
LocationConsistency       | 0.0417   | 0.6417   | 0.1770   | 0.6000  
OpponentVariety           | 0.7527   | 1.0000   | 0.9953   | 0.2473  

Team fitnesses (sorted by total fitness descending):
----------------------------------------------------
Max     : 2.236467
Min     : 1.019778
Range   : 1.216689
Average : 1.711760

Team |BreakTime |LocationConsistency |OpponentVariety |Sum
------------------------------------------------------------
46   |0.8865    |0.3500              |1.0000          |2.2365
49   |0.8630    |0.3500              |1.0000          |2.2130
15   |0.5619    |0.6417              |1.0000          |2.2036
51   |0.9139    |0.2667              |1.0000          |2.1805
48   |0.8793    |0.2667              |1.0000          |2.1460
53   |0.8672    |0.2667              |1.0000          |2.1338
37   |0.6273    |0.3667              |1.0000          |1.9939
5    |0.6216    |0.3667              |1.0000          |1.9883
45   |0.9193    |0.0417              |1.0000          |1.9610
47   |0.9185    |0.0417              |1.0000          |1.9602
38   |0.6044    |0.3500              |1.0000          |1.9544
40   |0.6732    |0.2667              |1.0000          |1.9398
52   |0.8925    |0.0417              |1.0000          |1.9342
36   |0.6673    |0.2667              |1.0000          |1.9339
27   |0.5616    |0.3667              |1.0000          |1.9282
39   |0.6257    |0.2667              |1.0000          |1.8923
23   |0.6013    |0.2667              |1.0000          |1.8680
2    |0.5895    |0.2667              |1.0000          |1.8562
11   |0.5758    |0.2667              |1.0000          |1.8424
1    |0.5719    |0.2667              |1.0000          |1.8385
50   |0.7914    |0.0417              |1.0000          |1.8331
4    |0.5640    |0.2667              |1.0000          |1.8307
18   |0.5556    |0.2667              |1.0000          |1.8223
20   |0.5397    |0.2667              |1.0000          |1.8064
31   |0.5002    |0.2667              |1.0000          |1.7669
42   |0.6764    |0.0750              |1.0000          |1.7514
9    |0.6485    |0.0667              |1.0000          |1.7152
44   |0.6637    |0.0417              |1.0000          |1.7054
8    |0.6329    |0.0500              |1.0000          |1.6829
7    |0.6005    |0.0750              |1.0000          |1.6755
43   |0.5936    |0.0750              |1.0000          |1.6686
13   |0.6158    |0.0417              |1.0000          |1.6575
14   |0.5920    |0.0417              |1.0000          |1.6336
12   |0.5901    |0.0417              |1.0000          |1.6318
41   |0.5809    |0.0500              |1.0000          |1.6309
10   |0.5543    |0.0750              |1.0000          |1.6293
3    |0.5774    |0.0417              |1.0000          |1.6190
34   |0.5515    |0.0667              |1.0000          |1.6181
17   |0.5389    |0.0750              |1.0000          |1.6139
6    |0.5474    |0.0417              |1.0000          |1.5891
16   |0.5379    |0.0500              |1.0000          |1.5879
28   |0.5133    |0.0417              |1.0000          |1.5550
22   |0.5082    |0.0417              |1.0000          |1.5499
26   |0.4972    |0.0417              |1.0000          |1.5389
33   |0.0004    |0.3500              |1.0000          |1.3504
19   |0.0465    |0.2667              |1.0000          |1.3132
35   |0.0045    |0.2667              |1.0000          |1.2711
30   |0.0004    |0.2667              |1.0000          |1.2671
29   |0.0488    |0.0750              |1.0000          |1.1238
24   |0.0454    |0.0750              |1.0000          |1.1204
32   |0.0475    |0.0500              |1.0000          |1.0975
25   |0.0004    |0.0417              |1.0000          |1.0421
21   |0.0004    |0.2667              |0.7527          |1.0198

Team Events (sorted, for dev use, diff check with others to ensure truly different schedules created):
------------------------------------------------------------
0, 98, 145, 191, 240, 297
1, 97, 143, 182, 232, 295
2, 103, 154, 208, 260, 310
3, 100, 147, 211, 277, 318
4, 101, 157, 189, 241, 303
5, 95, 149, 198, 249, 292
6, 96, 152, 186, 226, 287
7, 102, 153, 180, 244, 301
8, 107, 163, 177, 224, 286
9, 121, 161, 195, 231, 279
10, 132, 162, 194, 262, 304
11, 123, 165, 190, 255, 316
12, 124, 158, 183, 261, 322
13, 122, 160, 181, 223, 283
14, 112, 164, 200, 252, 302
15, 120, 151, 204, 268, 309
16, 125, 155, 212, 276, 324
17, 118, 156, 192, 247, 308
18, 70, 144, 214, 267, 306
19, 57, 150, 203, 250, 305
20, 85, 129, 213, 228, 270
21, 59, 146, 199, 256, 294
22, 60, 159, 169, 215, 274
23, 78, 142, 196, 236, 273
24, 72, 138, 201, 220, 275
25, 55, 148, 218, 272, 317
27, 56, 88, 167, 217, 280
28, 54, 91, 197, 234, 281
29, 67, 99, 209, 257, 300
30, 94, 116, 219, 269, 284
31, 58, 87, 210, 254, 296
32, 69, 90, 216, 259, 299
33, 89, 106, 221, 265, 285
34, 61, 93, 176, 222, 289
35, 76, 86, 206, 227, 271
36, 64, 110, 178, 230, 293
37, 77, 117, 188, 237, 290
38, 62, 104, 207, 264, 311
39, 73, 114, 185, 245, 288
40, 66, 115, 187, 248, 313
41, 68, 105, 202, 243, 282
42, 65, 113, 184, 263, 320
43, 63, 111, 205, 253, 291
44, 74, 119, 172, 225, 278
45, 75, 133, 166, 239, 314
46, 92, 139, 173, 235, 307
47, 81, 135, 170, 251, 325
48, 82, 141, 171, 233, 298
49, 79, 134, 174, 238, 312
50, 84, 136, 193, 266, 319
51, 80, 140, 168, 242, 315
52, 71, 128, 179, 246, 321
53, 83, 137, 175, 258, 323
