FLL Scheduler GA Summary Report (ID: 2132126149856 | Hash: 2719949216255584375)

Attributes:
--------------------
rank: 0
origin: (C | KPoint(k=2))
mutations: 0
clones: 0
_hash: 2719949216255584375
Length: 318

Fitness:
--------------------------
BreakTime           : 0.31062795876048954
LocationConsistency : 0.0
OpponentVariety     : 0.8754111684107535
-----------------------------------
Total               : 1.186039127171243
Percentage          : 39.53%

Per-Objective Statistics (Team Distribution):
-----------------------------------------------------------------
Objective                 | Min      | Max      | Avg      | Range   
-----------------------------------------------------------------
BreakTime                 | 0.0004   | 0.9193   | 0.5394   | 0.9189  
LocationConsistency       | 0.0417   | 0.6417   | 0.2049   | 0.6000  
OpponentVariety           | 0.7527   | 1.0000   | 0.9953   | 0.2473  

Team fitnesses (sorted by total fitness descending):
----------------------------------------------------
Max     : 2.305404
Min     : 0.803112
Range   : 1.502292
Average : 1.739590

Team |BreakTime |LocationConsistency |OpponentVariety |Sum
------------------------------------------------------------
39   |0.6637    |0.6417              |1.0000          |2.3054
14   |0.5758    |0.6417              |1.0000          |2.2174
30   |0.5616    |0.6417              |1.0000          |2.2032
16   |0.5556    |0.6417              |1.0000          |2.1973
46   |0.9185    |0.2667              |1.0000          |2.1852
49   |0.8925    |0.2667              |1.0000          |2.1592
51   |0.8672    |0.2667              |1.0000          |2.1338
52   |0.7914    |0.2667              |1.0000          |2.0581
3    |0.6329    |0.3500              |1.0000          |1.9829
53   |0.9139    |0.0500              |1.0000          |1.9639
47   |0.9193    |0.0417              |1.0000          |1.9610
42   |0.6764    |0.2667              |1.0000          |1.9431
40   |0.6732    |0.2667              |1.0000          |1.9398
4    |0.5895    |0.3500              |1.0000          |1.9395
45   |0.8865    |0.0417              |1.0000          |1.9281
50   |0.8793    |0.0417              |1.0000          |1.9210
1    |0.6485    |0.2667              |1.0000          |1.9152
48   |0.8630    |0.0500              |1.0000          |1.9130
6    |0.5474    |0.3500              |1.0000          |1.8974
37   |0.6273    |0.2667              |1.0000          |1.8939
24   |0.5397    |0.3500              |1.0000          |1.8897
44   |0.5936    |0.2667              |1.0000          |1.8603
13   |0.5920    |0.2667              |1.0000          |1.8586
8    |0.5774    |0.2667              |1.0000          |1.8440
9    |0.5719    |0.2667              |1.0000          |1.8385
2    |0.5640    |0.2667              |1.0000          |1.8307
17   |0.5619    |0.2667              |1.0000          |1.8286
11   |0.5379    |0.2667              |1.0000          |1.8046
35   |0.5133    |0.2667              |1.0000          |1.7800
38   |0.6673    |0.0417              |1.0000          |1.7089
43   |0.6257    |0.0667              |1.0000          |1.6923
5    |0.6216    |0.0667              |1.0000          |1.6883
20   |0.0465    |0.6417              |1.0000          |1.6882
36   |0.6044    |0.0750              |1.0000          |1.6794
25   |0.6013    |0.0667              |1.0000          |1.6680
10   |0.6158    |0.0417              |1.0000          |1.6575
7    |0.6005    |0.0417              |1.0000          |1.6422
12   |0.5901    |0.0500              |1.0000          |1.6401
41   |0.5809    |0.0417              |1.0000          |1.6226
18   |0.5543    |0.0500              |1.0000          |1.6043
31   |0.5515    |0.0417              |1.0000          |1.5931
15   |0.5389    |0.0500              |1.0000          |1.5889
22   |0.5082    |0.0667              |1.0000          |1.5749
26   |0.4972    |0.0667              |1.0000          |1.5639
28   |0.5002    |0.0417              |1.0000          |1.5419
32   |0.0475    |0.3500              |1.0000          |1.3975
19   |0.0004    |0.2667              |1.0000          |1.2671
21   |0.0454    |0.0667              |1.0000          |1.1121
34   |0.0488    |0.0417              |1.0000          |1.0904
29   |0.0004    |0.0750              |1.0000          |1.0754
33   |0.0045    |0.0500              |1.0000          |1.0545
27   |0.0004    |0.0500              |1.0000          |1.0504
23   |0.0004    |0.0500              |0.7527          |0.8031

Team Events (sorted, for dev use, diff check with others to ensure truly different schedules created):
------------------------------------------------------------
0, 104, 161, 178, 224, 287
1, 101, 147, 208, 277, 318
2, 109, 155, 175, 239, 301
3, 97, 143, 183, 232, 295
4, 100, 156, 189, 241, 303
5, 94, 149, 205, 250, 293
6, 96, 154, 187, 228, 286
7, 108, 153, 211, 260, 317
8, 98, 145, 196, 240, 297
9, 124, 159, 182, 261, 322
10, 122, 150, 198, 269, 308
11, 121, 164, 197, 255, 311
12, 120, 163, 174, 223, 283
13, 127, 160, 192, 263, 305
14, 125, 152, 207, 276, 324
15, 119, 157, 195, 247, 309
16, 113, 165, 203, 253, 302
17, 123, 162, 193, 231, 279
18, 75, 137, 202, 220, 275
19, 70, 144, 214, 264, 307
20, 78, 142, 191, 236, 273
21, 58, 146, 204, 256, 294
22, 85, 129, 206, 226, 270
23, 57, 151, 200, 249, 304
24, 54, 158, 169, 215, 274
25, 60, 148, 218, 272, 310
27, 88, 105, 221, 266, 285
28, 59, 87, 209, 254, 296
29, 95, 111, 219, 268, 284
30, 56, 89, 166, 217, 280
31, 55, 93, 179, 222, 288
32, 69, 91, 216, 259, 299
33, 76, 86, 213, 229, 271
34, 64, 99, 210, 257, 300
35, 61, 90, 190, 234, 281
36, 63, 103, 212, 267, 316
37, 77, 110, 188, 237, 290
38, 67, 117, 177, 230, 292
39, 73, 118, 172, 225, 278
40, 65, 115, 186, 251, 312
41, 68, 102, 201, 243, 282
42, 66, 112, 185, 262, 320
43, 74, 114, 184, 238, 289
44, 62, 116, 199, 252, 291
45, 92, 136, 173, 235, 306
46, 82, 135, 170, 248, 325
47, 72, 126, 167, 244, 315
48, 79, 134, 181, 245, 313
49, 71, 128, 176, 246, 321
50, 80, 140, 171, 233, 298
51, 81, 139, 180, 258, 323
52, 84, 138, 194, 265, 319
53, 83, 141, 168, 242, 314
