FLL Scheduler GA Summary Report (ID: 2132118894544 | Hash: 8443869061834225222)

Attributes:
--------------------
rank: 0
origin: (C | RoundTypeCrossover)
mutations: 0
clones: 0
_hash: 8443869061834225222
Length: 318

Fitness:
--------------------------
BreakTime           : 0.31062795876048954
LocationConsistency : 0.0
OpponentVariety     : 0.8754111684107535
-----------------------------------
Total               : 1.186039127171243
Percentage          : 39.53%

Per-Objective Statistics (Team Distribution):
-----------------------------------------------------------------
Objective                 | Min      | Max      | Avg      | Range   
-----------------------------------------------------------------
BreakTime                 | 0.0004   | 0.9193   | 0.5394   | 0.9189  
LocationConsistency       | 0.0417   | 0.9500   | 0.2289   | 0.9083  
OpponentVariety           | 0.7527   | 1.0000   | 0.9953   | 0.2473  

Team fitnesses (sorted by total fitness descending):
----------------------------------------------------
Max     : 2.539497
Min     : 1.019778
Range   : 1.519719
Average : 1.763647

Team |BreakTime |LocationConsistency |OpponentVariety |Sum
------------------------------------------------------------
6    |0.5895    |0.9500              |1.0000          |2.5395
18   |0.6158    |0.6417              |1.0000          |2.2575
52   |0.8630    |0.3667              |1.0000          |2.2297
47   |0.8793    |0.3500              |1.0000          |2.2293
50   |0.9185    |0.2667              |1.0000          |2.1852
46   |0.9139    |0.2667              |1.0000          |2.1805
45   |0.8925    |0.2667              |1.0000          |2.1592
44   |0.6257    |0.3667              |1.0000          |1.9923
51   |0.9193    |0.0417              |1.0000          |1.9610
42   |0.6044    |0.3500              |1.0000          |1.9544
41   |0.6732    |0.2667              |1.0000          |1.9398
1    |0.5719    |0.3667              |1.0000          |1.9385
48   |0.8865    |0.0417              |1.0000          |1.9281
49   |0.8672    |0.0417              |1.0000          |1.9088
2    |0.6329    |0.2667              |1.0000          |1.8995
4    |0.5474    |0.3500              |1.0000          |1.8974
40   |0.6273    |0.2667              |1.0000          |1.8939
19   |0.5397    |0.3500              |1.0000          |1.8897
5    |0.6216    |0.2667              |1.0000          |1.8883
7    |0.6005    |0.2667              |1.0000          |1.8672
33   |0.5133    |0.3500              |1.0000          |1.8633
39   |0.5936    |0.2667              |1.0000          |1.8603
16   |0.5920    |0.2667              |1.0000          |1.8586
36   |0.5809    |0.2667              |1.0000          |1.8476
11   |0.5758    |0.2667              |1.0000          |1.8424
53   |0.7914    |0.0500              |1.0000          |1.8414
3    |0.5640    |0.2667              |1.0000          |1.8307
13   |0.5619    |0.2667              |1.0000          |1.8286
32   |0.5616    |0.2667              |1.0000          |1.8282
31   |0.5515    |0.2667              |1.0000          |1.8181
20   |0.5082    |0.2667              |1.0000          |1.7749
27   |0.5002    |0.2667              |1.0000          |1.7669
38   |0.6764    |0.0500              |1.0000          |1.7264
43   |0.6673    |0.0417              |1.0000          |1.7089
37   |0.6637    |0.0417              |1.0000          |1.7054
9    |0.6485    |0.0417              |1.0000          |1.6902
23   |0.6013    |0.0750              |1.0000          |1.6763
35   |0.0045    |0.6417              |1.0000          |1.6461
15   |0.5901    |0.0417              |1.0000          |1.6318
8    |0.5774    |0.0417              |1.0000          |1.6190
12   |0.5389    |0.0750              |1.0000          |1.6139
10   |0.5556    |0.0417              |1.0000          |1.5973
14   |0.5543    |0.0417              |1.0000          |1.5960
17   |0.5379    |0.0500              |1.0000          |1.5879
25   |0.4972    |0.0417              |1.0000          |1.5389
24   |0.0465    |0.2667              |1.0000          |1.3132
22   |0.0454    |0.2667              |1.0000          |1.3121
21   |0.0004    |0.2667              |1.0000          |1.2671
28   |0.0004    |0.2667              |1.0000          |1.2671
34   |0.0488    |0.0667              |1.0000          |1.1154
29   |0.0475    |0.0500              |1.0000          |1.0975
30   |0.0004    |0.0417              |1.0000          |1.0421
26   |0.0004    |0.2667              |0.7527          |1.0198

Team Events (sorted, for dev use, diff check with others to ensure truly different schedules created):
------------------------------------------------------------
0, 97, 145, 191, 243, 297
1, 109, 152, 175, 244, 301
2, 95, 147, 211, 277, 318
3, 100, 149, 205, 250, 293
4, 94, 156, 189, 242, 302
5, 99, 143, 183, 235, 295
6, 98, 153, 187, 226, 287
7, 108, 154, 208, 261, 310
8, 103, 163, 178, 224, 286
9, 118, 157, 192, 247, 308
10, 132, 162, 194, 269, 305
11, 125, 155, 212, 276, 324
12, 114, 164, 202, 253, 303
13, 120, 161, 195, 236, 279
14, 122, 165, 190, 255, 316
15, 123, 160, 174, 223, 283
16, 121, 150, 199, 263, 309
17, 124, 158, 182, 260, 322
18, 56, 151, 200, 249, 304
19, 60, 146, 204, 259, 294
20, 72, 138, 203, 221, 272
21, 79, 142, 196, 231, 275
22, 55, 159, 169, 214, 273
23, 77, 144, 215, 264, 307
24, 59, 148, 217, 274, 317
26, 85, 129, 213, 228, 270
27, 58, 87, 210, 254, 296
28, 101, 116, 216, 262, 284
29, 69, 90, 219, 257, 299
30, 89, 102, 220, 266, 285
31, 54, 93, 179, 222, 289
32, 57, 88, 167, 218, 280
33, 61, 91, 197, 233, 281
34, 64, 96, 209, 258, 300
35, 71, 86, 206, 227, 271
36, 68, 105, 201, 240, 282
37, 74, 119, 172, 225, 278
38, 66, 115, 184, 268, 320
39, 62, 111, 198, 252, 291
40, 70, 117, 188, 230, 290
41, 65, 112, 186, 251, 313
42, 63, 104, 207, 267, 311
43, 67, 110, 177, 237, 292
44, 73, 113, 185, 245, 288
45, 76, 128, 176, 246, 321
46, 81, 140, 168, 241, 315
47, 83, 141, 171, 234, 298
48, 92, 139, 173, 232, 306
49, 82, 137, 180, 256, 323
50, 80, 135, 170, 248, 325
51, 75, 133, 166, 239, 314
52, 78, 134, 181, 238, 312
53, 84, 136, 193, 265, 319
