FLL Scheduler GA Summary Report (ID: 2132118894096 | Hash: -1880105212216097623)

Attributes:
--------------------
rank: 0
origin: (C | RoundTypeCrossover)
mutations: 0
clones: 0
_hash: -1880105212216097623
Length: 318

Fitness:
--------------------------
BreakTime           : 0.31062795876048954
LocationConsistency : 0.0
OpponentVariety     : 0.8754111684107535
-----------------------------------
Total               : 1.186039127171243
Percentage          : 39.53%

Per-Objective Statistics (Team Distribution):
-----------------------------------------------------------------
Objective                 | Min      | Max      | Avg      | Range   
-----------------------------------------------------------------
BreakTime                 | 0.0004   | 0.9193   | 0.5394   | 0.9189  
LocationConsistency       | 0.0417   | 0.6417   | 0.2267   | 0.6000  
OpponentVariety           | 0.7527   | 1.0000   | 0.9953   | 0.2473  

Team fitnesses (sorted by total fitness descending):
----------------------------------------------------
Max     : 2.263852
Min     : 1.019778
Range   : 1.244073
Average : 1.761446

Team |BreakTime |LocationConsistency |OpponentVariety |Sum
------------------------------------------------------------
49   |0.9139    |0.3500              |1.0000          |2.2639
45   |0.8865    |0.3500              |1.0000          |2.2365
7    |0.5719    |0.6417              |1.0000          |2.2135
4    |0.5640    |0.6417              |1.0000          |2.2057
15   |0.5619    |0.6417              |1.0000          |2.2036
47   |0.9193    |0.2667              |1.0000          |2.1860
53   |0.8925    |0.2667              |1.0000          |2.1592
50   |0.8793    |0.2667              |1.0000          |2.1460
51   |0.8672    |0.2667              |1.0000          |2.1338
48   |0.8630    |0.2667              |1.0000          |2.1297
5    |0.6216    |0.3667              |1.0000          |1.9883
37   |0.6273    |0.3500              |1.0000          |1.9773
12   |0.6158    |0.3500              |1.0000          |1.9658
46   |0.9185    |0.0417              |1.0000          |1.9602
24   |0.6013    |0.3500              |1.0000          |1.9513
43   |0.5936    |0.3500              |1.0000          |1.9436
40   |0.6732    |0.2667              |1.0000          |1.9398
2    |0.5895    |0.3500              |1.0000          |1.9395
38   |0.6673    |0.2667              |1.0000          |1.9339
44   |0.6637    |0.2667              |1.0000          |1.9304
39   |0.6257    |0.2667              |1.0000          |1.8923
10   |0.5379    |0.3500              |1.0000          |1.8879
14   |0.5920    |0.2667              |1.0000          |1.8586
41   |0.5809    |0.2667              |1.0000          |1.8476
3    |0.5774    |0.2667              |1.0000          |1.8440
11   |0.5758    |0.2667              |1.0000          |1.8424
52   |0.7914    |0.0417              |1.0000          |1.8331
16   |0.5556    |0.2667              |1.0000          |1.8223
21   |0.5397    |0.2667              |1.0000          |1.8064
20   |0.5082    |0.2667              |1.0000          |1.7749
31   |0.5002    |0.2667              |1.0000          |1.7669
42   |0.6764    |0.0750              |1.0000          |1.7514
1    |0.6485    |0.0417              |1.0000          |1.6902
8    |0.6329    |0.0417              |1.0000          |1.6745
36   |0.6044    |0.0500              |1.0000          |1.6544
9    |0.6005    |0.0500              |1.0000          |1.6505
18   |0.5901    |0.0500              |1.0000          |1.6401
33   |0.5616    |0.0667              |1.0000          |1.6282
13   |0.5543    |0.0667              |1.0000          |1.6210
34   |0.5515    |0.0667              |1.0000          |1.6181
6    |0.5474    |0.0667              |1.0000          |1.6141
17   |0.5389    |0.0750              |1.0000          |1.6139
28   |0.5133    |0.0500              |1.0000          |1.5633
23   |0.4972    |0.0417              |1.0000          |1.5389
35   |0.0488    |0.2667              |1.0000          |1.3154
26   |0.0465    |0.2667              |1.0000          |1.3132
29   |0.0045    |0.2667              |1.0000          |1.2711
27   |0.0004    |0.2667              |1.0000          |1.2671
22   |0.0454    |0.0750              |1.0000          |1.1204
32   |0.0475    |0.0500              |1.0000          |1.0975
30   |0.0004    |0.0667              |1.0000          |1.0671
19   |0.0004    |0.0417              |1.0000          |1.0421
25   |0.0004    |0.2667              |0.7527          |1.0198

Team Events (sorted, for dev use, diff check with others to ensure truly different schedules created):
------------------------------------------------------------
0, 105, 163, 178, 224, 286
1, 98, 143, 183, 232, 295
2, 103, 154, 208, 255, 310
3, 94, 147, 211, 277, 318
4, 95, 151, 188, 241, 303
5, 101, 149, 198, 249, 292
6, 96, 145, 191, 240, 297
7, 102, 152, 175, 244, 301
8, 99, 153, 186, 226, 287
9, 120, 157, 204, 268, 309
10, 132, 162, 194, 262, 304
11, 119, 158, 182, 254, 322
12, 121, 161, 195, 231, 284
13, 122, 160, 174, 223, 280
14, 112, 164, 200, 252, 302
15, 124, 150, 192, 247, 308
16, 118, 155, 212, 276, 324
17, 123, 165, 190, 260, 316
18, 72, 138, 201, 220, 275
19, 59, 146, 199, 259, 294
20, 57, 156, 203, 250, 305
21, 78, 142, 196, 236, 273
22, 55, 148, 218, 272, 317
23, 60, 159, 170, 215, 274
24, 84, 129, 213, 228, 270
26, 70, 144, 214, 267, 306
27, 89, 104, 221, 265, 278
28, 54, 91, 197, 234, 282
29, 77, 86, 206, 227, 271
30, 100, 116, 219, 269, 279
31, 58, 87, 210, 261, 296
32, 63, 90, 216, 256, 299
33, 56, 88, 172, 217, 283
34, 61, 93, 179, 222, 289
35, 67, 97, 209, 258, 300
36, 68, 107, 207, 264, 311
37, 76, 117, 189, 237, 290
38, 64, 110, 177, 230, 293
39, 73, 114, 185, 245, 288
40, 66, 115, 187, 248, 313
41, 62, 106, 202, 243, 281
42, 65, 113, 184, 263, 320
43, 69, 111, 205, 253, 291
44, 74, 125, 167, 225, 285
45, 92, 139, 166, 235, 307
46, 82, 135, 169, 251, 325
47, 75, 133, 173, 239, 314
48, 79, 134, 181, 238, 312
49, 83, 140, 171, 242, 315
50, 81, 141, 168, 233, 298
51, 80, 137, 180, 257, 323
52, 85, 136, 193, 266, 319
53, 71, 128, 176, 246, 321
