FLL Scheduler GA Summary Report (ID: 2132118886816 | Hash: 4831970452576282916)

Attributes:
--------------------
rank: 0
origin: (C | TimeSlotCrossover)
mutations: 0
clones: 0
_hash: 4831970452576282916
Length: 318

Fitness:
--------------------------
BreakTime           : 0.31062795876048954
LocationConsistency : 0.0
OpponentVariety     : 0.8754111684107535
-----------------------------------
Total               : 1.186039127171243
Percentage          : 39.53%

Per-Objective Statistics (Team Distribution):
-----------------------------------------------------------------
Objective                 | Min      | Max      | Avg      | Range   
-----------------------------------------------------------------
BreakTime                 | 0.0004   | 0.9193   | 0.5394   | 0.9189  
LocationConsistency       | 0.0417   | 0.9500   | 0.2788   | 0.9083  
OpponentVariety           | 0.7527   | 1.0000   | 0.9953   | 0.2473  

Team fitnesses (sorted by total fitness descending):
----------------------------------------------------
Max     : 2.554359
Min     : 1.019778
Range   : 1.534581
Average : 1.813490

Team |BreakTime |LocationConsistency |OpponentVariety |Sum
------------------------------------------------------------
38   |0.6044    |0.9500              |1.0000          |2.5544
49   |0.8672    |0.6417              |1.0000          |2.5088
40   |0.6732    |0.6417              |1.0000          |2.3148
43   |0.6257    |0.6417              |1.0000          |2.2673
52   |0.9139    |0.3500              |1.0000          |2.2639
5    |0.6216    |0.6417              |1.0000          |2.2633
16   |0.6158    |0.6417              |1.0000          |2.2575
8    |0.5895    |0.6417              |1.0000          |2.2312
47   |0.9193    |0.2667              |1.0000          |2.1860
33   |0.5133    |0.6417              |1.0000          |2.1550
50   |0.8865    |0.2667              |1.0000          |2.1531
51   |0.8793    |0.2667              |1.0000          |2.1460
46   |0.8630    |0.2667              |1.0000          |2.1297
36   |0.6673    |0.3500              |1.0000          |2.0173
37   |0.6273    |0.3667              |1.0000          |1.9939
23   |0.6013    |0.3667              |1.0000          |1.9680
48   |0.9185    |0.0417              |1.0000          |1.9602
53   |0.8925    |0.0667              |1.0000          |1.9592
42   |0.6764    |0.2667              |1.0000          |1.9431
13   |0.5920    |0.3500              |1.0000          |1.9420
41   |0.5809    |0.3500              |1.0000          |1.9309
44   |0.6637    |0.2667              |1.0000          |1.9304
3    |0.5640    |0.3500              |1.0000          |1.9140
2    |0.6329    |0.2667              |1.0000          |1.8995
6    |0.6005    |0.2667              |1.0000          |1.8672
27   |0.5002    |0.3500              |1.0000          |1.8502
25   |0.4972    |0.3500              |1.0000          |1.8472
15   |0.5758    |0.2667              |1.0000          |1.8424
45   |0.7914    |0.0500              |1.0000          |1.8414
32   |0.5616    |0.2667              |1.0000          |1.8282
31   |0.5515    |0.2667              |1.0000          |1.8181
4    |0.5474    |0.2667              |1.0000          |1.8141
20   |0.5082    |0.2667              |1.0000          |1.7749
7    |0.6485    |0.0417              |1.0000          |1.6902
39   |0.5936    |0.0417              |1.0000          |1.6353
12   |0.5901    |0.0417              |1.0000          |1.6318
10   |0.5556    |0.0667              |1.0000          |1.6223
9    |0.5719    |0.0500              |1.0000          |1.6219
1    |0.5774    |0.0417              |1.0000          |1.6190
14   |0.5543    |0.0500              |1.0000          |1.6043
17   |0.5619    |0.0417              |1.0000          |1.6036
18   |0.5389    |0.0500              |1.0000          |1.5889
11   |0.5379    |0.0500              |1.0000          |1.5879
19   |0.5397    |0.0417              |1.0000          |1.5814
29   |0.0475    |0.3500              |1.0000          |1.3975
35   |0.0045    |0.3500              |1.0000          |1.3545
30   |0.0004    |0.3500              |1.0000          |1.3504
24   |0.0465    |0.2667              |1.0000          |1.3132
21   |0.0004    |0.2667              |1.0000          |1.2671
22   |0.0454    |0.0750              |1.0000          |1.1204
34   |0.0488    |0.0417              |1.0000          |1.0904
28   |0.0004    |0.0417              |1.0000          |1.0421
26   |0.0004    |0.2667              |0.7527          |1.0198

Team Events (sorted, for dev use, diff check with others to ensure truly different schedules created):
------------------------------------------------------------
0, 103, 153, 208, 261, 310
1, 102, 155, 174, 244, 301
2, 100, 147, 211, 277, 325
3, 94, 148, 198, 249, 287
4, 101, 151, 189, 242, 303
5, 96, 154, 187, 226, 292
6, 105, 163, 178, 224, 293
7, 97, 143, 183, 232, 297
8, 98, 144, 191, 243, 295
9, 118, 150, 192, 247, 309
10, 121, 157, 204, 263, 308
11, 122, 165, 190, 255, 316
12, 123, 160, 175, 223, 283
13, 120, 161, 195, 231, 279
14, 132, 162, 194, 269, 304
15, 124, 158, 182, 260, 321
16, 113, 164, 199, 253, 302
17, 125, 152, 212, 276, 319
18, 56, 156, 203, 250, 305
19, 59, 146, 201, 259, 296
20, 72, 138, 200, 220, 273
21, 78, 142, 196, 236, 275
22, 55, 159, 170, 215, 272
23, 70, 145, 214, 264, 307
24, 60, 149, 218, 274, 317
26, 84, 126, 213, 228, 271
27, 58, 87, 210, 254, 294
28, 95, 117, 219, 262, 284
29, 69, 88, 216, 256, 298
30, 90, 104, 221, 266, 285
31, 54, 93, 179, 222, 290
32, 57, 91, 172, 217, 280
33, 61, 89, 197, 234, 281
34, 64, 99, 209, 258, 300
35, 77, 86, 206, 227, 270
36, 67, 110, 176, 230, 286
37, 76, 116, 188, 237, 288
38, 63, 107, 207, 267, 311
39, 62, 111, 205, 252, 289
40, 65, 114, 186, 248, 313
41, 68, 106, 202, 240, 282
42, 66, 112, 184, 268, 323
43, 73, 115, 185, 245, 291
44, 74, 119, 167, 225, 278
45, 85, 136, 193, 265, 324
46, 79, 134, 181, 238, 312
47, 75, 133, 173, 239, 314
48, 82, 135, 169, 251, 318
49, 80, 137, 180, 257, 320
50, 92, 139, 166, 235, 306
51, 81, 141, 168, 233, 299
52, 83, 140, 171, 241, 315
53, 71, 127, 177, 246, 322
