FLL Scheduler GA Summary Report (ID: 2132037128416 | Hash: -7063096355683500048)

Attributes:
--------------------
rank: 0
origin: (C | KPoint(k=3))
mutations: 0
clones: 0
_hash: -7063096355683500048
Length: 318

Fitness:
--------------------------
BreakTime           : 0.31062795876048954
LocationConsistency : 0.0
OpponentVariety     : 0.8754111684107535
-----------------------------------
Total               : 1.186039127171243
Percentage          : 39.53%

Per-Objective Statistics (Team Distribution):
-----------------------------------------------------------------
Objective                 | Min      | Max      | Avg      | Range   
-----------------------------------------------------------------
BreakTime                 | 0.0004   | 0.9193   | 0.5394   | 0.9189  
LocationConsistency       | 0.0417   | 0.6417   | 0.2039   | 0.6000  
OpponentVariety           | 0.7527   | 1.0000   | 0.9953   | 0.2473  

Team fitnesses (sorted by total fitness descending):
----------------------------------------------------
Max     : 2.528134
Min     : 1.050436
Range   : 1.477698
Average : 1.738647

Team |BreakTime |LocationConsistency |OpponentVariety |Sum
------------------------------------------------------------
45   |0.8865    |0.6417              |1.0000          |2.5281
41   |0.6732    |0.6417              |1.0000          |2.3148
16   |0.6158    |0.6417              |1.0000          |2.2575
50   |0.8630    |0.2667              |1.0000          |2.1297
38   |0.6764    |0.3500              |1.0000          |2.0264
51   |0.9193    |0.0500              |1.0000          |1.9693
52   |0.9185    |0.0417              |1.0000          |1.9602
53   |0.9139    |0.0417              |1.0000          |1.9555
6    |0.6005    |0.3500              |1.0000          |1.9505
11   |0.5901    |0.3500              |1.0000          |1.9401
8    |0.5895    |0.3500              |1.0000          |1.9395
9    |0.5719    |0.3667              |1.0000          |1.9385
49   |0.8925    |0.0417              |1.0000          |1.9342
48   |0.8793    |0.0500              |1.0000          |1.9293
14   |0.5543    |0.3667              |1.0000          |1.9210
47   |0.8672    |0.0500              |1.0000          |1.9172
3    |0.6485    |0.2667              |1.0000          |1.9152
5    |0.6329    |0.2667              |1.0000          |1.8995
44   |0.6257    |0.2667              |1.0000          |1.8923
20   |0.5397    |0.3500              |1.0000          |1.8897
1    |0.6216    |0.2667              |1.0000          |1.8883
17   |0.5379    |0.3500              |1.0000          |1.8879
25   |0.6013    |0.2667              |1.0000          |1.8680
39   |0.5936    |0.2667              |1.0000          |1.8603
10   |0.5920    |0.2667              |1.0000          |1.8586
46   |0.7914    |0.0417              |1.0000          |1.8331
32   |0.5616    |0.2667              |1.0000          |1.8282
12   |0.5556    |0.2667              |1.0000          |1.8223
2    |0.5474    |0.2667              |1.0000          |1.8141
43   |0.6673    |0.0500              |1.0000          |1.7173
37   |0.6637    |0.0417              |1.0000          |1.7054
40   |0.6273    |0.0667              |1.0000          |1.6939
42   |0.6044    |0.0417              |1.0000          |1.6460
28   |0.0004    |0.6417              |1.0000          |1.6421
36   |0.5809    |0.0500              |1.0000          |1.6309
7    |0.5774    |0.0417              |1.0000          |1.6190
18   |0.5758    |0.0417              |1.0000          |1.6174
4    |0.5640    |0.0417              |1.0000          |1.6057
15   |0.5619    |0.0417              |1.0000          |1.6036
31   |0.5515    |0.0417              |1.0000          |1.5931
13   |0.5389    |0.0500              |1.0000          |1.5889
26   |0.4972    |0.0667              |1.0000          |1.5639
33   |0.5133    |0.0417              |1.0000          |1.5550
19   |0.5082    |0.0417              |1.0000          |1.5499
27   |0.5002    |0.0417              |1.0000          |1.5419
35   |0.0045    |0.3500              |1.0000          |1.3545
21   |0.0465    |0.2667              |1.0000          |1.3132
30   |0.0004    |0.2667              |1.0000          |1.2671
34   |0.0488    |0.0667              |1.0000          |1.1154
23   |0.0454    |0.0667              |1.0000          |1.1121
22   |0.0004    |0.3500              |0.7527          |1.1031
29   |0.0475    |0.0417              |1.0000          |1.0891
24   |0.0004    |0.0500              |1.0000          |1.0504

Team Events (sorted, for dev use, diff check with others to ensure truly different schedules created):
------------------------------------------------------------
0, 94, 157, 189, 241, 303
1, 100, 149, 204, 250, 287
2, 103, 162, 178, 224, 293
3, 95, 147, 208, 277, 318
4, 109, 154, 175, 244, 301
5, 98, 155, 187, 228, 292
6, 108, 153, 211, 254, 311
7, 99, 143, 183, 232, 295
8, 97, 145, 196, 240, 297
9, 122, 160, 174, 223, 282
10, 123, 165, 197, 261, 316
11, 125, 156, 195, 247, 309
12, 118, 152, 207, 276, 324
13, 121, 161, 193, 231, 278
14, 113, 164, 202, 253, 302
15, 119, 158, 182, 255, 322
16, 120, 150, 198, 262, 308
17, 127, 163, 192, 269, 305
18, 59, 146, 205, 256, 294
19, 57, 151, 201, 249, 304
20, 77, 144, 214, 264, 307
21, 85, 130, 206, 226, 270
22, 78, 142, 191, 236, 273
23, 72, 138, 203, 220, 275
25, 54, 159, 168, 215, 274
26, 60, 148, 219, 272, 317
27, 58, 87, 209, 260, 296
28, 101, 111, 218, 263, 285
29, 69, 88, 217, 258, 299
30, 90, 102, 221, 266, 284
31, 55, 93, 179, 222, 290
32, 56, 91, 166, 216, 281
33, 61, 89, 190, 234, 280
34, 64, 96, 210, 257, 300
35, 71, 86, 213, 229, 271
36, 68, 105, 200, 243, 283
37, 74, 124, 173, 225, 279
38, 66, 112, 184, 268, 320
39, 62, 116, 199, 252, 289
40, 70, 110, 188, 237, 288
41, 65, 115, 186, 251, 313
42, 63, 104, 212, 267, 310
43, 67, 117, 177, 230, 286
44, 73, 114, 185, 245, 291
45, 92, 139, 172, 235, 306
46, 84, 136, 194, 265, 319
47, 82, 137, 180, 259, 323
48, 83, 141, 170, 233, 298
49, 76, 131, 176, 246, 321
50, 79, 134, 181, 238, 312
51, 75, 126, 167, 239, 314
52, 81, 135, 171, 248, 325
53, 80, 140, 169, 242, 315
