FLL Scheduler GA Summary Report (ID: 2132126149632 | Hash: 7428860457307546853)

Attributes:
--------------------
rank: 0
origin: (C | KPoint(k=1))
mutations: 0
clones: 0
_hash: 7428860457307546853
Length: 318

Fitness:
--------------------------
BreakTime           : 0.31062795876048954
LocationConsistency : 0.0
OpponentVariety     : 0.8754111684107535
-----------------------------------
Total               : 1.186039127171243
Percentage          : 39.53%

Per-Objective Statistics (Team Distribution):
-----------------------------------------------------------------
Objective                 | Min      | Max      | Avg      | Range   
-----------------------------------------------------------------
BreakTime                 | 0.0004   | 0.9193   | 0.5394   | 0.9189  
LocationConsistency       | 0.0417   | 0.6417   | 0.2085   | 0.6000  
OpponentVariety           | 0.7527   | 1.0000   | 0.9953   | 0.2473  

Team fitnesses (sorted by total fitness descending):
----------------------------------------------------
Max     : 2.314821
Min     : 1.019778
Range   : 1.295043
Average : 1.743207

Team |BreakTime |LocationConsistency |OpponentVariety |Sum
------------------------------------------------------------
42   |0.6732    |0.6417              |1.0000          |2.3148
51   |0.9139    |0.3500              |1.0000          |2.2639
7    |0.5719    |0.6417              |1.0000          |2.2135
47   |0.9193    |0.2667              |1.0000          |2.1860
52   |0.8925    |0.2667              |1.0000          |2.1592
45   |0.8865    |0.2667              |1.0000          |2.1531
48   |0.8793    |0.2667              |1.0000          |2.1460
49   |0.8630    |0.2667              |1.0000          |2.1297
5    |0.6216    |0.3667              |1.0000          |1.9883
36   |0.6273    |0.3500              |1.0000          |1.9773
44   |0.5936    |0.3667              |1.0000          |1.9603
46   |0.9185    |0.0417              |1.0000          |1.9602
2    |0.5895    |0.3500              |1.0000          |1.9395
43   |0.6673    |0.2667              |1.0000          |1.9339
53   |0.8672    |0.0667              |1.0000          |1.9338
27   |0.5616    |0.3667              |1.0000          |1.9282
14   |0.5543    |0.3500              |1.0000          |1.9043
41   |0.6257    |0.2667              |1.0000          |1.8923
26   |0.5397    |0.3500              |1.0000          |1.8897
38   |0.6044    |0.2667              |1.0000          |1.8710
40   |0.5809    |0.2667              |1.0000          |1.8476
17   |0.5758    |0.2667              |1.0000          |1.8424
50   |0.7914    |0.0417              |1.0000          |1.8331
4    |0.5640    |0.2667              |1.0000          |1.8307
12   |0.5619    |0.2667              |1.0000          |1.8286
31   |0.5002    |0.2667              |1.0000          |1.7669
39   |0.6764    |0.0500              |1.0000          |1.7264
1    |0.6485    |0.0667              |1.0000          |1.7152
37   |0.6637    |0.0417              |1.0000          |1.7054
29   |0.0488    |0.6417              |1.0000          |1.6904
15   |0.6158    |0.0667              |1.0000          |1.6825
8    |0.6329    |0.0417              |1.0000          |1.6745
11   |0.5920    |0.0667              |1.0000          |1.6586
24   |0.6013    |0.0500              |1.0000          |1.6513
9    |0.6005    |0.0500              |1.0000          |1.6505
18   |0.5901    |0.0417              |1.0000          |1.6318
6    |0.5474    |0.0750              |1.0000          |1.6224
3    |0.5774    |0.0417              |1.0000          |1.6190
16   |0.5389    |0.0750              |1.0000          |1.6139
10   |0.5556    |0.0417              |1.0000          |1.5973
33   |0.5515    |0.0417              |1.0000          |1.5931
13   |0.5379    |0.0500              |1.0000          |1.5879
34   |0.5133    |0.0417              |1.0000          |1.5550
21   |0.5082    |0.0417              |1.0000          |1.5499
19   |0.4972    |0.0417              |1.0000          |1.5389
32   |0.0045    |0.5250              |1.0000          |1.5295
30   |0.0004    |0.3667              |1.0000          |1.3671
35   |0.0004    |0.3500              |1.0000          |1.3504
22   |0.0454    |0.0750              |1.0000          |1.1204
28   |0.0475    |0.0500              |1.0000          |1.0975
20   |0.0465    |0.0500              |1.0000          |1.0965
23   |0.0004    |0.0500              |1.0000          |1.0504
25   |0.0004    |0.2667              |0.7527          |1.0198

Team Events (sorted, for dev use, diff check with others to ensure truly different schedules created):
------------------------------------------------------------
0, 105, 161, 178, 224, 286
1, 98, 143, 183, 232, 295
2, 103, 154, 209, 260, 310
3, 94, 147, 210, 277, 318
4, 95, 151, 188, 241, 303
5, 101, 149, 204, 249, 292
6, 96, 145, 191, 240, 297
7, 102, 152, 175, 244, 301
8, 99, 153, 186, 226, 287
9, 124, 150, 192, 247, 309
10, 122, 162, 174, 223, 283
11, 112, 164, 202, 252, 302
12, 120, 157, 198, 268, 308
13, 121, 163, 195, 231, 279
14, 119, 159, 182, 261, 322
15, 118, 155, 212, 276, 324
16, 132, 160, 194, 262, 304
17, 123, 165, 190, 255, 316
18, 55, 148, 218, 272, 317
19, 77, 144, 214, 267, 307
20, 59, 146, 205, 256, 294
21, 78, 142, 196, 236, 273
22, 72, 138, 203, 220, 275
23, 60, 158, 170, 215, 274
24, 85, 129, 213, 228, 270
25, 57, 156, 201, 250, 305
27, 56, 88, 172, 217, 280
28, 69, 90, 216, 259, 299
29, 64, 97, 208, 257, 300
30, 100, 116, 219, 269, 284
31, 58, 86, 211, 254, 296
32, 71, 87, 207, 227, 271
33, 61, 92, 179, 222, 289
34, 54, 91, 197, 234, 281
35, 89, 104, 221, 265, 285
36, 70, 117, 189, 237, 290
37, 74, 125, 167, 225, 278
38, 62, 107, 206, 264, 311
39, 66, 113, 184, 263, 320
40, 68, 106, 200, 243, 282
41, 73, 114, 185, 245, 288
42, 65, 115, 187, 248, 313
43, 67, 110, 177, 230, 293
44, 63, 111, 199, 253, 291
45, 93, 139, 166, 235, 306
46, 82, 135, 169, 251, 325
47, 75, 133, 173, 239, 314
48, 80, 141, 168, 233, 298
49, 79, 134, 181, 238, 312
50, 84, 136, 193, 266, 319
51, 83, 140, 171, 242, 315
52, 76, 128, 176, 246, 321
53, 81, 137, 180, 258, 323
