FLL Scheduler GA Summary Report (ID: 2132126149520 | Hash: 4608552041409662654)

Attributes:
--------------------
rank: 0
origin: (C | KPoint(k=3))
mutations: 0
clones: 0
_hash: 4608552041409662654
Length: 318

Fitness:
--------------------------
BreakTime           : 0.31062795876048954
LocationConsistency : 0.0
OpponentVariety     : 0.8754111684107535
-----------------------------------
Total               : 1.186039127171243
Percentage          : 39.53%

Per-Objective Statistics (Team Distribution):
-----------------------------------------------------------------
Objective                 | Min      | Max      | Avg      | Range   
-----------------------------------------------------------------
BreakTime                 | 0.0004   | 0.9193   | 0.5394   | 0.9189  
LocationConsistency       | 0.0417   | 0.9500   | 0.1843   | 0.9083  
OpponentVariety           | 0.7527   | 1.0000   | 0.9953   | 0.2473  

Team fitnesses (sorted by total fitness descending):
----------------------------------------------------
Max     : 2.560979
Min     : 0.794778
Range   : 1.766201
Average : 1.718993

Team |BreakTime |LocationConsistency |OpponentVariety |Sum
------------------------------------------------------------
47   |0.9193    |0.6417              |1.0000          |2.5610
50   |0.8793    |0.3500              |1.0000          |2.2293
53   |0.8925    |0.2667              |1.0000          |2.1592
27   |0.5133    |0.6417              |1.0000          |2.1550
52   |0.7914    |0.3500              |1.0000          |2.1414
51   |0.8672    |0.2667              |1.0000          |2.1338
48   |0.8630    |0.2667              |1.0000          |2.1297
37   |0.6764    |0.3500              |1.0000          |2.0264
46   |0.9185    |0.0417              |1.0000          |1.9602
49   |0.9139    |0.0417              |1.0000          |1.9555
30   |0.0045    |0.9500              |1.0000          |1.9545
38   |0.6044    |0.3500              |1.0000          |1.9544
40   |0.6732    |0.2667              |1.0000          |1.9398
45   |0.8865    |0.0417              |1.0000          |1.9281
9    |0.6329    |0.2667              |1.0000          |1.8995
41   |0.6257    |0.2667              |1.0000          |1.8923
12   |0.6158    |0.2667              |1.0000          |1.8825
21   |0.6013    |0.2667              |1.0000          |1.8680
39   |0.5936    |0.2667              |1.0000          |1.8603
16   |0.5901    |0.2667              |1.0000          |1.8568
43   |0.5809    |0.2667              |1.0000          |1.8476
15   |0.5619    |0.2667              |1.0000          |1.8286
13   |0.5543    |0.2667              |1.0000          |1.8210
29   |0.5002    |0.2667              |1.0000          |1.7669
42   |0.6673    |0.0500              |1.0000          |1.7173
44   |0.6637    |0.0417              |1.0000          |1.7054
36   |0.6273    |0.0667              |1.0000          |1.6939
1    |0.6485    |0.0417              |1.0000          |1.6902
5    |0.6216    |0.0667              |1.0000          |1.6883
8    |0.6005    |0.0667              |1.0000          |1.6672
4    |0.5895    |0.0500              |1.0000          |1.6395
6    |0.5719    |0.0667              |1.0000          |1.6385
14   |0.5920    |0.0417              |1.0000          |1.6336
11   |0.5758    |0.0500              |1.0000          |1.6258
3    |0.5774    |0.0417              |1.0000          |1.6190
35   |0.5515    |0.0667              |1.0000          |1.6181
2    |0.5474    |0.0667              |1.0000          |1.6141
17   |0.5389    |0.0750              |1.0000          |1.6139
32   |0.5616    |0.0500              |1.0000          |1.6116
7    |0.5640    |0.0417              |1.0000          |1.6057
10   |0.5556    |0.0417              |1.0000          |1.5973
19   |0.5397    |0.0500              |1.0000          |1.5897
18   |0.5379    |0.0500              |1.0000          |1.5879
26   |0.4972    |0.0667              |1.0000          |1.5639
20   |0.5082    |0.0417              |1.0000          |1.5499
25   |0.0465    |0.3500              |1.0000          |1.3965
22   |0.0004    |0.2667              |1.0000          |1.2671
33   |0.0004    |0.2667              |1.0000          |1.2671
31   |0.0475    |0.0750              |1.0000          |1.1225
34   |0.0488    |0.0500              |1.0000          |1.0988
23   |0.0454    |0.0500              |1.0000          |1.0954
28   |0.0004    |0.0417              |1.0000          |1.0421
24   |0.0004    |0.0417              |0.7527          |0.7948

Team Events (sorted, for dev use, diff check with others to ensure truly different schedules created):
------------------------------------------------------------
0, 105, 163, 178, 224, 286
1, 94, 142, 205, 249, 292
2, 103, 154, 208, 260, 310
3, 97, 148, 183, 235, 295
4, 101, 157, 188, 242, 303
5, 98, 146, 196, 243, 297
6, 100, 144, 211, 277, 318
7, 96, 152, 186, 228, 287
8, 102, 153, 175, 238, 301
9, 118, 156, 195, 247, 309
10, 132, 162, 193, 262, 305
11, 124, 158, 182, 261, 322
12, 120, 161, 192, 236, 279
13, 122, 160, 174, 223, 283
14, 113, 164, 203, 252, 302
15, 123, 165, 197, 255, 316
16, 125, 155, 212, 276, 324
17, 121, 151, 198, 268, 308
19, 57, 150, 200, 250, 304
20, 59, 145, 204, 256, 294
21, 60, 159, 167, 221, 273
22, 73, 138, 202, 214, 272
23, 84, 149, 191, 231, 274
24, 78, 129, 213, 226, 271
25, 70, 147, 220, 267, 307
26, 55, 143, 217, 275, 317
27, 54, 89, 190, 233, 280
28, 90, 104, 215, 265, 285
29, 58, 87, 210, 254, 296
30, 77, 86, 206, 229, 270
31, 69, 88, 219, 259, 299
32, 56, 91, 169, 218, 281
33, 95, 117, 216, 269, 284
34, 64, 99, 209, 257, 300
35, 61, 93, 179, 222, 289
36, 76, 116, 189, 230, 290
37, 66, 112, 184, 263, 320
38, 63, 107, 207, 264, 311
39, 62, 111, 199, 253, 291
40, 65, 114, 187, 248, 313
41, 72, 115, 185, 239, 288
42, 67, 110, 177, 237, 293
43, 68, 106, 201, 240, 282
44, 75, 119, 172, 225, 278
45, 92, 139, 173, 232, 306
46, 81, 135, 170, 251, 325
47, 74, 133, 168, 245, 314
48, 85, 134, 181, 244, 312
49, 80, 140, 166, 241, 315
50, 83, 141, 171, 234, 298
51, 82, 137, 180, 258, 323
52, 79, 136, 194, 266, 319
53, 71, 128, 176, 246, 321
