FLL Scheduler GA Summary Report (ID: 2132118890848 | Hash: 7850036659137187521)

Attributes:
--------------------
rank: 0
origin: (C | RoundTypeCrossover)
mutations: 0
clones: 0
_hash: 7850036659137187521
Length: 318

Fitness:
--------------------------
BreakTime           : 0.31062795876048954
LocationConsistency : 0.0
OpponentVariety     : 0.8754111684107535
-----------------------------------
Total               : 1.186039127171243
Percentage          : 39.53%

Per-Objective Statistics (Team Distribution):
-----------------------------------------------------------------
Objective                 | Min      | Max      | Avg      | Range   
-----------------------------------------------------------------
BreakTime                 | 0.0004   | 0.9193   | 0.5394   | 0.9189  
LocationConsistency       | 0.0417   | 0.9500   | 0.2187   | 0.9083  
OpponentVariety           | 0.7527   | 1.0000   | 0.9953   | 0.2473  

Team fitnesses (sorted by total fitness descending):
----------------------------------------------------
Max     : 2.539497
Min     : 0.803112
Range   : 1.736386
Average : 1.753427

Team |BreakTime |LocationConsistency |OpponentVariety |Sum
------------------------------------------------------------
6    |0.5895    |0.9500              |1.0000          |2.5395
46   |0.7914    |0.6417              |1.0000          |2.4331
37   |0.6044    |0.6417              |1.0000          |2.2460
45   |0.8672    |0.3500              |1.0000          |2.2172
40   |0.6732    |0.5250              |1.0000          |2.1982
51   |0.9193    |0.2667              |1.0000          |2.1860
52   |0.9185    |0.2667              |1.0000          |2.1852
49   |0.8925    |0.2667              |1.0000          |2.1592
50   |0.8865    |0.2667              |1.0000          |2.1531
42   |0.6764    |0.3500              |1.0000          |2.0264
4    |0.6329    |0.3500              |1.0000          |1.9829
13   |0.6158    |0.3667              |1.0000          |1.9825
38   |0.6273    |0.3500              |1.0000          |1.9773
53   |0.9139    |0.0417              |1.0000          |1.9555
12   |0.5901    |0.3500              |1.0000          |1.9401
41   |0.6637    |0.2667              |1.0000          |1.9304
48   |0.8793    |0.0500              |1.0000          |1.9293
11   |0.5556    |0.3667              |1.0000          |1.9223
47   |0.8630    |0.0500              |1.0000          |1.9130
30   |0.5616    |0.3500              |1.0000          |1.9116
3    |0.5474    |0.3500              |1.0000          |1.8974
23   |0.5397    |0.3500              |1.0000          |1.8897
14   |0.5389    |0.3500              |1.0000          |1.8889
7    |0.6216    |0.2667              |1.0000          |1.8883
24   |0.6013    |0.2667              |1.0000          |1.8680
1    |0.6005    |0.2667              |1.0000          |1.8672
43   |0.5936    |0.2667              |1.0000          |1.8603
18   |0.5758    |0.2667              |1.0000          |1.8424
16   |0.5379    |0.2667              |1.0000          |1.8046
35   |0.5133    |0.2667              |1.0000          |1.7800
36   |0.6673    |0.0417              |1.0000          |1.7089
39   |0.6257    |0.0667              |1.0000          |1.6923
9    |0.6485    |0.0417              |1.0000          |1.6902
10   |0.5920    |0.0417              |1.0000          |1.6336
44   |0.5809    |0.0500              |1.0000          |1.6309
2    |0.5774    |0.0500              |1.0000          |1.6274
5    |0.5719    |0.0500              |1.0000          |1.6219
8    |0.5640    |0.0500              |1.0000          |1.6140
15   |0.5543    |0.0500              |1.0000          |1.6043
17   |0.5619    |0.0417              |1.0000          |1.6036
31   |0.5515    |0.0417              |1.0000          |1.5931
21   |0.5082    |0.0667              |1.0000          |1.5749
26   |0.4972    |0.0667              |1.0000          |1.5639
28   |0.5002    |0.0500              |1.0000          |1.5502
25   |0.0465    |0.2667              |1.0000          |1.3132
19   |0.0004    |0.2667              |1.0000          |1.2671
20   |0.0454    |0.0667              |1.0000          |1.1121
32   |0.0475    |0.0500              |1.0000          |1.0975
34   |0.0488    |0.0417              |1.0000          |1.0904
29   |0.0004    |0.0667              |1.0000          |1.0671
33   |0.0045    |0.0500              |1.0000          |1.0545
27   |0.0004    |0.0417              |1.0000          |1.0421
22   |0.0004    |0.0500              |0.7527          |0.8031

Team Events (sorted, for dev use, diff check with others to ensure truly different schedules created):
------------------------------------------------------------
0, 97, 154, 186, 228, 287
1, 108, 153, 211, 254, 310
2, 94, 149, 205, 250, 293
3, 109, 155, 175, 239, 301
4, 98, 145, 196, 240, 296
5, 96, 143, 183, 232, 295
6, 101, 156, 188, 241, 303
7, 100, 147, 208, 277, 325
8, 103, 161, 178, 224, 286
9, 121, 163, 174, 223, 282
10, 125, 157, 195, 247, 309
11, 120, 165, 197, 260, 316
12, 118, 158, 182, 255, 322
13, 119, 152, 207, 276, 319
14, 123, 162, 193, 231, 279
15, 122, 150, 198, 263, 308
16, 113, 164, 203, 253, 302
17, 127, 160, 192, 269, 305
19, 75, 137, 202, 221, 275
20, 78, 142, 191, 236, 273
21, 58, 146, 204, 256, 294
22, 85, 129, 206, 226, 270
23, 57, 151, 200, 249, 304
24, 54, 159, 169, 214, 274
25, 70, 144, 215, 264, 307
26, 60, 148, 218, 272, 317
27, 88, 102, 220, 266, 285
28, 59, 87, 209, 261, 297
29, 95, 111, 219, 262, 284
30, 56, 89, 166, 217, 281
31, 55, 93, 179, 222, 289
32, 69, 91, 216, 258, 298
33, 76, 86, 213, 229, 271
34, 64, 99, 210, 257, 300
35, 61, 90, 190, 234, 280
36, 67, 117, 177, 230, 292
37, 63, 107, 212, 267, 311
38, 77, 110, 189, 237, 290
39, 74, 114, 185, 238, 288
40, 65, 115, 187, 251, 315
41, 73, 124, 173, 225, 278
42, 66, 112, 184, 268, 320
43, 62, 116, 199, 252, 291
44, 68, 106, 201, 243, 283
45, 81, 139, 180, 259, 323
46, 84, 138, 194, 265, 324
47, 79, 134, 181, 245, 314
48, 80, 140, 171, 233, 299
49, 71, 128, 176, 246, 321
50, 92, 136, 172, 235, 306
51, 72, 126, 167, 244, 312
52, 82, 135, 170, 248, 318
53, 83, 141, 168, 242, 313
