FLL Scheduler GA Summary Report (ID: 2132111940336 | Hash: -4106810269009049991)

Attributes:
--------------------
rank: 0
origin: (C | KPoint(k=3))
mutations: 1
clones: 1
_hash: -4106810269009049991
Length: 318

Fitness:
--------------------------
BreakTime           : 0.31062795876048954
LocationConsistency : 0.0
OpponentVariety     : 0.8754111684107535
-----------------------------------
Total               : 1.186039127171243
Percentage          : 39.53%

Per-Objective Statistics (Team Distribution):
-----------------------------------------------------------------
Objective                 | Min      | Max      | Avg      | Range   
-----------------------------------------------------------------
BreakTime                 | 0.0004   | 0.9193   | 0.5394   | 0.9189  
LocationConsistency       | 0.0417   | 0.9500   | 0.1984   | 0.9083  
OpponentVariety           | 0.7527   | 1.0000   | 0.9953   | 0.2473  

Team fitnesses (sorted by total fitness descending):
----------------------------------------------------
Max     : 2.450224
Min     : 1.089120
Range   : 1.361104
Average : 1.733144

Team |BreakTime |LocationConsistency |OpponentVariety |Sum
------------------------------------------------------------
33   |0.5002    |0.9500              |1.0000          |2.4502
40   |0.6732    |0.6417              |1.0000          |2.3148
46   |0.9139    |0.3500              |1.0000          |2.2639
47   |0.8793    |0.3500              |1.0000          |2.2293
48   |0.8865    |0.2667              |1.0000          |2.1531
52   |0.8630    |0.2667              |1.0000          |2.1297
37   |0.6273    |0.3500              |1.0000          |1.9773
51   |0.9193    |0.0417              |1.0000          |1.9610
50   |0.9185    |0.0417              |1.0000          |1.9602
45   |0.8925    |0.0667              |1.0000          |1.9592
13   |0.5920    |0.3667              |1.0000          |1.9586
36   |0.6044    |0.3500              |1.0000          |1.9544
38   |0.6673    |0.2667              |1.0000          |1.9339
49   |0.8672    |0.0667              |1.0000          |1.9338
2    |0.6329    |0.2667              |1.0000          |1.8995
44   |0.6257    |0.2667              |1.0000          |1.8923
19   |0.5397    |0.3500              |1.0000          |1.8897
5    |0.6216    |0.2667              |1.0000          |1.8883
17   |0.6158    |0.2667              |1.0000          |1.8825
23   |0.6013    |0.2667              |1.0000          |1.8680
39   |0.5936    |0.2667              |1.0000          |1.8603
6    |0.5895    |0.2667              |1.0000          |1.8562
15   |0.5758    |0.2667              |1.0000          |1.8424
53   |0.7914    |0.0417              |1.0000          |1.8331
3    |0.5640    |0.2667              |1.0000          |1.8307
16   |0.5619    |0.2667              |1.0000          |1.8286
18   |0.5556    |0.2667              |1.0000          |1.8223
14   |0.5543    |0.2667              |1.0000          |1.8210
42   |0.6764    |0.0500              |1.0000          |1.7264
43   |0.6637    |0.0417              |1.0000          |1.7054
9    |0.6485    |0.0417              |1.0000          |1.6902
7    |0.6005    |0.0500              |1.0000          |1.6505
12   |0.5901    |0.0417              |1.0000          |1.6318
41   |0.5809    |0.0500              |1.0000          |1.6309
31   |0.5616    |0.0667              |1.0000          |1.6282
1    |0.5719    |0.0500              |1.0000          |1.6219
8    |0.5774    |0.0417              |1.0000          |1.6190
10   |0.5389    |0.0750              |1.0000          |1.6139
4    |0.5474    |0.0500              |1.0000          |1.5974
30   |0.5515    |0.0417              |1.0000          |1.5931
11   |0.5379    |0.0500              |1.0000          |1.5879
35   |0.5133    |0.0500              |1.0000          |1.5633
20   |0.5082    |0.0500              |1.0000          |1.5582
25   |0.4972    |0.0500              |1.0000          |1.5472
29   |0.0045    |0.3667              |1.0000          |1.3711
21   |0.0004    |0.2667              |1.0000          |1.2671
32   |0.0004    |0.2667              |1.0000          |1.2671
34   |0.0004    |0.2667              |1.0000          |1.2671
22   |0.0454    |0.0750              |1.0000          |1.1204
26   |0.0004    |0.3667              |0.7527          |1.1198
27   |0.0488    |0.0500              |1.0000          |1.0988
24   |0.0465    |0.0500              |1.0000          |1.0965
28   |0.0475    |0.0417              |1.0000          |1.0891

Team Events (sorted, for dev use, diff check with others to ensure truly different schedules created):
------------------------------------------------------------
0, 98, 145, 191, 243, 299
1, 102, 152, 175, 244, 294
2, 100, 147, 211, 277, 318
3, 94, 149, 204, 249, 292
4, 101, 151, 188, 242, 303
5, 97, 143, 183, 232, 300
6, 96, 153, 186, 226, 287
7, 103, 154, 208, 260, 310
8, 105, 163, 178, 224, 286
9, 118, 155, 212, 276, 324
10, 122, 157, 198, 268, 308
11, 121, 165, 190, 255, 316
12, 120, 160, 174, 223, 280
13, 123, 161, 195, 231, 284
14, 127, 162, 194, 262, 304
15, 112, 164, 202, 252, 302
16, 119, 158, 182, 261, 322
17, 125, 150, 192, 247, 309
18, 57, 156, 201, 250, 305
19, 59, 146, 205, 256, 301
20, 72, 138, 203, 220, 272
21, 78, 142, 196, 236, 275
22, 60, 159, 170, 215, 273
23, 77, 144, 214, 267, 307
24, 55, 148, 218, 274, 317
26, 85, 133, 213, 228, 270
27, 64, 99, 209, 257, 295
28, 69, 90, 216, 259, 297
29, 71, 87, 206, 227, 271
30, 61, 92, 179, 222, 289
31, 56, 88, 172, 217, 283
32, 89, 104, 221, 265, 278
33, 58, 86, 210, 254, 298
34, 95, 116, 219, 269, 279
35, 54, 91, 197, 234, 282
36, 63, 107, 207, 264, 311
37, 70, 117, 189, 237, 290
38, 67, 110, 177, 230, 293
39, 62, 111, 199, 253, 291
40, 65, 115, 187, 248, 313
41, 68, 106, 200, 240, 281
42, 66, 113, 184, 263, 320
43, 74, 124, 167, 225, 285
44, 73, 114, 185, 245, 288
45, 76, 132, 176, 246, 321
46, 83, 140, 171, 241, 315
47, 80, 141, 168, 233, 296
48, 93, 139, 166, 235, 306
49, 81, 137, 180, 258, 323
50, 82, 135, 169, 251, 325
51, 75, 126, 173, 239, 314
52, 79, 134, 181, 238, 312
53, 84, 136, 193, 266, 319
