FLL Scheduler GA Summary Report (ID: 2132118893984 | Hash: -149242422935349485)

Attributes:
--------------------
rank: 0
origin: (C | KPoint(k=1))
mutations: 0
clones: 0
_hash: -149242422935349485
Length: 318

Fitness:
--------------------------
BreakTime           : 0.31062795876048954
LocationConsistency : 0.0
OpponentVariety     : 0.8754111684107535
-----------------------------------
Total               : 1.186039127171243
Percentage          : 39.53%

Per-Objective Statistics (Team Distribution):
-----------------------------------------------------------------
Objective                 | Min      | Max      | Avg      | Range   
-----------------------------------------------------------------
BreakTime                 | 0.0004   | 0.9193   | 0.5394   | 0.9189  
LocationConsistency       | 0.0417   | 0.9500   | 0.2272   | 0.9083  
OpponentVariety           | 0.7527   | 1.0000   | 0.9953   | 0.2473  

Team fitnesses (sorted by total fitness descending):
----------------------------------------------------
Max     : 2.504678
Min     : 1.050419
Range   : 1.454259
Average : 1.761917

Team |BreakTime |LocationConsistency |OpponentVariety |Sum
------------------------------------------------------------
50   |0.8630    |0.6417              |1.0000          |2.5047
52   |0.7914    |0.6417              |1.0000          |2.4331
41   |0.6732    |0.6417              |1.0000          |2.3148
46   |0.9185    |0.2667              |1.0000          |2.1852
53   |0.8865    |0.2667              |1.0000          |2.1531
36   |0.6764    |0.3500              |1.0000          |2.0264
45   |0.9139    |0.0750              |1.0000          |1.9889
16   |0.6158    |0.3667              |1.0000          |1.9825
51   |0.9193    |0.0417              |1.0000          |1.9610
10   |0.5920    |0.3667              |1.0000          |1.9586
49   |0.8925    |0.0417              |1.0000          |1.9342
43   |0.6673    |0.2667              |1.0000          |1.9339
48   |0.8793    |0.0417              |1.0000          |1.9210
47   |0.8672    |0.0500              |1.0000          |1.9172
1    |0.6485    |0.2667              |1.0000          |1.9152
9    |0.6329    |0.2667              |1.0000          |1.8995
37   |0.6273    |0.2667              |1.0000          |1.8939
40   |0.6257    |0.2667              |1.0000          |1.8923
13   |0.5389    |0.3500              |1.0000          |1.8889
17   |0.5379    |0.3500              |1.0000          |1.8879
22   |0.6013    |0.2667              |1.0000          |1.8680
44   |0.5936    |0.2667              |1.0000          |1.8603
24   |0.5082    |0.3500              |1.0000          |1.8582
12   |0.5901    |0.2667              |1.0000          |1.8568
4    |0.5895    |0.2667              |1.0000          |1.8562
32   |0.5002    |0.3500              |1.0000          |1.8502
5    |0.5719    |0.2667              |1.0000          |1.8385
2    |0.5640    |0.2667              |1.0000          |1.8307
15   |0.5619    |0.2667              |1.0000          |1.8286
11   |0.5556    |0.2667              |1.0000          |1.8223
6    |0.5474    |0.2667              |1.0000          |1.8141
39   |0.6637    |0.0500              |1.0000          |1.7137
25   |0.0004    |0.9500              |0.7527          |1.7031
3    |0.6216    |0.0667              |1.0000          |1.6883
7    |0.6005    |0.0750              |1.0000          |1.6755
42   |0.6044    |0.0417              |1.0000          |1.6460
8    |0.5774    |0.0500              |1.0000          |1.6274
38   |0.5809    |0.0417              |1.0000          |1.6226
18   |0.5758    |0.0417              |1.0000          |1.6174
34   |0.5616    |0.0500              |1.0000          |1.6116
14   |0.5543    |0.0417              |1.0000          |1.5960
35   |0.5515    |0.0417              |1.0000          |1.5931
20   |0.5397    |0.0500              |1.0000          |1.5897
30   |0.5133    |0.0500              |1.0000          |1.5633
23   |0.4972    |0.0417              |1.0000          |1.5389
33   |0.0045    |0.5250              |1.0000          |1.5295
21   |0.0454    |0.2667              |1.0000          |1.3121
19   |0.0004    |0.2667              |1.0000          |1.2671
28   |0.0004    |0.2667              |1.0000          |1.2671
29   |0.0488    |0.0667              |1.0000          |1.1154
27   |0.0475    |0.0417              |1.0000          |1.0891
26   |0.0465    |0.0417              |1.0000          |1.0882
31   |0.0004    |0.0500              |1.0000          |1.0504

Team Events (sorted, for dev use, diff check with others to ensure truly different schedules created):
------------------------------------------------------------
0, 109, 161, 178, 224, 293
1, 101, 146, 208, 277, 318
2, 100, 156, 189, 241, 302
3, 97, 143, 183, 235, 301
4, 98, 145, 191, 240, 298
5, 94, 149, 205, 249, 287
6, 96, 152, 187, 228, 292
7, 103, 154, 211, 254, 310
8, 102, 153, 175, 244, 294
9, 123, 163, 174, 223, 283
10, 124, 157, 192, 247, 308
11, 122, 165, 190, 258, 316
12, 119, 155, 207, 276, 324
13, 120, 162, 195, 236, 279
14, 115, 164, 203, 253, 303
15, 118, 158, 182, 255, 322
16, 121, 150, 198, 262, 309
17, 127, 160, 194, 268, 305
19, 72, 138, 202, 220, 275
20, 59, 151, 200, 250, 304
21, 84, 142, 196, 231, 273
22, 61, 159, 171, 215, 274
23, 55, 148, 219, 272, 317
24, 56, 147, 204, 256, 300
25, 78, 130, 206, 226, 270
26, 76, 144, 214, 267, 306
27, 63, 90, 217, 261, 296
28, 95, 110, 218, 263, 284
29, 67, 99, 210, 257, 295
30, 54, 91, 197, 233, 281
31, 88, 108, 221, 265, 285
32, 57, 86, 209, 259, 299
33, 71, 87, 213, 229, 271
34, 58, 89, 173, 216, 280
35, 60, 93, 179, 222, 290
36, 64, 114, 184, 269, 320
37, 70, 111, 188, 230, 289
38, 62, 104, 201, 243, 282
39, 75, 125, 166, 225, 278
40, 73, 112, 185, 245, 291
41, 66, 113, 186, 248, 313
42, 69, 105, 212, 264, 311
43, 65, 116, 177, 237, 286
44, 68, 117, 199, 252, 288
45, 80, 140, 170, 242, 314
46, 81, 135, 169, 251, 325
47, 82, 136, 180, 260, 323
48, 83, 141, 168, 234, 297
49, 77, 131, 176, 246, 321
50, 85, 134, 181, 238, 312
51, 74, 126, 172, 239, 315
52, 79, 137, 193, 266, 319
53, 92, 139, 167, 232, 307
