FLL Scheduler GA Summary Report (ID: 2132118885696 | Hash: 3466714329691362588)

Attributes:
--------------------
rank: 0
origin: (C | KPoint(k=3))
mutations: 0
clones: 0
_hash: 3466714329691362588
Length: 318

Fitness:
--------------------------
BreakTime           : 0.31062795876048954
LocationConsistency : 0.0
OpponentVariety     : 0.8754111684107535
-----------------------------------
Total               : 1.186039127171243
Percentage          : 39.53%

Per-Objective Statistics (Team Distribution):
-----------------------------------------------------------------
Objective                 | Min      | Max      | Avg      | Range   
-----------------------------------------------------------------
BreakTime                 | 0.0004   | 0.9193   | 0.5394   | 0.9189  
LocationConsistency       | 0.0417   | 0.9500   | 0.2642   | 0.9083  
OpponentVariety           | 0.7527   | 1.0000   | 0.9953   | 0.2473  

Team fitnesses (sorted by total fitness descending):
----------------------------------------------------
Max     : 2.463287
Min     : 1.019778
Range   : 1.443508
Average : 1.798867

Team |BreakTime |LocationConsistency |OpponentVariety |Sum
------------------------------------------------------------
33   |0.5133    |0.9500              |1.0000          |2.4633
52   |0.8630    |0.5250              |1.0000          |2.3880
40   |0.6732    |0.6417              |1.0000          |2.3148
46   |0.9139    |0.3500              |1.0000          |2.2639
5    |0.6216    |0.6417              |1.0000          |2.2633
16   |0.6158    |0.6417              |1.0000          |2.2575
51   |0.9193    |0.2667              |1.0000          |2.1860
48   |0.8865    |0.2667              |1.0000          |2.1531
53   |0.7914    |0.2667              |1.0000          |2.0581
37   |0.6273    |0.3667              |1.0000          |1.9939
7    |0.6329    |0.3500              |1.0000          |1.9829
22   |0.6013    |0.3667              |1.0000          |1.9680
50   |0.9185    |0.0417              |1.0000          |1.9602
38   |0.6044    |0.3500              |1.0000          |1.9544
42   |0.6764    |0.2667              |1.0000          |1.9431
45   |0.8925    |0.0417              |1.0000          |1.9342
36   |0.6673    |0.2667              |1.0000          |1.9339
44   |0.6637    |0.2667              |1.0000          |1.9304
47   |0.8793    |0.0500              |1.0000          |1.9293
30   |0.5515    |0.3667              |1.0000          |1.9181
49   |0.8672    |0.0500              |1.0000          |1.9172
1    |0.6485    |0.2667              |1.0000          |1.9152
8    |0.5640    |0.3500              |1.0000          |1.9140
43   |0.6257    |0.2667              |1.0000          |1.8923
3    |0.6005    |0.2667              |1.0000          |1.8672
39   |0.5936    |0.2667              |1.0000          |1.8603
13   |0.5920    |0.2667              |1.0000          |1.8586
6    |0.5895    |0.2667              |1.0000          |1.8562
24   |0.4972    |0.3500              |1.0000          |1.8472
11   |0.5758    |0.2667              |1.0000          |1.8424
9    |0.5719    |0.2667              |1.0000          |1.8385
31   |0.5616    |0.2667              |1.0000          |1.8282
19   |0.5397    |0.2667              |1.0000          |1.8064
20   |0.5082    |0.2667              |1.0000          |1.7749
35   |0.5002    |0.2667              |1.0000          |1.7669
34   |0.0004    |0.6417              |1.0000          |1.6421
12   |0.5901    |0.0417              |1.0000          |1.6318
41   |0.5809    |0.0500              |1.0000          |1.6309
10   |0.5556    |0.0667              |1.0000          |1.6223
2    |0.5774    |0.0417              |1.0000          |1.6190
17   |0.5619    |0.0417              |1.0000          |1.6036
4    |0.5474    |0.0500              |1.0000          |1.5974
14   |0.5543    |0.0417              |1.0000          |1.5960
18   |0.5389    |0.0500              |1.0000          |1.5889
15   |0.5379    |0.0500              |1.0000          |1.5879
23   |0.0465    |0.3500              |1.0000          |1.3965
32   |0.0004    |0.3667              |1.0000          |1.3671
27   |0.0488    |0.2667              |1.0000          |1.3154
21   |0.0004    |0.2667              |1.0000          |1.2671
28   |0.0475    |0.0500              |1.0000          |1.0975
25   |0.0454    |0.0500              |1.0000          |1.0954
29   |0.0045    |0.0750              |1.0000          |1.0795
26   |0.0004    |0.2667              |0.7527          |1.0198

Team Events (sorted, for dev use, diff check with others to ensure truly different schedules created):
------------------------------------------------------------
0, 104, 163, 177, 224, 286
1, 103, 153, 208, 261, 310
2, 96, 154, 187, 226, 287
3, 94, 148, 205, 249, 293
4, 101, 151, 189, 242, 303
5, 97, 143, 183, 232, 300
6, 102, 155, 180, 244, 294
7, 100, 147, 211, 277, 325
8, 98, 144, 191, 243, 298
9, 118, 150, 192, 247, 309
10, 132, 162, 194, 262, 304
11, 122, 165, 190, 255, 316
12, 123, 160, 181, 223, 280
13, 120, 161, 195, 231, 284
14, 121, 157, 198, 268, 308
15, 124, 158, 182, 260, 321
16, 113, 164, 203, 253, 302
17, 125, 152, 212, 276, 319
18, 56, 156, 200, 250, 305
19, 59, 146, 204, 258, 301
20, 72, 138, 202, 220, 273
22, 55, 159, 170, 215, 272
23, 70, 145, 214, 267, 307
24, 60, 149, 218, 274, 317
25, 79, 142, 196, 236, 275
26, 85, 129, 213, 228, 271
27, 64, 99, 209, 259, 295
28, 68, 91, 216, 257, 296
29, 77, 93, 206, 227, 270
30, 54, 86, 176, 222, 289
31, 57, 88, 172, 217, 283
32, 89, 105, 221, 265, 278
33, 61, 90, 197, 234, 282
34, 95, 117, 219, 269, 279
35, 58, 92, 210, 254, 299
36, 67, 110, 178, 230, 292
37, 76, 116, 188, 237, 290
38, 63, 107, 207, 264, 311
39, 62, 111, 199, 252, 291
40, 65, 114, 186, 248, 313
41, 69, 106, 201, 240, 281
42, 66, 112, 184, 263, 323
43, 73, 115, 185, 245, 288
44, 74, 119, 167, 225, 285
45, 71, 128, 179, 246, 322
46, 81, 140, 171, 241, 315
47, 83, 141, 168, 233, 297
48, 87, 139, 166, 235, 306
49, 82, 137, 175, 256, 320
50, 80, 135, 169, 251, 318
51, 75, 133, 173, 239, 314
52, 78, 134, 174, 238, 312
53, 84, 136, 193, 266, 324
