FLL Scheduler GA Summary Report (ID: 2132126144032 | Hash: 163066552494867222)

Attributes:
--------------------
rank: 0
origin: (C | RoundTypeCrossover)
mutations: 0
clones: 0
_hash: 163066552494867222
Length: 318

Fitness:
--------------------------
BreakTime           : 0.31062795876048954
LocationConsistency : 0.0
OpponentVariety     : 0.8754111684107535
-----------------------------------
Total               : 1.186039127171243
Percentage          : 39.53%

Per-Objective Statistics (Team Distribution):
-----------------------------------------------------------------
Objective                 | Min      | Max      | Avg      | Range   
-----------------------------------------------------------------
BreakTime                 | 0.0004   | 0.9193   | 0.5394   | 0.9189  
LocationConsistency       | 0.0417   | 0.9500   | 0.2582   | 0.9083  
OpponentVariety           | 0.7527   | 1.0000   | 0.9953   | 0.2473  

Team fitnesses (sorted by total fitness descending):
----------------------------------------------------
Max     : 2.463287
Min     : 1.115421
Range   : 1.347866
Average : 1.792892

Team |BreakTime |LocationConsistency |OpponentVariety |Sum
------------------------------------------------------------
33   |0.5133    |0.9500              |1.0000          |2.4633
43   |0.6257    |0.6417              |1.0000          |2.2673
38   |0.6044    |0.6417              |1.0000          |2.2460
3    |0.6005    |0.6417              |1.0000          |2.2422
46   |0.9139    |0.2667              |1.0000          |2.1805
48   |0.8865    |0.2667              |1.0000          |2.1531
49   |0.8672    |0.2667              |1.0000          |2.1338
52   |0.8630    |0.2667              |1.0000          |2.1297
4    |0.5474    |0.5250              |1.0000          |2.0724
40   |0.6732    |0.3500              |1.0000          |2.0232
37   |0.6273    |0.3500              |1.0000          |1.9773
50   |0.9185    |0.0500              |1.0000          |1.9685
23   |0.6013    |0.3667              |1.0000          |1.9680
51   |0.9193    |0.0417              |1.0000          |1.9610
45   |0.8925    |0.0667              |1.0000          |1.9592
42   |0.6764    |0.2667              |1.0000          |1.9431
9    |0.5719    |0.3667              |1.0000          |1.9385
36   |0.6673    |0.2667              |1.0000          |1.9339
41   |0.5809    |0.3500              |1.0000          |1.9309
47   |0.8793    |0.0500              |1.0000          |1.9293
10   |0.5556    |0.3667              |1.0000          |1.9223
19   |0.5397    |0.3500              |1.0000          |1.8897
6    |0.5895    |0.2667              |1.0000          |1.8562
15   |0.5758    |0.2667              |1.0000          |1.8424
53   |0.7914    |0.0500              |1.0000          |1.8414
17   |0.5619    |0.2667              |1.0000          |1.8286
32   |0.5616    |0.2667              |1.0000          |1.8282
14   |0.5543    |0.2667              |1.0000          |1.8210
31   |0.5515    |0.2667              |1.0000          |1.8181
11   |0.5379    |0.2667              |1.0000          |1.8046
7    |0.6329    |0.0750              |1.0000          |1.7079
44   |0.6637    |0.0417              |1.0000          |1.7054
26   |0.0004    |0.9500              |0.7527          |1.7031
1    |0.6485    |0.0417              |1.0000          |1.6902
24   |0.0465    |0.6417              |1.0000          |1.6882
5    |0.6216    |0.0500              |1.0000          |1.6716
13   |0.5920    |0.0667              |1.0000          |1.6586
16   |0.6158    |0.0417              |1.0000          |1.6575
39   |0.5936    |0.0417              |1.0000          |1.6353
12   |0.5901    |0.0417              |1.0000          |1.6318
2    |0.5774    |0.0417              |1.0000          |1.6190
8    |0.5640    |0.0417              |1.0000          |1.6057
18   |0.5389    |0.0500              |1.0000          |1.5889
20   |0.5082    |0.0667              |1.0000          |1.5749
25   |0.4972    |0.0750              |1.0000          |1.5722
27   |0.5002    |0.0417              |1.0000          |1.5419
30   |0.0004    |0.3500              |1.0000          |1.3504
29   |0.0475    |0.2667              |1.0000          |1.3141
22   |0.0454    |0.2667              |1.0000          |1.3121
35   |0.0045    |0.2667              |1.0000          |1.2711
21   |0.0004    |0.2667              |1.0000          |1.2671
28   |0.0004    |0.2667              |1.0000          |1.2671
34   |0.0488    |0.0667              |1.0000          |1.1154

Team Events (sorted, for dev use, diff check with others to ensure truly different schedules created):
------------------------------------------------------------
0, 109, 163, 178, 224, 286
1, 105, 154, 211, 261, 310
2, 98, 153, 185, 226, 287
3, 101, 149, 205, 249, 293
4, 94, 156, 183, 243, 303
5, 99, 142, 188, 235, 295
6, 104, 152, 175, 245, 301
7, 95, 146, 208, 277, 318
8, 97, 145, 191, 242, 297
9, 125, 157, 192, 247, 309
10, 122, 150, 198, 263, 308
11, 121, 165, 190, 255, 316
12, 120, 160, 174, 223, 283
13, 123, 161, 195, 236, 279
14, 132, 162, 194, 269, 305
15, 119, 158, 189, 260, 322
16, 113, 164, 203, 252, 302
17, 118, 155, 207, 276, 324
18, 56, 151, 200, 250, 304
19, 59, 147, 204, 258, 294
20, 73, 138, 202, 220, 272
21, 78, 143, 196, 231, 275
22, 55, 159, 168, 215, 273
23, 70, 144, 214, 264, 307
24, 60, 148, 218, 274, 317
26, 84, 126, 206, 228, 270
27, 58, 87, 209, 254, 296
28, 100, 111, 219, 262, 284
29, 68, 88, 216, 257, 298
30, 90, 108, 221, 266, 285
31, 54, 93, 179, 222, 289
32, 57, 91, 166, 217, 280
33, 61, 89, 197, 233, 281
34, 64, 96, 210, 259, 300
35, 77, 86, 213, 227, 271
36, 67, 117, 177, 237, 292
37, 76, 110, 182, 230, 290
38, 63, 107, 212, 267, 311
39, 62, 116, 199, 253, 291
40, 65, 115, 184, 248, 313
41, 69, 106, 201, 241, 282
42, 66, 112, 187, 268, 320
43, 72, 114, 186, 244, 288
44, 74, 124, 173, 225, 278
45, 71, 127, 176, 246, 321
46, 83, 140, 169, 240, 315
47, 81, 141, 170, 234, 299
48, 92, 139, 172, 232, 306
49, 80, 137, 180, 256, 323
50, 82, 135, 171, 251, 325
51, 75, 133, 167, 238, 314
52, 79, 134, 181, 239, 312
53, 85, 136, 193, 265, 319
