FLL Scheduler GA Summary Report (ID: 2132111942128 | Hash: -8343172431294111308)

Attributes:
--------------------
rank: 0
origin: (C | KPoint(k=3))
mutations: 1
clones: 1
_hash: -8343172431294111308
Length: 318

Fitness:
--------------------------
BreakTime           : 0.31062795876048954
LocationConsistency : 0.0
OpponentVariety     : 0.8754111684107535
-----------------------------------
Total               : 1.186039127171243
Percentage          : 39.53%

Per-Objective Statistics (Team Distribution):
-----------------------------------------------------------------
Objective                 | Min      | Max      | Avg      | Range   
-----------------------------------------------------------------
BreakTime                 | 0.0004   | 0.9193   | 0.5394   | 0.9189  
LocationConsistency       | 0.0417   | 0.6417   | 0.2190   | 0.6000  
OpponentVariety           | 0.7527   | 1.0000   | 0.9953   | 0.2473  

Team fitnesses (sorted by total fitness descending):
----------------------------------------------------
Max     : 2.560979
Min     : 1.019778
Range   : 1.541201
Average : 1.753741

Team |BreakTime |LocationConsistency |OpponentVariety |Sum
------------------------------------------------------------
47   |0.9193    |0.6417              |1.0000          |2.5610
49   |0.8630    |0.6417              |1.0000          |2.5047
17   |0.5619    |0.6417              |1.0000          |2.2036
45   |0.9185    |0.2667              |1.0000          |2.1852
52   |0.8925    |0.2667              |1.0000          |2.1592
46   |0.8865    |0.2667              |1.0000          |2.1531
53   |0.8672    |0.2667              |1.0000          |2.1338
50   |0.7914    |0.2667              |1.0000          |2.0581
42   |0.6764    |0.3500              |1.0000          |2.0264
51   |0.9139    |0.0500              |1.0000          |1.9639
40   |0.6732    |0.2667              |1.0000          |1.9398
38   |0.6673    |0.2667              |1.0000          |1.9339
41   |0.5809    |0.3500              |1.0000          |1.9309
43   |0.6637    |0.2667              |1.0000          |1.9304
48   |0.8793    |0.0417              |1.0000          |1.9210
14   |0.5543    |0.3500              |1.0000          |1.9043
44   |0.6257    |0.2667              |1.0000          |1.8923
19   |0.5397    |0.3500              |1.0000          |1.8897
5    |0.6216    |0.2667              |1.0000          |1.8883
11   |0.5379    |0.3500              |1.0000          |1.8879
15   |0.5758    |0.2667              |1.0000          |1.8424
9    |0.5719    |0.2667              |1.0000          |1.8385
4    |0.5640    |0.2667              |1.0000          |1.8307
34   |0.5616    |0.2667              |1.0000          |1.8282
28   |0.5133    |0.2667              |1.0000          |1.7800
31   |0.5002    |0.2667              |1.0000          |1.7669
7    |0.6485    |0.0667              |1.0000          |1.7152
37   |0.6273    |0.0500              |1.0000          |1.6773
2    |0.6329    |0.0417              |1.0000          |1.6745
8    |0.5895    |0.0750              |1.0000          |1.6645
39   |0.5936    |0.0667              |1.0000          |1.6603
12   |0.5920    |0.0667              |1.0000          |1.6586
10   |0.6158    |0.0417              |1.0000          |1.6575
36   |0.6044    |0.0500              |1.0000          |1.6544
22   |0.6013    |0.0500              |1.0000          |1.6513
6    |0.6005    |0.0500              |1.0000          |1.6505
33   |0.0045    |0.6417              |1.0000          |1.6461
13   |0.5901    |0.0417              |1.0000          |1.6318
16   |0.5556    |0.0667              |1.0000          |1.6223
1    |0.5774    |0.0417              |1.0000          |1.6190
35   |0.5515    |0.0667              |1.0000          |1.6181
18   |0.5389    |0.0750              |1.0000          |1.6139
3    |0.5474    |0.0417              |1.0000          |1.5891
21   |0.5082    |0.0500              |1.0000          |1.5582
23   |0.4972    |0.0417              |1.0000          |1.5389
32   |0.0475    |0.3500              |1.0000          |1.3975
20   |0.0465    |0.3500              |1.0000          |1.3965
24   |0.0454    |0.3500              |1.0000          |1.3954
25   |0.0004    |0.2667              |1.0000          |1.2671
30   |0.0004    |0.2667              |1.0000          |1.2671
29   |0.0488    |0.0500              |1.0000          |1.0988
27   |0.0004    |0.0500              |1.0000          |1.0504
26   |0.0004    |0.2667              |0.7527          |1.0198

Team Events (sorted, for dev use, diff check with others to ensure truly different schedules created):
------------------------------------------------------------
0, 103, 154, 208, 260, 310
1, 102, 152, 175, 244, 301
2, 94, 149, 199, 249, 292
3, 100, 147, 211, 277, 318
4, 101, 151, 188, 241, 303
5, 96, 153, 186, 226, 287
6, 105, 161, 178, 224, 286
7, 97, 145, 183, 232, 295
8, 98, 144, 191, 240, 297
9, 124, 159, 182, 261, 322
10, 121, 157, 205, 268, 308
11, 122, 162, 174, 223, 283
12, 123, 165, 190, 255, 316
13, 120, 163, 195, 231, 279
14, 132, 160, 194, 262, 304
15, 118, 150, 192, 247, 309
16, 113, 164, 201, 252, 302
17, 125, 155, 212, 276, 324
18, 57, 156, 202, 250, 305
19, 77, 142, 214, 267, 307
20, 59, 146, 198, 256, 294
21, 60, 158, 170, 215, 274
22, 55, 148, 218, 272, 317
24, 84, 143, 196, 236, 273
25, 72, 138, 200, 220, 275
26, 78, 129, 213, 228, 270
27, 90, 104, 221, 265, 285
28, 54, 89, 197, 234, 281
29, 64, 99, 209, 257, 300
30, 95, 117, 219, 269, 284
31, 58, 87, 210, 254, 296
32, 69, 88, 216, 259, 299
33, 71, 86, 206, 227, 271
34, 56, 91, 172, 217, 280
35, 61, 93, 179, 222, 289
36, 62, 107, 207, 264, 311
37, 70, 116, 189, 237, 290
38, 67, 110, 177, 230, 293
39, 63, 111, 204, 253, 291
40, 65, 114, 187, 248, 313
41, 68, 106, 203, 243, 282
42, 66, 112, 184, 263, 320
43, 75, 119, 167, 225, 278
44, 73, 115, 185, 245, 288
45, 81, 135, 169, 251, 325
46, 92, 139, 166, 235, 306
47, 74, 133, 173, 239, 314
48, 83, 141, 168, 233, 298
49, 85, 134, 181, 238, 312
50, 79, 136, 193, 266, 319
51, 80, 140, 171, 242, 315
52, 76, 128, 176, 246, 321
53, 82, 137, 180, 258, 323
