FLL Scheduler GA Summary Report (ID: 2132037130432 | Hash: -8368084956329538681)

Attributes:
--------------------
rank: 0
origin: (C | TimeSlotCrossover)
mutations: 0
clones: 0
_hash: -8368084956329538681
Length: 318

Fitness:
--------------------------
BreakTime           : 0.31062795876048954
LocationConsistency : 0.0
OpponentVariety     : 0.8754111684107535
-----------------------------------
Total               : 1.186039127171243
Percentage          : 39.53%

Per-Objective Statistics (Team Distribution):
-----------------------------------------------------------------
Objective                 | Min      | Max      | Avg      | Range   
-----------------------------------------------------------------
BreakTime                 | 0.0004   | 0.9193   | 0.5394   | 0.9189  
LocationConsistency       | 0.0417   | 0.9500   | 0.2278   | 0.9083  
OpponentVariety           | 0.7527   | 1.0000   | 0.9953   | 0.2473  

Team fitnesses (sorted by total fitness descending):
----------------------------------------------------
Max     : 2.554359
Min     : 0.803112
Range   : 1.751248
Average : 1.762546

Team |BreakTime |LocationConsistency |OpponentVariety |Sum
------------------------------------------------------------
37   |0.6044    |0.9500              |1.0000          |2.5544
53   |0.9139    |0.3500              |1.0000          |2.2639
13   |0.6158    |0.6417              |1.0000          |2.2575
48   |0.8793    |0.3500              |1.0000          |2.2293
16   |0.5379    |0.6417              |1.0000          |2.1796
49   |0.8925    |0.2667              |1.0000          |2.1592
45   |0.8865    |0.2667              |1.0000          |2.1531
46   |0.7914    |0.2667              |1.0000          |2.0581
42   |0.6764    |0.3500              |1.0000          |2.0264
40   |0.6732    |0.3500              |1.0000          |2.0232
4    |0.6329    |0.3500              |1.0000          |1.9829
51   |0.9193    |0.0500              |1.0000          |1.9693
52   |0.9185    |0.0417              |1.0000          |1.9602
12   |0.5901    |0.3500              |1.0000          |1.9401
41   |0.6637    |0.2667              |1.0000          |1.9304
9    |0.6485    |0.2667              |1.0000          |1.9152
50   |0.8630    |0.0500              |1.0000          |1.9130
47   |0.8672    |0.0417              |1.0000          |1.9088
38   |0.6273    |0.2667              |1.0000          |1.8939
23   |0.5397    |0.3500              |1.0000          |1.8897
7    |0.6216    |0.2667              |1.0000          |1.8883
43   |0.5936    |0.2667              |1.0000          |1.8603
10   |0.5920    |0.2667              |1.0000          |1.8586
44   |0.5809    |0.2667              |1.0000          |1.8476
2    |0.5774    |0.2667              |1.0000          |1.8440
34   |0.5616    |0.2667              |1.0000          |1.8282
11   |0.5556    |0.2667              |1.0000          |1.8223
35   |0.5515    |0.2667              |1.0000          |1.8181
30   |0.5133    |0.2667              |1.0000          |1.7800
21   |0.5082    |0.2667              |1.0000          |1.7749
36   |0.6673    |0.0417              |1.0000          |1.7089
39   |0.6257    |0.0750              |1.0000          |1.7007
25   |0.0465    |0.6417              |1.0000          |1.6882
24   |0.6013    |0.0750              |1.0000          |1.6763
5    |0.5719    |0.0750              |1.0000          |1.6469
1    |0.6005    |0.0417              |1.0000          |1.6422
19   |0.0004    |0.6417              |1.0000          |1.6421
6    |0.5895    |0.0500              |1.0000          |1.6395
18   |0.5758    |0.0500              |1.0000          |1.6258
3    |0.5474    |0.0750              |1.0000          |1.6224
8    |0.5640    |0.0417              |1.0000          |1.6057
15   |0.5543    |0.0500              |1.0000          |1.6043
17   |0.5619    |0.0417              |1.0000          |1.6036
14   |0.5389    |0.0500              |1.0000          |1.5889
32   |0.5002    |0.0500              |1.0000          |1.5502
26   |0.4972    |0.0417              |1.0000          |1.5389
27   |0.0475    |0.3500              |1.0000          |1.3975
20   |0.0454    |0.2667              |1.0000          |1.3121
29   |0.0488    |0.0667              |1.0000          |1.1154
28   |0.0004    |0.0750              |1.0000          |1.0754
33   |0.0045    |0.0500              |1.0000          |1.0545
31   |0.0004    |0.0417              |1.0000          |1.0421
22   |0.0004    |0.0500              |0.7527          |0.8031

Team Events (sorted, for dev use, diff check with others to ensure truly different schedules created):
------------------------------------------------------------
0, 97, 155, 186, 228, 286
1, 108, 153, 211, 260, 317
2, 94, 142, 205, 250, 293
3, 109, 154, 175, 239, 301
4, 98, 146, 196, 240, 296
5, 96, 148, 183, 233, 295
6, 101, 156, 188, 241, 303
7, 100, 145, 208, 277, 318
8, 103, 161, 178, 224, 287
9, 121, 163, 174, 223, 283
10, 118, 157, 195, 247, 309
11, 120, 165, 197, 255, 311
12, 122, 158, 182, 261, 322
13, 123, 152, 207, 276, 324
14, 125, 162, 192, 231, 279
15, 124, 150, 198, 269, 308
16, 113, 164, 203, 253, 302
17, 132, 160, 193, 263, 305
19, 75, 138, 202, 221, 275
20, 78, 149, 191, 237, 273
21, 58, 144, 204, 256, 294
22, 85, 131, 206, 226, 270
23, 57, 151, 200, 249, 304
24, 55, 159, 170, 214, 274
25, 71, 147, 215, 264, 307
26, 61, 143, 217, 272, 310
27, 62, 91, 219, 259, 298
28, 95, 111, 216, 268, 284
29, 67, 99, 210, 257, 300
30, 60, 90, 190, 234, 281
31, 88, 102, 220, 266, 285
32, 59, 87, 209, 254, 297
33, 76, 86, 213, 229, 271
34, 56, 89, 173, 218, 280
35, 54, 93, 179, 222, 288
36, 64, 117, 177, 230, 292
37, 68, 107, 212, 267, 316
38, 77, 110, 189, 236, 290
39, 74, 114, 185, 238, 289
40, 66, 115, 187, 251, 312
41, 72, 119, 167, 225, 278
42, 65, 112, 184, 262, 320
43, 69, 116, 199, 252, 291
44, 63, 106, 201, 243, 282
45, 92, 139, 166, 235, 306
46, 84, 137, 194, 265, 319
47, 81, 136, 180, 258, 323
48, 80, 140, 168, 232, 299
49, 70, 130, 176, 246, 321
50, 79, 134, 181, 245, 313
51, 73, 133, 172, 244, 315
52, 82, 135, 169, 248, 325
53, 83, 141, 171, 242, 314
