FLL Scheduler GA Summary Report (ID: 2132118883568 | Hash: -2281562722042312167)

Attributes:
--------------------
rank: 0
origin: (C | KPoint(k=1))
mutations: 0
clones: 0
_hash: -2281562722042312167
Length: 318

Fitness:
--------------------------
BreakTime           : 0.31062795876048954
LocationConsistency : 0.0
OpponentVariety     : 0.8754111684107535
-----------------------------------
Total               : 1.186039127171243
Percentage          : 39.53%

Per-Objective Statistics (Team Distribution):
-----------------------------------------------------------------
Objective                 | Min      | Max      | Avg      | Range   
-----------------------------------------------------------------
BreakTime                 | 0.0004   | 0.9193   | 0.5394   | 0.9189  
LocationConsistency       | 0.0417   | 0.9500   | 0.2316   | 0.9083  
OpponentVariety           | 0.7527   | 1.0000   | 0.9953   | 0.2473  

Team fitnesses (sorted by total fitness descending):
----------------------------------------------------
Max     : 2.741434
Min     : 0.794778
Range   : 1.946655
Average : 1.766320

Team |BreakTime |LocationConsistency |OpponentVariety |Sum
------------------------------------------------------------
52   |0.7914    |0.9500              |1.0000          |2.7414
51   |0.8672    |0.6417              |1.0000          |2.5088
48   |0.8630    |0.6417              |1.0000          |2.5047
41   |0.6257    |0.6417              |1.0000          |2.2673
50   |0.8793    |0.3500              |1.0000          |2.2293
15   |0.5619    |0.6417              |1.0000          |2.2036
47   |0.9193    |0.2667              |1.0000          |2.1860
46   |0.9185    |0.2667              |1.0000          |2.1852
53   |0.8925    |0.2667              |1.0000          |2.1592
40   |0.6732    |0.3667              |1.0000          |2.0398
42   |0.6673    |0.3500              |1.0000          |2.0173
23   |0.6013    |0.3667              |1.0000          |1.9680
49   |0.9139    |0.0417              |1.0000          |1.9555
8    |0.6005    |0.3500              |1.0000          |1.9505
45   |0.8865    |0.0417              |1.0000          |1.9281
5    |0.6329    |0.2667              |1.0000          |1.8995
36   |0.6273    |0.2667              |1.0000          |1.8939
21   |0.5397    |0.3500              |1.0000          |1.8897
1    |0.6216    |0.2667              |1.0000          |1.8883
38   |0.6044    |0.2667              |1.0000          |1.8710
16   |0.5901    |0.2667              |1.0000          |1.8568
4    |0.5895    |0.2667              |1.0000          |1.8562
43   |0.5809    |0.2667              |1.0000          |1.8476
3    |0.5719    |0.2667              |1.0000          |1.8385
13   |0.5543    |0.2667              |1.0000          |1.8210
35   |0.5515    |0.2667              |1.0000          |1.8181
2    |0.5474    |0.2667              |1.0000          |1.8141
33   |0.5133    |0.2667              |1.0000          |1.7800
20   |0.5082    |0.2667              |1.0000          |1.7749
37   |0.6764    |0.0750              |1.0000          |1.7514
44   |0.6637    |0.0417              |1.0000          |1.7054
9    |0.6485    |0.0417              |1.0000          |1.6902
12   |0.6158    |0.0417              |1.0000          |1.6575
28   |0.5616    |0.0750              |1.0000          |1.6366
39   |0.5936    |0.0417              |1.0000          |1.6353
14   |0.5920    |0.0417              |1.0000          |1.6336
11   |0.5758    |0.0500              |1.0000          |1.6258
6    |0.5774    |0.0417              |1.0000          |1.6190
17   |0.5389    |0.0750              |1.0000          |1.6139
7    |0.5640    |0.0417              |1.0000          |1.6057
10   |0.5556    |0.0417              |1.0000          |1.5973
18   |0.5379    |0.0500              |1.0000          |1.5879
32   |0.5002    |0.0417              |1.0000          |1.5419
26   |0.4972    |0.0417              |1.0000          |1.5389
29   |0.0488    |0.3667              |1.0000          |1.4154
22   |0.0465    |0.3500              |1.0000          |1.3965
30   |0.0045    |0.2667              |1.0000          |1.2711
31   |0.0004    |0.2667              |1.0000          |1.2671
27   |0.0475    |0.0750              |1.0000          |1.1225
24   |0.0454    |0.0500              |1.0000          |1.0954
19   |0.0004    |0.0750              |1.0000          |1.0754
34   |0.0004    |0.0417              |1.0000          |1.0421
25   |0.0004    |0.0417              |0.7527          |0.7948

Team Events (sorted, for dev use, diff check with others to ensure truly different schedules created):
------------------------------------------------------------
0, 94, 157, 189, 242, 303
1, 100, 142, 205, 249, 292
2, 97, 146, 196, 243, 297
3, 99, 148, 182, 235, 295
4, 102, 153, 175, 238, 301
5, 103, 154, 209, 260, 310
6, 95, 144, 211, 277, 318
7, 98, 152, 186, 226, 287
8, 105, 163, 178, 224, 286
9, 118, 156, 195, 247, 309
10, 132, 162, 193, 262, 305
11, 124, 158, 183, 261, 322
12, 120, 161, 192, 236, 279
13, 122, 160, 174, 223, 283
14, 115, 164, 203, 252, 302
15, 123, 165, 197, 255, 316
16, 125, 155, 212, 276, 324
17, 121, 151, 198, 268, 308
18, 72, 136, 202, 214, 274
19, 56, 145, 204, 256, 294
20, 58, 150, 200, 250, 304
21, 70, 147, 220, 267, 307
22, 55, 159, 167, 221, 275
24, 84, 149, 191, 231, 273
25, 78, 129, 213, 228, 271
26, 60, 143, 217, 272, 317
27, 68, 88, 219, 259, 299
28, 59, 91, 169, 218, 281
29, 64, 96, 208, 257, 300
30, 77, 86, 207, 227, 270
31, 101, 110, 216, 269, 284
32, 57, 87, 210, 254, 296
33, 61, 89, 190, 233, 280
34, 90, 104, 215, 265, 285
35, 54, 93, 179, 222, 289
36, 76, 111, 188, 230, 290
37, 66, 114, 184, 263, 320
38, 63, 107, 206, 264, 311
39, 62, 116, 199, 253, 291
40, 65, 113, 187, 248, 313
41, 73, 112, 185, 239, 288
42, 67, 117, 177, 237, 293
43, 69, 106, 201, 240, 282
44, 74, 119, 172, 225, 278
45, 92, 137, 173, 232, 306
46, 81, 141, 170, 251, 325
47, 75, 133, 168, 245, 314
48, 85, 140, 181, 244, 312
49, 80, 135, 166, 241, 315
50, 83, 134, 171, 234, 298
51, 82, 139, 180, 258, 323
52, 79, 138, 194, 266, 319
53, 71, 128, 176, 246, 321
