FLL Scheduler GA Summary Report (ID: 2132111946720 | Hash: -5674193979778946394)

Attributes:
--------------------
rank: 0
origin: (C | RoundTypeCrossover)
mutations: 1
clones: 0
_hash: -5674193979778946394
Length: 318

Fitness:
--------------------------
BreakTime           : 0.31062795876048954
LocationConsistency : 0.0
OpponentVariety     : 0.8754111684107535
-----------------------------------
Total               : 1.186039127171243
Percentage          : 39.53%

Per-Objective Statistics (Team Distribution):
-----------------------------------------------------------------
Objective                 | Min      | Max      | Avg      | Range   
-----------------------------------------------------------------
BreakTime                 | 0.0004   | 0.9193   | 0.5394   | 0.9189  
LocationConsistency       | 0.0417   | 0.9500   | 0.2785   | 0.9083  
OpponentVariety           | 0.7527   | 1.0000   | 0.9953   | 0.2473  

Team fitnesses (sorted by total fitness descending):
----------------------------------------------------
Max     : 2.511573
Min     : 1.019778
Range   : 1.491795
Average : 1.813175

Team |BreakTime |LocationConsistency |OpponentVariety |Sum
------------------------------------------------------------
30   |0.5616    |0.9500              |1.0000          |2.5116
52   |0.7914    |0.6417              |1.0000          |2.4331
47   |0.9193    |0.3500              |1.0000          |2.2693
37   |0.6273    |0.6417              |1.0000          |2.2689
16   |0.6158    |0.6417              |1.0000          |2.2575
50   |0.8793    |0.3500              |1.0000          |2.2293
49   |0.8925    |0.2667              |1.0000          |2.1592
45   |0.8865    |0.2667              |1.0000          |2.1531
51   |0.8672    |0.2667              |1.0000          |2.1338
48   |0.8630    |0.2667              |1.0000          |2.1297
42   |0.6764    |0.3500              |1.0000          |2.0264
3    |0.6216    |0.3667              |1.0000          |1.9883
9    |0.6005    |0.3667              |1.0000          |1.9672
53   |0.9139    |0.0500              |1.0000          |1.9639
46   |0.9185    |0.0417              |1.0000          |1.9602
32   |0.0045    |0.9500              |1.0000          |1.9545
36   |0.6044    |0.3500              |1.0000          |1.9544
24   |0.6013    |0.3500              |1.0000          |1.9513
44   |0.6732    |0.2667              |1.0000          |1.9398
4    |0.5895    |0.3500              |1.0000          |1.9395
7    |0.5719    |0.3667              |1.0000          |1.9385
38   |0.6673    |0.2667              |1.0000          |1.9339
1    |0.6485    |0.2667              |1.0000          |1.9152
8    |0.6329    |0.2667              |1.0000          |1.8995
13   |0.5389    |0.3500              |1.0000          |1.8889
17   |0.5379    |0.3500              |1.0000          |1.8879
40   |0.5936    |0.2667              |1.0000          |1.8603
10   |0.5920    |0.2667              |1.0000          |1.8586
15   |0.5901    |0.2667              |1.0000          |1.8568
5    |0.5774    |0.2667              |1.0000          |1.8440
18   |0.5619    |0.2667              |1.0000          |1.8286
12   |0.5556    |0.2667              |1.0000          |1.8223
6    |0.5474    |0.2667              |1.0000          |1.8141
34   |0.5133    |0.2667              |1.0000          |1.7800
39   |0.6637    |0.0417              |1.0000          |1.7054
43   |0.6257    |0.0417              |1.0000          |1.6673
26   |0.0004    |0.6417              |1.0000          |1.6421
41   |0.5809    |0.0417              |1.0000          |1.6226
11   |0.5758    |0.0417              |1.0000          |1.6174
2    |0.5640    |0.0417              |1.0000          |1.6057
14   |0.5543    |0.0500              |1.0000          |1.6043
27   |0.5515    |0.0417              |1.0000          |1.5931
25   |0.5397    |0.0417              |1.0000          |1.5814
22   |0.4972    |0.0667              |1.0000          |1.5639
21   |0.5082    |0.0417              |1.0000          |1.5499
33   |0.5002    |0.0417              |1.0000          |1.5419
19   |0.0465    |0.3500              |1.0000          |1.3965
31   |0.0475    |0.2667              |1.0000          |1.3141
23   |0.0454    |0.2667              |1.0000          |1.3121
29   |0.0004    |0.2667              |1.0000          |1.2671
28   |0.0488    |0.0750              |1.0000          |1.1238
35   |0.0004    |0.0500              |1.0000          |1.0504
20   |0.0004    |0.2667              |0.7527          |1.0198

Team Events (sorted, for dev use, diff check with others to ensure truly different schedules created):
------------------------------------------------------------
0, 102, 161, 178, 224, 286
1, 100, 147, 210, 277, 318
2, 101, 157, 189, 242, 308
3, 98, 143, 183, 232, 295
4, 108, 153, 208, 260, 310
5, 95, 149, 205, 249, 292
6, 97, 145, 196, 243, 297
7, 109, 154, 175, 238, 301
8, 99, 155, 187, 229, 287
9, 121, 163, 174, 223, 283
10, 132, 160, 193, 269, 306
11, 118, 156, 195, 247, 302
12, 124, 152, 213, 276, 324
13, 123, 162, 192, 231, 279
14, 120, 165, 197, 255, 316
15, 125, 158, 182, 261, 322
16, 122, 150, 198, 263, 303
17, 113, 164, 203, 252, 309
18, 71, 144, 214, 264, 304
19, 78, 130, 212, 226, 271
20, 59, 146, 204, 256, 294
21, 60, 148, 218, 273, 317
22, 84, 142, 191, 236, 272
23, 54, 159, 167, 215, 274
25, 57, 151, 200, 250, 307
26, 75, 138, 202, 220, 275
27, 55, 93, 179, 222, 289
28, 64, 96, 209, 257, 300
29, 94, 117, 219, 262, 284
30, 56, 89, 169, 217, 280
31, 69, 91, 216, 259, 298
32, 76, 86, 206, 228, 270
33, 58, 87, 211, 254, 296
34, 61, 90, 190, 234, 281
35, 88, 103, 221, 266, 285
36, 63, 106, 207, 267, 311
37, 77, 116, 188, 237, 290
38, 67, 110, 177, 230, 293
39, 72, 119, 172, 225, 278
40, 62, 111, 199, 253, 291
41, 68, 107, 201, 240, 282
42, 66, 112, 184, 268, 320
43, 74, 115, 185, 239, 288
44, 65, 114, 186, 248, 315
45, 92, 139, 173, 235, 305
46, 81, 135, 170, 251, 325
47, 73, 133, 168, 245, 312
48, 85, 134, 181, 244, 314
49, 70, 131, 176, 246, 321
50, 83, 140, 171, 233, 299
51, 82, 136, 180, 258, 323
52, 79, 137, 194, 265, 319
53, 80, 141, 166, 241, 313
