FLL Scheduler GA Summary Report (ID: 2132118887936 | Hash: -8735184851298735861)

Attributes:
--------------------
rank: 0
origin: (C | KPoint(k=1))
mutations: 1
clones: 1
_hash: -8735184851298735861
Length: 318

Fitness:
--------------------------
BreakTime           : 0.31062795876048954
LocationConsistency : 0.0
OpponentVariety     : 0.8754111684107535
-----------------------------------
Total               : 1.186039127171243
Percentage          : 39.53%

Per-Objective Statistics (Team Distribution):
-----------------------------------------------------------------
Objective                 | Min      | Max      | Avg      | Range   
-----------------------------------------------------------------
BreakTime                 | 0.0004   | 0.9193   | 0.5394   | 0.9189  
LocationConsistency       | 0.0417   | 0.6417   | 0.2181   | 0.6000  
OpponentVariety           | 0.7527   | 1.0000   | 0.9953   | 0.2473  

Team fitnesses (sorted by total fitness descending):
----------------------------------------------------
Max     : 2.263852
Min     : 1.042085
Range   : 1.221766
Average : 1.752798

Team |BreakTime |LocationConsistency |OpponentVariety |Sum
------------------------------------------------------------
53   |0.9139    |0.3500              |1.0000          |2.2639
15   |0.6158    |0.6417              |1.0000          |2.2575
50   |0.8793    |0.3500              |1.0000          |2.2293
48   |0.8630    |0.3500              |1.0000          |2.2130
49   |0.8925    |0.2667              |1.0000          |2.1592
45   |0.8865    |0.2667              |1.0000          |2.1531
51   |0.8672    |0.2667              |1.0000          |2.1338
52   |0.7914    |0.2667              |1.0000          |2.0581
37   |0.6273    |0.3667              |1.0000          |1.9939
47   |0.9193    |0.0417              |1.0000          |1.9610
46   |0.9185    |0.0417              |1.0000          |1.9602
11   |0.5920    |0.3500              |1.0000          |1.9420
4    |0.5895    |0.3500              |1.0000          |1.9395
38   |0.6673    |0.2667              |1.0000          |1.9339
41   |0.5809    |0.3500              |1.0000          |1.9309
2    |0.5640    |0.3500              |1.0000          |1.9140
3    |0.6329    |0.2667              |1.0000          |1.8995
5    |0.6216    |0.2667              |1.0000          |1.8883
36   |0.6044    |0.2667              |1.0000          |1.8710
9    |0.6005    |0.2667              |1.0000          |1.8672
12   |0.5901    |0.2667              |1.0000          |1.8568
16   |0.5758    |0.2667              |1.0000          |1.8424
7    |0.5719    |0.2667              |1.0000          |1.8385
14   |0.5619    |0.2667              |1.0000          |1.8286
10   |0.5556    |0.2667              |1.0000          |1.8223
8    |0.5474    |0.2667              |1.0000          |1.8141
13   |0.5379    |0.2667              |1.0000          |1.8046
34   |0.5133    |0.2667              |1.0000          |1.7800
44   |0.6732    |0.0750              |1.0000          |1.7482
42   |0.6764    |0.0667              |1.0000          |1.7431
39   |0.6637    |0.0417              |1.0000          |1.7054
43   |0.6257    |0.0750              |1.0000          |1.7007
1    |0.6485    |0.0417              |1.0000          |1.6902
20   |0.0465    |0.6417              |1.0000          |1.6882
25   |0.6013    |0.0417              |1.0000          |1.6430
28   |0.0004    |0.6417              |1.0000          |1.6421
40   |0.5936    |0.0417              |1.0000          |1.6353
6    |0.5774    |0.0417              |1.0000          |1.6190
35   |0.5616    |0.0417              |1.0000          |1.6032
18   |0.5543    |0.0417              |1.0000          |1.5960
30   |0.5515    |0.0417              |1.0000          |1.5931
24   |0.5397    |0.0500              |1.0000          |1.5897
17   |0.5389    |0.0500              |1.0000          |1.5889
26   |0.4972    |0.0667              |1.0000          |1.5639
32   |0.5002    |0.0500              |1.0000          |1.5502
22   |0.5082    |0.0417              |1.0000          |1.5499
27   |0.0475    |0.3500              |1.0000          |1.3975
21   |0.0454    |0.2667              |1.0000          |1.3121
19   |0.0004    |0.2667              |1.0000          |1.2671
23   |0.0004    |0.3500              |0.7527          |1.1031
29   |0.0488    |0.0417              |1.0000          |1.0904
33   |0.0045    |0.0750              |1.0000          |1.0795
31   |0.0004    |0.0417              |1.0000          |1.0421

Team Events (sorted, for dev use, diff check with others to ensure truly different schedules created):
------------------------------------------------------------
0, 109, 161, 178, 224, 287
1, 101, 147, 208, 277, 325
2, 102, 154, 174, 239, 301
3, 97, 143, 183, 235, 295
4, 100, 157, 189, 243, 303
5, 103, 152, 211, 261, 310
6, 98, 145, 196, 242, 296
7, 94, 149, 205, 250, 292
8, 96, 155, 187, 228, 286
9, 119, 156, 195, 247, 309
10, 120, 163, 175, 223, 280
11, 121, 165, 197, 255, 316
12, 122, 151, 198, 263, 308
13, 115, 164, 203, 248, 302
14, 124, 158, 182, 260, 321
15, 127, 160, 192, 269, 305
16, 125, 153, 207, 276, 319
17, 123, 162, 193, 237, 284
18, 73, 139, 202, 214, 275
19, 77, 144, 221, 264, 307
20, 84, 142, 191, 230, 273
21, 59, 146, 204, 256, 294
22, 78, 129, 206, 226, 270
23, 57, 150, 200, 253, 304
24, 54, 159, 169, 220, 274
25, 60, 148, 217, 272, 317
27, 69, 91, 219, 258, 298
28, 95, 110, 216, 262, 279
29, 64, 99, 210, 257, 300
30, 55, 93, 179, 222, 288
31, 88, 108, 215, 266, 278
32, 58, 87, 209, 254, 297
33, 70, 86, 213, 229, 271
34, 61, 90, 190, 232, 282
35, 56, 89, 166, 218, 283
36, 63, 104, 212, 267, 311
37, 71, 111, 188, 231, 290
38, 67, 116, 177, 236, 293
39, 75, 118, 172, 225, 285
40, 62, 117, 199, 249, 291
41, 68, 105, 201, 240, 281
42, 66, 114, 184, 268, 323
43, 72, 112, 185, 238, 289
44, 65, 113, 186, 251, 315
45, 92, 138, 173, 233, 306
46, 81, 135, 170, 252, 318
47, 74, 126, 167, 244, 312
48, 85, 134, 181, 245, 314
49, 76, 128, 176, 246, 322
50, 83, 141, 171, 234, 299
51, 82, 136, 180, 259, 320
52, 79, 137, 194, 265, 324
53, 80, 140, 168, 241, 313
