FLL Scheduler GA Summary Report (ID: 2132111948736 | Hash: 2622597400703538646)

Attributes:
--------------------
rank: 0
origin: (C | TimeSlotCrossover)
mutations: 0
clones: 0
_hash: 2622597400703538646
Length: 318

Fitness:
--------------------------
BreakTime           : 0.31062795876048954
LocationConsistency : 0.0
OpponentVariety     : 0.8754111684107535
-----------------------------------
Total               : 1.186039127171243
Percentage          : 39.53%

Per-Objective Statistics (Team Distribution):
-----------------------------------------------------------------
Objective                 | Min      | Max      | Avg      | Range   
-----------------------------------------------------------------
BreakTime                 | 0.0004   | 0.9193   | 0.5394   | 0.9189  
LocationConsistency       | 0.0417   | 0.6417   | 0.1871   | 0.6000  
OpponentVariety           | 0.7527   | 1.0000   | 0.9953   | 0.2473  

Team fitnesses (sorted by total fitness descending):
----------------------------------------------------
Max     : 2.560979
Min     : 1.019778
Range   : 1.541201
Average : 1.721823

Team |BreakTime |LocationConsistency |OpponentVariety |Sum
------------------------------------------------------------
47   |0.9193    |0.6417              |1.0000          |2.5610
48   |0.8630    |0.3667              |1.0000          |2.2297
50   |0.8793    |0.3500              |1.0000          |2.2293
28   |0.5133    |0.6417              |1.0000          |2.1550
51   |0.8672    |0.2667              |1.0000          |2.1338
42   |0.6764    |0.3500              |1.0000          |2.0264
46   |0.9185    |0.0417              |1.0000          |1.9602
49   |0.9139    |0.0417              |1.0000          |1.9555
36   |0.6044    |0.3500              |1.0000          |1.9544
40   |0.6732    |0.2667              |1.0000          |1.9398
8    |0.5895    |0.3500              |1.0000          |1.9395
53   |0.8925    |0.0417              |1.0000          |1.9342
45   |0.8865    |0.0417              |1.0000          |1.9281
37   |0.6273    |0.2667              |1.0000          |1.8939
44   |0.6257    |0.2667              |1.0000          |1.8923
5    |0.6216    |0.2667              |1.0000          |1.8883
11   |0.6158    |0.2667              |1.0000          |1.8825
39   |0.5936    |0.2667              |1.0000          |1.8603
18   |0.5901    |0.2667              |1.0000          |1.8568
52   |0.7914    |0.0500              |1.0000          |1.8414
9    |0.5719    |0.2667              |1.0000          |1.8385
4    |0.5640    |0.2667              |1.0000          |1.8307
12   |0.5619    |0.2667              |1.0000          |1.8286
34   |0.5616    |0.2667              |1.0000          |1.8282
14   |0.5543    |0.2667              |1.0000          |1.8210
3    |0.5474    |0.2667              |1.0000          |1.8141
31   |0.5002    |0.2667              |1.0000          |1.7669
38   |0.6673    |0.0500              |1.0000          |1.7173
43   |0.6637    |0.0500              |1.0000          |1.7137
7    |0.6485    |0.0417              |1.0000          |1.6902
2    |0.6329    |0.0417              |1.0000          |1.6745
6    |0.6005    |0.0500              |1.0000          |1.6505
22   |0.6013    |0.0417              |1.0000          |1.6430
13   |0.5920    |0.0417              |1.0000          |1.6336
17   |0.5758    |0.0500              |1.0000          |1.6258
41   |0.5809    |0.0417              |1.0000          |1.6226
10   |0.5556    |0.0667              |1.0000          |1.6223
1    |0.5774    |0.0417              |1.0000          |1.6190
35   |0.5515    |0.0667              |1.0000          |1.6181
15   |0.5389    |0.0750              |1.0000          |1.6139
19   |0.5397    |0.0500              |1.0000          |1.5897
16   |0.5379    |0.0500              |1.0000          |1.5879
21   |0.5082    |0.0417              |1.0000          |1.5499
23   |0.4972    |0.0417              |1.0000          |1.5389
24   |0.0454    |0.3500              |1.0000          |1.3954
33   |0.0045    |0.3500              |1.0000          |1.3545
25   |0.0004    |0.3500              |1.0000          |1.3504
30   |0.0004    |0.2667              |1.0000          |1.2671
32   |0.0475    |0.0750              |1.0000          |1.1225
29   |0.0488    |0.0500              |1.0000          |1.0988
20   |0.0465    |0.0500              |1.0000          |1.0965
27   |0.0004    |0.0500              |1.0000          |1.0504
26   |0.0004    |0.2667              |0.7527          |1.0198

Team Events (sorted, for dev use, diff check with others to ensure truly different schedules created):
------------------------------------------------------------
0, 103, 154, 208, 260, 310
1, 102, 152, 175, 244, 301
2, 94, 149, 205, 249, 292
3, 100, 147, 211, 277, 318
4, 101, 151, 188, 241, 303
5, 96, 153, 186, 226, 287
6, 105, 163, 178, 224, 286
7, 97, 143, 183, 235, 295
8, 98, 145, 196, 240, 297
9, 118, 150, 195, 247, 309
10, 124, 158, 182, 261, 322
11, 113, 164, 203, 252, 302
12, 122, 160, 174, 223, 281
13, 120, 161, 192, 236, 285
14, 125, 155, 212, 276, 324
15, 121, 157, 198, 262, 308
16, 127, 162, 193, 268, 305
17, 123, 165, 197, 255, 316
18, 57, 156, 200, 250, 304
19, 77, 144, 220, 267, 307
20, 59, 146, 204, 256, 294
21, 60, 159, 169, 221, 275
22, 55, 148, 217, 272, 317
24, 79, 142, 191, 231, 273
25, 72, 138, 202, 214, 274
26, 84, 130, 213, 228, 271
27, 90, 104, 215, 265, 279
28, 54, 89, 190, 233, 282
29, 64, 99, 209, 257, 300
30, 95, 117, 216, 263, 278
31, 58, 87, 210, 254, 296
32, 69, 88, 219, 259, 299
33, 71, 86, 206, 227, 270
34, 56, 91, 167, 218, 283
35, 61, 93, 179, 222, 289
36, 63, 107, 207, 264, 311
37, 70, 116, 189, 230, 290
38, 67, 110, 177, 237, 293
39, 62, 111, 199, 253, 291
40, 65, 114, 187, 248, 313
41, 68, 106, 201, 243, 280
42, 66, 112, 184, 269, 320
43, 75, 119, 172, 225, 284
44, 73, 115, 185, 245, 288
45, 92, 139, 173, 232, 306
46, 80, 135, 170, 251, 325
47, 74, 126, 166, 239, 314
48, 78, 134, 181, 238, 312
49, 81, 140, 168, 242, 315
50, 83, 141, 171, 234, 298
51, 82, 137, 180, 258, 323
52, 85, 136, 194, 266, 319
53, 76, 131, 176, 246, 321
