FLL Scheduler GA Summary Report (ID: 2132111944480 | Hash: 1424077370693743128)

Attributes:
--------------------
rank: 0
origin: (C | KPoint(k=2))
mutations: 1
clones: 0
_hash: 1424077370693743128
Length: 318

Fitness:
--------------------------
BreakTime           : 0.31062795876048954
LocationConsistency : 0.0
OpponentVariety     : 0.8754111684107535
-----------------------------------
Total               : 1.186039127171243
Percentage          : 39.53%

Per-Objective Statistics (Team Distribution):
-----------------------------------------------------------------
Objective                 | Min      | Max      | Avg      | Range   
-----------------------------------------------------------------
BreakTime                 | 0.0004   | 0.9193   | 0.5394   | 0.9189  
LocationConsistency       | 0.0417   | 0.9500   | 0.2308   | 0.9083  
OpponentVariety           | 0.7527   | 1.0000   | 0.9953   | 0.2473  

Team fitnesses (sorted by total fitness descending):
----------------------------------------------------
Max     : 2.463287
Min     : 1.019778
Range   : 1.443508
Average : 1.765534

Team |BreakTime |LocationConsistency |OpponentVariety |Sum
------------------------------------------------------------
28   |0.5133    |0.9500              |1.0000          |2.4633
37   |0.6273    |0.6417              |1.0000          |2.2689
5    |0.6216    |0.6417              |1.0000          |2.2633
48   |0.8630    |0.3667              |1.0000          |2.2297
11   |0.5758    |0.6417              |1.0000          |2.2174
49   |0.9139    |0.2667              |1.0000          |2.1805
53   |0.8925    |0.2667              |1.0000          |2.1592
45   |0.8865    |0.2667              |1.0000          |2.1531
51   |0.8672    |0.2667              |1.0000          |2.1338
52   |0.7914    |0.2667              |1.0000          |2.0581
38   |0.6673    |0.3500              |1.0000          |2.0173
26   |0.0465    |0.9500              |1.0000          |1.9965
47   |0.9193    |0.0750              |1.0000          |1.9943
23   |0.6013    |0.3667              |1.0000          |1.9680
46   |0.9185    |0.0417              |1.0000          |1.9602
14   |0.5920    |0.3667              |1.0000          |1.9586
36   |0.6044    |0.3500              |1.0000          |1.9544
42   |0.6764    |0.2667              |1.0000          |1.9431
40   |0.6732    |0.2667              |1.0000          |1.9398
50   |0.8793    |0.0417              |1.0000          |1.9210
2    |0.6329    |0.2667              |1.0000          |1.8995
7    |0.6005    |0.2667              |1.0000          |1.8672
6    |0.5895    |0.2667              |1.0000          |1.8562
31   |0.5002    |0.3500              |1.0000          |1.8502
41   |0.5809    |0.2667              |1.0000          |1.8476
15   |0.5619    |0.2667              |1.0000          |1.8286
33   |0.5616    |0.2667              |1.0000          |1.8282
34   |0.5515    |0.2667              |1.0000          |1.8181
44   |0.6637    |0.0417              |1.0000          |1.7054
9    |0.6485    |0.0417              |1.0000          |1.6902
39   |0.6257    |0.0500              |1.0000          |1.6757
12   |0.6158    |0.0417              |1.0000          |1.6575
1    |0.5719    |0.0667              |1.0000          |1.6385
43   |0.5936    |0.0417              |1.0000          |1.6353
18   |0.5901    |0.0417              |1.0000          |1.6318
4    |0.5474    |0.0750              |1.0000          |1.6224
16   |0.5556    |0.0667              |1.0000          |1.6223
8    |0.5774    |0.0417              |1.0000          |1.6190
17   |0.5389    |0.0750              |1.0000          |1.6139
3    |0.5640    |0.0417              |1.0000          |1.6057
13   |0.5543    |0.0417              |1.0000          |1.5960
25   |0.5397    |0.0500              |1.0000          |1.5897
10   |0.5379    |0.0500              |1.0000          |1.5879
21   |0.5082    |0.0500              |1.0000          |1.5582
22   |0.4972    |0.0500              |1.0000          |1.5472
32   |0.0475    |0.2667              |1.0000          |1.3141
20   |0.0454    |0.2667              |1.0000          |1.3121
29   |0.0045    |0.2667              |1.0000          |1.2711
19   |0.0004    |0.2667              |1.0000          |1.2671
35   |0.0488    |0.0500              |1.0000          |1.0988
30   |0.0004    |0.0667              |1.0000          |1.0671
27   |0.0004    |0.0500              |1.0000          |1.0504
24   |0.0004    |0.2667              |0.7527          |1.0198

Team Events (sorted, for dev use, diff check with others to ensure truly different schedules created):
------------------------------------------------------------
0, 98, 146, 191, 240, 299
1, 102, 155, 175, 244, 294
2, 100, 144, 211, 277, 318
3, 94, 142, 204, 249, 292
4, 101, 151, 189, 241, 303
5, 97, 148, 182, 235, 300
6, 96, 154, 187, 226, 287
7, 103, 153, 208, 260, 310
8, 109, 161, 178, 224, 286
9, 121, 157, 198, 268, 308
10, 130, 160, 194, 262, 304
11, 124, 158, 183, 261, 322
12, 120, 162, 195, 236, 279
13, 123, 163, 174, 223, 283
14, 113, 164, 202, 252, 302
15, 118, 150, 192, 247, 309
16, 125, 152, 212, 276, 324
17, 122, 165, 190, 255, 316
19, 72, 138, 203, 220, 272
20, 79, 149, 196, 231, 275
21, 59, 145, 205, 256, 301
22, 60, 143, 218, 274, 317
23, 55, 159, 168, 215, 273
24, 85, 129, 213, 228, 270
25, 56, 156, 201, 250, 305
26, 70, 147, 214, 267, 307
27, 90, 108, 221, 265, 285
28, 61, 89, 197, 233, 281
29, 77, 86, 206, 227, 271
30, 95, 111, 219, 269, 284
31, 58, 87, 210, 254, 298
32, 68, 88, 216, 259, 297
33, 57, 91, 166, 217, 280
34, 54, 93, 179, 222, 289
35, 64, 99, 209, 257, 295
36, 63, 107, 207, 264, 311
37, 76, 110, 188, 230, 290
38, 67, 117, 177, 237, 293
39, 73, 114, 184, 245, 288
40, 65, 115, 186, 248, 313
41, 69, 106, 200, 243, 282
42, 66, 112, 185, 263, 320
43, 62, 116, 199, 253, 291
44, 74, 119, 171, 225, 278
45, 92, 139, 172, 232, 306
46, 80, 135, 170, 251, 325
47, 75, 131, 167, 239, 314
48, 78, 134, 181, 238, 312
49, 81, 141, 169, 242, 315
50, 83, 140, 173, 234, 296
51, 82, 136, 180, 258, 323
52, 84, 137, 193, 266, 319
53, 71, 128, 176, 246, 321
