FLL Scheduler GA Summary Report (ID: 2132111947616 | Hash: 1369950836275647816)

Attributes:
--------------------
rank: 0
origin: (C | TimeSlotCrossover)
mutations: 0
clones: 0
_hash: 1369950836275647816
Length: 318

Fitness:
--------------------------
BreakTime           : 0.31062795876048954
LocationConsistency : 0.0
OpponentVariety     : 0.8754111684107535
-----------------------------------
Total               : 1.186039127171243
Percentage          : 39.53%

Per-Objective Statistics (Team Distribution):
-----------------------------------------------------------------
Objective                 | Min      | Max      | Avg      | Range   
-----------------------------------------------------------------
BreakTime                 | 0.0004   | 0.9193   | 0.5394   | 0.9189  
LocationConsistency       | 0.0417   | 0.9500   | 0.2318   | 0.9083  
OpponentVariety           | 0.7527   | 1.0000   | 0.9953   | 0.2473  

Team fitnesses (sorted by total fitness descending):
----------------------------------------------------
Max     : 2.741434
Min     : 0.803112
Range   : 1.938322
Average : 1.766477

Team |BreakTime |LocationConsistency |OpponentVariety |Sum
------------------------------------------------------------
52   |0.7914    |0.9500              |1.0000          |2.7414
13   |0.6158    |0.6417              |1.0000          |2.2575
50   |0.8793    |0.3500              |1.0000          |2.2293
49   |0.8925    |0.2667              |1.0000          |2.1592
27   |0.5133    |0.6417              |1.0000          |2.1550
48   |0.8865    |0.2667              |1.0000          |2.1531
45   |0.9139    |0.0750              |1.0000          |1.9889
47   |0.9193    |0.0500              |1.0000          |1.9693
24   |0.6013    |0.3667              |1.0000          |1.9680
46   |0.9185    |0.0417              |1.0000          |1.9602
37   |0.6044    |0.3500              |1.0000          |1.9544
42   |0.6764    |0.2667              |1.0000          |1.9431
40   |0.6732    |0.2667              |1.0000          |1.9398
11   |0.5556    |0.3667              |1.0000          |1.9223
53   |0.8672    |0.0500              |1.0000          |1.9172
9    |0.6485    |0.2667              |1.0000          |1.9152
51   |0.8630    |0.0500              |1.0000          |1.9130
15   |0.5543    |0.3500              |1.0000          |1.9043
3    |0.5474    |0.3500              |1.0000          |1.8974
38   |0.6273    |0.2667              |1.0000          |1.8939
23   |0.5397    |0.3500              |1.0000          |1.8897
14   |0.5389    |0.3500              |1.0000          |1.8889
7    |0.6216    |0.2667              |1.0000          |1.8883
1    |0.6005    |0.2667              |1.0000          |1.8672
43   |0.5936    |0.2667              |1.0000          |1.8603
12   |0.5901    |0.2667              |1.0000          |1.8568
6    |0.5895    |0.2667              |1.0000          |1.8562
5    |0.5719    |0.2667              |1.0000          |1.8385
17   |0.5619    |0.2667              |1.0000          |1.8286
32   |0.5616    |0.2667              |1.0000          |1.8282
16   |0.5379    |0.2667              |1.0000          |1.8046
21   |0.5082    |0.2667              |1.0000          |1.7749
41   |0.6637    |0.0500              |1.0000          |1.7137
36   |0.6673    |0.0417              |1.0000          |1.7089
39   |0.6257    |0.0750              |1.0000          |1.7007
25   |0.0465    |0.6417              |1.0000          |1.6882
4    |0.6329    |0.0500              |1.0000          |1.6829
19   |0.0004    |0.6417              |1.0000          |1.6421
10   |0.5920    |0.0417              |1.0000          |1.6336
44   |0.5809    |0.0500              |1.0000          |1.6309
2    |0.5774    |0.0417              |1.0000          |1.6190
18   |0.5758    |0.0417              |1.0000          |1.6174
8    |0.5640    |0.0500              |1.0000          |1.6140
31   |0.5515    |0.0417              |1.0000          |1.5931
26   |0.4972    |0.0667              |1.0000          |1.5639
34   |0.5002    |0.0417              |1.0000          |1.5419
28   |0.0488    |0.2667              |1.0000          |1.3154
30   |0.0475    |0.2667              |1.0000          |1.3141
20   |0.0454    |0.0750              |1.0000          |1.1204
33   |0.0004    |0.0667              |1.0000          |1.0671
29   |0.0045    |0.0417              |1.0000          |1.0461
35   |0.0004    |0.0417              |1.0000          |1.0421
22   |0.0004    |0.0500              |0.7527          |0.8031

Team Events (sorted, for dev use, diff check with others to ensure truly different schedules created):
------------------------------------------------------------
0, 96, 154, 187, 226, 287
1, 108, 153, 211, 254, 317
2, 94, 149, 205, 250, 293
3, 109, 155, 175, 239, 294
4, 99, 146, 191, 240, 299
5, 97, 143, 183, 232, 300
6, 101, 156, 189, 241, 303
7, 100, 145, 208, 277, 325
8, 102, 161, 178, 224, 286
9, 121, 163, 174, 223, 282
10, 125, 157, 192, 247, 309
11, 120, 164, 190, 260, 311
12, 118, 159, 182, 255, 322
13, 119, 152, 207, 276, 319
14, 123, 162, 195, 231, 279
15, 122, 150, 198, 263, 308
16, 113, 165, 203, 253, 302
17, 132, 160, 194, 269, 305
19, 75, 138, 202, 221, 275
20, 78, 142, 196, 236, 273
21, 58, 144, 204, 256, 301
22, 85, 131, 206, 228, 270
23, 57, 151, 200, 249, 304
24, 54, 158, 171, 214, 274
25, 71, 147, 215, 264, 307
26, 60, 148, 217, 272, 310
27, 61, 90, 197, 234, 280
28, 64, 98, 210, 257, 295
29, 76, 86, 213, 227, 271
30, 69, 91, 219, 258, 297
31, 55, 93, 179, 222, 289
32, 56, 89, 173, 218, 281
33, 95, 111, 216, 262, 284
34, 59, 87, 209, 261, 298
35, 88, 103, 220, 266, 285
36, 67, 117, 177, 230, 292
37, 63, 107, 212, 267, 316
38, 77, 110, 188, 237, 290
39, 74, 114, 184, 238, 288
40, 65, 115, 186, 251, 312
41, 72, 124, 166, 225, 278
42, 66, 112, 185, 268, 320
43, 62, 116, 199, 252, 291
44, 68, 106, 201, 243, 283
45, 83, 141, 170, 242, 314
46, 82, 135, 169, 248, 318
47, 73, 133, 172, 244, 315
48, 92, 139, 167, 235, 306
49, 70, 130, 176, 246, 321
50, 80, 140, 168, 233, 296
51, 79, 134, 181, 245, 313
52, 84, 137, 193, 265, 324
53, 81, 136, 180, 259, 323
