FLL Scheduler GA Summary Report (ID: 2132126144704 | Hash: 5279590059925346919)

Attributes:
--------------------
rank: 0
origin: (C | TimeSlotCrossover)
mutations: 1
clones: 1
_hash: 5279590059925346919
Length: 318

Fitness:
--------------------------
BreakTime           : 0.31062795876048954
LocationConsistency : 0.0
OpponentVariety     : 0.8754111684107535
-----------------------------------
Total               : 1.186039127171243
Percentage          : 39.53%

Per-Objective Statistics (Team Distribution):
-----------------------------------------------------------------
Objective                 | Min      | Max      | Avg      | Range   
-----------------------------------------------------------------
BreakTime                 | 0.0004   | 0.9193   | 0.5394   | 0.9189  
LocationConsistency       | 0.0417   | 0.9500   | 0.2038   | 0.9083  
OpponentVariety           | 0.7527   | 1.0000   | 0.9953   | 0.2473  

Team fitnesses (sorted by total fitness descending):
----------------------------------------------------
Max     : 2.836467
Min     : 1.019778
Range   : 1.816689
Average : 1.738490

Team |BreakTime |LocationConsistency |OpponentVariety |Sum
------------------------------------------------------------
46   |0.8865    |0.9500              |1.0000          |2.8365
40   |0.6732    |0.6417              |1.0000          |2.3148
16   |0.5619    |0.6417              |1.0000          |2.2036
51   |0.9139    |0.2667              |1.0000          |2.1805
52   |0.8925    |0.2667              |1.0000          |2.1592
49   |0.8630    |0.2667              |1.0000          |2.1297
37   |0.6273    |0.3500              |1.0000          |1.9773
45   |0.9185    |0.0500              |1.0000          |1.9685
47   |0.9193    |0.0417              |1.0000          |1.9610
38   |0.6044    |0.3500              |1.0000          |1.9544
36   |0.6673    |0.2667              |1.0000          |1.9339
53   |0.8672    |0.0667              |1.0000          |1.9338
41   |0.5809    |0.3500              |1.0000          |1.9309
48   |0.8793    |0.0500              |1.0000          |1.9293
39   |0.6257    |0.2667              |1.0000          |1.8923
17   |0.6158    |0.2667              |1.0000          |1.8825
6    |0.5895    |0.2667              |1.0000          |1.8562
15   |0.5758    |0.2667              |1.0000          |1.8424
1    |0.5719    |0.2667              |1.0000          |1.8385
50   |0.7914    |0.0417              |1.0000          |1.8331
4    |0.5640    |0.2667              |1.0000          |1.8307
28   |0.5616    |0.2667              |1.0000          |1.8282
18   |0.5556    |0.2667              |1.0000          |1.8223
3    |0.5474    |0.2667              |1.0000          |1.8141
26   |0.5397    |0.2667              |1.0000          |1.8064
33   |0.5133    |0.2667              |1.0000          |1.7800
24   |0.5082    |0.2667              |1.0000          |1.7749
31   |0.5002    |0.2667              |1.0000          |1.7669
42   |0.6764    |0.0500              |1.0000          |1.7264
44   |0.6637    |0.0417              |1.0000          |1.7054
9    |0.6485    |0.0417              |1.0000          |1.6902
5    |0.6216    |0.0667              |1.0000          |1.6883
7    |0.6005    |0.0750              |1.0000          |1.6755
2    |0.6329    |0.0417              |1.0000          |1.6745
35   |0.0045    |0.6417              |1.0000          |1.6461
43   |0.5936    |0.0500              |1.0000          |1.6436
23   |0.6013    |0.0417              |1.0000          |1.6430
13   |0.5920    |0.0417              |1.0000          |1.6336
12   |0.5901    |0.0417              |1.0000          |1.6318
8    |0.5774    |0.0417              |1.0000          |1.6190
27   |0.5515    |0.0667              |1.0000          |1.6181
10   |0.5389    |0.0750              |1.0000          |1.6139
14   |0.5543    |0.0500              |1.0000          |1.6043
11   |0.5379    |0.0500              |1.0000          |1.5879
22   |0.4972    |0.0500              |1.0000          |1.5472
32   |0.0475    |0.2667              |1.0000          |1.3141
20   |0.0004    |0.2667              |1.0000          |1.2671
30   |0.0004    |0.2667              |1.0000          |1.2671
21   |0.0454    |0.0750              |1.0000          |1.1204
29   |0.0488    |0.0417              |1.0000          |1.0904
25   |0.0465    |0.0417              |1.0000          |1.0882
34   |0.0004    |0.0417              |1.0000          |1.0421
19   |0.0004    |0.2667              |0.7527          |1.0198

Team Events (sorted, for dev use, diff check with others to ensure truly different schedules created):
------------------------------------------------------------
0, 98, 145, 191, 240, 297
1, 102, 153, 175, 244, 301
2, 95, 149, 198, 249, 293
3, 100, 147, 211, 277, 318
4, 101, 157, 188, 241, 303
5, 97, 143, 182, 232, 295
6, 96, 152, 186, 226, 287
7, 103, 154, 208, 261, 310
8, 105, 163, 178, 224, 286
9, 125, 155, 212, 276, 324
10, 121, 151, 204, 268, 309
11, 123, 165, 190, 255, 316
12, 122, 160, 174, 223, 283
13, 120, 161, 195, 231, 279
14, 132, 162, 194, 262, 304
15, 112, 164, 200, 252, 302
16, 124, 158, 183, 260, 322
17, 118, 156, 192, 247, 308
18, 85, 129, 213, 228, 270
19, 72, 138, 201, 214, 272
20, 78, 142, 196, 236, 275
22, 55, 148, 218, 274, 317
23, 60, 159, 168, 221, 273
24, 59, 146, 199, 259, 294
25, 77, 144, 220, 267, 306
26, 57, 150, 203, 250, 305
27, 61, 93, 179, 222, 289
28, 56, 91, 167, 217, 280
29, 64, 99, 209, 258, 300
30, 94, 116, 219, 269, 284
31, 58, 87, 210, 254, 296
32, 69, 88, 216, 257, 299
33, 54, 89, 197, 234, 281
34, 90, 104, 215, 265, 285
35, 71, 86, 206, 227, 271
36, 67, 110, 177, 230, 292
37, 70, 117, 189, 237, 290
38, 63, 107, 207, 264, 311
39, 73, 114, 185, 245, 288
40, 65, 115, 187, 248, 313
41, 68, 106, 202, 243, 282
42, 66, 113, 184, 263, 320
43, 62, 111, 205, 253, 291
44, 74, 119, 173, 225, 278
45, 82, 135, 171, 251, 325
46, 92, 139, 172, 235, 307
47, 75, 133, 166, 239, 314
48, 80, 141, 170, 233, 298
49, 79, 134, 181, 238, 312
50, 84, 136, 193, 266, 319
51, 83, 140, 169, 242, 315
52, 76, 128, 176, 246, 321
53, 81, 137, 180, 256, 323
