FLL Scheduler GA Summary Report (ID: 2132118885360 | Hash: -2947640157917714934)

Attributes:
--------------------
rank: 0
origin: (C | TimeSlotCrossover)
mutations: 0
clones: 0
_hash: -2947640157917714934
Length: 318

Fitness:
--------------------------
BreakTime           : 0.31062795876048954
LocationConsistency : 0.0
OpponentVariety     : 0.8754111684107535
-----------------------------------
Total               : 1.186039127171243
Percentage          : 39.53%

Per-Objective Statistics (Team Distribution):
-----------------------------------------------------------------
Objective                 | Min      | Max      | Avg      | Range   
-----------------------------------------------------------------
BreakTime                 | 0.0004   | 0.9193   | 0.5394   | 0.9189  
LocationConsistency       | 0.0417   | 0.6417   | 0.2187   | 0.6000  
OpponentVariety           | 0.7527   | 1.0000   | 0.9953   | 0.2473  

Team fitnesses (sorted by total fitness descending):
----------------------------------------------------
Max     : 2.560213
Min     : 1.019778
Range   : 1.540434
Average : 1.753427

Team |BreakTime |LocationConsistency |OpponentVariety |Sum
------------------------------------------------------------
46   |0.9185    |0.6417              |1.0000          |2.5602
51   |0.8672    |0.6417              |1.0000          |2.5088
47   |0.9193    |0.2667              |1.0000          |2.1860
49   |0.8925    |0.2667              |1.0000          |2.1592
45   |0.9139    |0.0500              |1.0000          |1.9639
36   |0.6044    |0.3500              |1.0000          |1.9544
39   |0.6637    |0.2667              |1.0000          |1.9304
50   |0.8793    |0.0500              |1.0000          |1.9293
53   |0.8865    |0.0417              |1.0000          |1.9281
10   |0.5556    |0.3667              |1.0000          |1.9223
1    |0.6485    |0.2667              |1.0000          |1.9152
14   |0.5619    |0.3500              |1.0000          |1.9119
48   |0.8630    |0.0417              |1.0000          |1.9047
3    |0.6329    |0.2667              |1.0000          |1.8995
37   |0.6273    |0.2667              |1.0000          |1.8939
43   |0.6257    |0.2667              |1.0000          |1.8923
5    |0.6216    |0.2667              |1.0000          |1.8883
9    |0.6005    |0.2667              |1.0000          |1.8672
12   |0.5901    |0.2667              |1.0000          |1.8568
4    |0.5895    |0.2667              |1.0000          |1.8562
8    |0.5774    |0.2667              |1.0000          |1.8440
15   |0.5758    |0.2667              |1.0000          |1.8424
7    |0.5719    |0.2667              |1.0000          |1.8385
52   |0.7914    |0.0417              |1.0000          |1.8331
6    |0.5474    |0.2667              |1.0000          |1.8141
16   |0.5389    |0.2667              |1.0000          |1.8056
30   |0.5133    |0.2667              |1.0000          |1.7800
20   |0.5082    |0.2667              |1.0000          |1.7749
32   |0.5002    |0.2667              |1.0000          |1.7669
40   |0.6732    |0.0750              |1.0000          |1.7482
42   |0.6764    |0.0667              |1.0000          |1.7431
38   |0.6673    |0.0500              |1.0000          |1.7173
18   |0.6158    |0.0417              |1.0000          |1.6575
33   |0.0045    |0.6417              |1.0000          |1.6461
24   |0.6013    |0.0417              |1.0000          |1.6430
21   |0.0004    |0.6417              |1.0000          |1.6421
31   |0.0004    |0.6417              |1.0000          |1.6421
11   |0.5920    |0.0500              |1.0000          |1.6420
44   |0.5936    |0.0417              |1.0000          |1.6353
41   |0.5809    |0.0500              |1.0000          |1.6309
2    |0.5640    |0.0500              |1.0000          |1.6140
17   |0.5543    |0.0500              |1.0000          |1.6043
34   |0.5616    |0.0417              |1.0000          |1.6032
35   |0.5515    |0.0417              |1.0000          |1.5931
23   |0.5397    |0.0500              |1.0000          |1.5897
13   |0.5379    |0.0500              |1.0000          |1.5879
25   |0.4972    |0.0667              |1.0000          |1.5639
19   |0.0454    |0.3500              |1.0000          |1.3954
27   |0.0475    |0.2667              |1.0000          |1.3141
26   |0.0465    |0.2667              |1.0000          |1.3132
29   |0.0488    |0.0417              |1.0000          |1.0904
28   |0.0004    |0.0667              |1.0000          |1.0671
22   |0.0004    |0.2667              |0.7527          |1.0198

Team Events (sorted, for dev use, diff check with others to ensure truly different schedules created):
------------------------------------------------------------
0, 102, 161, 178, 224, 286
1, 100, 147, 210, 277, 325
2, 109, 155, 174, 239, 301
3, 96, 143, 182, 235, 295
4, 101, 150, 189, 243, 303
5, 95, 149, 205, 249, 292
6, 98, 145, 196, 242, 296
7, 108, 153, 208, 260, 310
8, 97, 154, 186, 228, 287
9, 119, 151, 195, 247, 309
10, 121, 163, 175, 223, 280
11, 120, 165, 197, 254, 316
12, 122, 157, 198, 268, 308
13, 115, 164, 203, 251, 302
14, 127, 160, 192, 262, 305
15, 125, 152, 213, 276, 319
16, 123, 162, 193, 236, 284
17, 124, 158, 183, 261, 321
18, 79, 142, 191, 231, 273
19, 59, 146, 204, 259, 294
20, 75, 138, 202, 214, 275
21, 84, 129, 212, 226, 270
22, 57, 156, 200, 253, 304
23, 54, 159, 169, 220, 274
25, 60, 148, 217, 272, 317
26, 77, 144, 221, 266, 307
27, 69, 91, 219, 256, 298
28, 94, 110, 216, 269, 279
29, 64, 99, 209, 258, 300
30, 61, 90, 190, 233, 282
31, 88, 103, 215, 264, 278
32, 58, 87, 211, 255, 297
33, 71, 86, 206, 229, 271
34, 56, 89, 166, 218, 283
35, 55, 93, 179, 222, 289
36, 63, 106, 207, 265, 311
37, 70, 111, 188, 230, 290
38, 67, 116, 177, 237, 293
39, 73, 118, 172, 225, 285
40, 65, 113, 187, 248, 315
41, 68, 107, 201, 240, 281
42, 66, 114, 184, 263, 323
43, 74, 112, 185, 238, 288
44, 62, 117, 199, 250, 291
45, 83, 141, 168, 241, 313
46, 82, 134, 170, 252, 318
47, 72, 126, 167, 244, 312
48, 78, 135, 180, 245, 314
49, 76, 128, 176, 246, 322
50, 80, 140, 171, 234, 299
51, 81, 136, 181, 257, 320
52, 85, 137, 194, 267, 324
53, 92, 139, 173, 232, 306
