FLL Scheduler GA Summary Report (ID: 2132118888720 | Hash: 2250627941457584086)

Attributes:
--------------------
rank: 0
origin: (C | KPoint(k=3))
mutations: 0
clones: 0
_hash: 2250627941457584086
Length: 318

Fitness:
--------------------------
BreakTime           : 0.31062795876048954
LocationConsistency : 0.0
OpponentVariety     : 0.8754111684107535
-----------------------------------
Total               : 1.186039127171243
Percentage          : 39.53%

Per-Objective Statistics (Team Distribution):
-----------------------------------------------------------------
Objective                 | Min      | Max      | Avg      | Range   
-----------------------------------------------------------------
BreakTime                 | 0.0004   | 0.9193   | 0.5394   | 0.9189  
LocationConsistency       | 0.0417   | 0.6417   | 0.1947   | 0.6000  
OpponentVariety           | 0.7527   | 1.0000   | 0.9953   | 0.2473  

Team fitnesses (sorted by total fitness descending):
----------------------------------------------------
Max     : 2.236467
Min     : 1.050419
Range   : 1.186048
Average : 1.729370

Team |BreakTime |LocationConsistency |OpponentVariety |Sum
------------------------------------------------------------
53   |0.8865    |0.3500              |1.0000          |2.2365
51   |0.9193    |0.2667              |1.0000          |2.1860
46   |0.9185    |0.2667              |1.0000          |2.1852
50   |0.8630    |0.2667              |1.0000          |2.1297
41   |0.6732    |0.3667              |1.0000          |2.0398
42   |0.6764    |0.3500              |1.0000          |2.0264
16   |0.6158    |0.3667              |1.0000          |1.9825
45   |0.9139    |0.0500              |1.0000          |1.9639
12   |0.5901    |0.3500              |1.0000          |1.9401
2    |0.5895    |0.3500              |1.0000          |1.9395
49   |0.8925    |0.0417              |1.0000          |1.9342
43   |0.6673    |0.2667              |1.0000          |1.9339
33   |0.5616    |0.3667              |1.0000          |1.9282
48   |0.8793    |0.0417              |1.0000          |1.9210
47   |0.8672    |0.0500              |1.0000          |1.9172
14   |0.5543    |0.3500              |1.0000          |1.9043
6    |0.6329    |0.2667              |1.0000          |1.8995
40   |0.6257    |0.2667              |1.0000          |1.8923
24   |0.5397    |0.3500              |1.0000          |1.8897
17   |0.5379    |0.3500              |1.0000          |1.8879
36   |0.6044    |0.2667              |1.0000          |1.8710
44   |0.5936    |0.2667              |1.0000          |1.8603
18   |0.5758    |0.2667              |1.0000          |1.8424
1    |0.5719    |0.2667              |1.0000          |1.8385
52   |0.7914    |0.0417              |1.0000          |1.8331
15   |0.5619    |0.2667              |1.0000          |1.8286
11   |0.5556    |0.2667              |1.0000          |1.8223
8    |0.5474    |0.2667              |1.0000          |1.8141
39   |0.6637    |0.0417              |1.0000          |1.7054
37   |0.6273    |0.0667              |1.0000          |1.6939
9    |0.6485    |0.0417              |1.0000          |1.6902
5    |0.6216    |0.0667              |1.0000          |1.6883
21   |0.6013    |0.0667              |1.0000          |1.6680
10   |0.5920    |0.0750              |1.0000          |1.6670
3    |0.6005    |0.0417              |1.0000          |1.6422
25   |0.0004    |0.6417              |1.0000          |1.6421
4    |0.5774    |0.0500              |1.0000          |1.6274
38   |0.5809    |0.0417              |1.0000          |1.6226
7    |0.5640    |0.0500              |1.0000          |1.6140
35   |0.5515    |0.0417              |1.0000          |1.5931
13   |0.5389    |0.0500              |1.0000          |1.5889
22   |0.5082    |0.0667              |1.0000          |1.5749
20   |0.4972    |0.0667              |1.0000          |1.5639
28   |0.5133    |0.0417              |1.0000          |1.5550
32   |0.5002    |0.0417              |1.0000          |1.5419
26   |0.0004    |0.6417              |0.7527          |1.3948
34   |0.0004    |0.3667              |1.0000          |1.3671
31   |0.0475    |0.2667              |1.0000          |1.3141
29   |0.0488    |0.0667              |1.0000          |1.1154
23   |0.0454    |0.0667              |1.0000          |1.1121
19   |0.0465    |0.0500              |1.0000          |1.0965
30   |0.0045    |0.0750              |1.0000          |1.0795
27   |0.0004    |0.0500              |1.0000          |1.0504

Team Events (sorted, for dev use, diff check with others to ensure truly different schedules created):
------------------------------------------------------------
0, 98, 145, 196, 240, 297
1, 97, 143, 183, 232, 295
2, 96, 153, 187, 228, 287
3, 103, 154, 211, 254, 310
4, 100, 156, 189, 241, 302
5, 102, 152, 174, 244, 301
6, 101, 146, 208, 270, 318
7, 94, 149, 205, 250, 292
8, 109, 161, 178, 224, 286
9, 122, 162, 175, 223, 283
10, 124, 157, 195, 247, 308
11, 123, 164, 197, 261, 316
12, 118, 155, 207, 271, 324
13, 121, 163, 193, 231, 279
14, 113, 165, 203, 253, 303
15, 119, 159, 182, 255, 322
16, 120, 150, 198, 262, 309
17, 132, 160, 192, 269, 305
18, 76, 144, 214, 266, 306
19, 60, 148, 218, 275, 317
20, 54, 158, 170, 215, 273
21, 59, 147, 204, 256, 294
23, 78, 142, 191, 236, 274
24, 56, 151, 200, 249, 304
25, 72, 138, 202, 220, 272
26, 85, 130, 206, 226, 277
27, 88, 108, 221, 265, 285
28, 61, 91, 190, 234, 281
29, 67, 99, 210, 257, 300
30, 71, 87, 213, 229, 276
31, 62, 90, 216, 258, 299
32, 58, 86, 209, 260, 296
33, 57, 89, 172, 217, 280
34, 95, 111, 219, 263, 284
35, 55, 93, 179, 222, 289
36, 68, 105, 212, 264, 311
37, 70, 110, 188, 237, 290
38, 63, 104, 201, 243, 282
39, 75, 125, 167, 225, 278
40, 73, 115, 185, 245, 288
41, 66, 114, 186, 251, 313
42, 65, 112, 184, 268, 320
43, 64, 117, 177, 230, 293
44, 69, 116, 199, 252, 291
45, 80, 141, 171, 242, 314
46, 81, 135, 169, 248, 325
47, 82, 136, 180, 259, 323
48, 83, 140, 168, 233, 298
49, 77, 131, 176, 246, 321
50, 79, 134, 181, 238, 312
51, 74, 133, 173, 239, 315
52, 84, 137, 194, 267, 319
53, 92, 139, 166, 235, 307
