FLL Scheduler GA Summary Report (ID: 2132037131888 | Hash: 573254728116144224)

Attributes:
--------------------
rank: 0
origin: (C | TimeSlotCrossover)
mutations: 0
clones: 0
_hash: 573254728116144224
Length: 318

Fitness:
--------------------------
BreakTime           : 0.31062795876048954
LocationConsistency : 0.0
OpponentVariety     : 0.8754111684107535
-----------------------------------
Total               : 1.186039127171243
Percentage          : 39.53%

Per-Objective Statistics (Team Distribution):
-----------------------------------------------------------------
Objective                 | Min      | Max      | Avg      | Range   
-----------------------------------------------------------------
BreakTime                 | 0.0004   | 0.9193   | 0.5394   | 0.9189  
LocationConsistency       | 0.0417   | 0.9500   | 0.2343   | 0.9083  
OpponentVariety           | 0.7527   | 1.0000   | 0.9953   | 0.2473  

Team fitnesses (sorted by total fitness descending):
----------------------------------------------------
Max     : 2.539497
Min     : 1.054450
Range   : 1.485047
Average : 1.768993

Team |BreakTime |LocationConsistency |OpponentVariety |Sum
------------------------------------------------------------
4    |0.5895    |0.9500              |1.0000          |2.5395
40   |0.6732    |0.6417              |1.0000          |2.3148
52   |0.9185    |0.2667              |1.0000          |2.1852
49   |0.8925    |0.2667              |1.0000          |2.1592
51   |0.8672    |0.2667              |1.0000          |2.1338
48   |0.8630    |0.2667              |1.0000          |2.1297
46   |0.7914    |0.2667              |1.0000          |2.0581
38   |0.6764    |0.3500              |1.0000          |2.0264
53   |0.9139    |0.0750              |1.0000          |1.9889
3    |0.6216    |0.3667              |1.0000          |1.9883
47   |0.9193    |0.0417              |1.0000          |1.9610
45   |0.8865    |0.0500              |1.0000          |1.9365
15   |0.5556    |0.3667              |1.0000          |1.9223
50   |0.8793    |0.0417              |1.0000          |1.9210
13   |0.5543    |0.3500              |1.0000          |1.9043
9    |0.6329    |0.2667              |1.0000          |1.8995
6    |0.5474    |0.3500              |1.0000          |1.8974
43   |0.6273    |0.2667              |1.0000          |1.8939
20   |0.5397    |0.3500              |1.0000          |1.8897
11   |0.5379    |0.3500              |1.0000          |1.8879
24   |0.5082    |0.3667              |1.0000          |1.8749
37   |0.6044    |0.2667              |1.0000          |1.8710
7    |0.6005    |0.2667              |1.0000          |1.8672
44   |0.5936    |0.2667              |1.0000          |1.8603
17   |0.5901    |0.2667              |1.0000          |1.8568
39   |0.5809    |0.2667              |1.0000          |1.8476
8    |0.5774    |0.2667              |1.0000          |1.8440
18   |0.5758    |0.2667              |1.0000          |1.8424
5    |0.5719    |0.2667              |1.0000          |1.8385
12   |0.5619    |0.2667              |1.0000          |1.8286
34   |0.5616    |0.2667              |1.0000          |1.8282
30   |0.5133    |0.2667              |1.0000          |1.7800
32   |0.5002    |0.2667              |1.0000          |1.7669
41   |0.6637    |0.0500              |1.0000          |1.7137
36   |0.6673    |0.0417              |1.0000          |1.7089
1    |0.6485    |0.0417              |1.0000          |1.6902
16   |0.6158    |0.0667              |1.0000          |1.6825
22   |0.6013    |0.0667              |1.0000          |1.6680
42   |0.6257    |0.0417              |1.0000          |1.6673
10   |0.5920    |0.0750              |1.0000          |1.6670
2    |0.5640    |0.0417              |1.0000          |1.6057
35   |0.5515    |0.0417              |1.0000          |1.5931
14   |0.5389    |0.0500              |1.0000          |1.5889
23   |0.4972    |0.0667              |1.0000          |1.5639
27   |0.0475    |0.3500              |1.0000          |1.3975
28   |0.0004    |0.3667              |1.0000          |1.3671
31   |0.0004    |0.3500              |1.0000          |1.3504
26   |0.0465    |0.2667              |1.0000          |1.3132
19   |0.0004    |0.2667              |1.0000          |1.2671
21   |0.0454    |0.0667              |1.0000          |1.1121
25   |0.0004    |0.3500              |0.7527          |1.1031
29   |0.0488    |0.0500              |1.0000          |1.0988
33   |0.0045    |0.0500              |1.0000          |1.0545

Team Events (sorted, for dev use, diff check with others to ensure truly different schedules created):
------------------------------------------------------------
0, 103, 161, 178, 224, 286
1, 100, 146, 208, 277, 318
2, 101, 157, 189, 241, 302
3, 96, 143, 183, 232, 295
4, 98, 145, 196, 240, 297
5, 94, 149, 205, 250, 293
6, 97, 155, 187, 228, 287
7, 108, 153, 211, 260, 310
8, 109, 154, 174, 244, 301
9, 122, 162, 175, 223, 283
10, 120, 150, 198, 262, 309
11, 113, 165, 203, 253, 303
12, 121, 163, 193, 231, 279
13, 118, 152, 207, 276, 324
14, 124, 156, 195, 247, 308
15, 119, 159, 182, 261, 322
16, 123, 164, 197, 254, 316
17, 132, 160, 192, 269, 305
19, 75, 137, 202, 220, 275
20, 57, 151, 200, 249, 304
21, 78, 142, 191, 236, 273
22, 54, 158, 171, 215, 274
23, 60, 148, 218, 272, 317
24, 59, 147, 204, 259, 294
25, 85, 130, 206, 226, 270
26, 71, 144, 214, 264, 306
27, 69, 88, 216, 256, 299
28, 95, 111, 219, 263, 284
29, 64, 99, 210, 258, 300
30, 61, 89, 190, 234, 281
31, 90, 102, 221, 266, 285
32, 58, 87, 209, 255, 296
33, 76, 86, 213, 229, 271
34, 56, 91, 173, 217, 280
35, 55, 93, 179, 222, 289
36, 67, 117, 177, 230, 292
37, 63, 104, 212, 267, 311
38, 66, 112, 184, 268, 320
39, 68, 105, 201, 243, 282
40, 65, 114, 186, 251, 313
41, 72, 125, 166, 225, 278
42, 74, 115, 185, 245, 288
43, 77, 110, 188, 237, 290
44, 62, 116, 199, 252, 291
45, 92, 136, 167, 235, 307
46, 84, 138, 194, 265, 319
47, 73, 133, 172, 239, 315
48, 79, 141, 181, 238, 312
49, 70, 131, 176, 246, 321
50, 83, 135, 168, 233, 298
51, 82, 139, 180, 257, 323
52, 81, 140, 169, 248, 325
53, 80, 134, 170, 242, 314
