FLL Scheduler GA Summary Report (ID: 2132126140896 | Hash: -707842210034278583)

Attributes:
--------------------
rank: 0
origin: (C | RoundTypeCrossover)
mutations: 0
clones: 0
_hash: -707842210034278583
Length: 318

Fitness:
--------------------------
BreakTime           : 0.31062795876048954
LocationConsistency : 0.0
OpponentVariety     : 0.8754111684107535
-----------------------------------
Total               : 1.186039127171243
Percentage          : 39.53%

Per-Objective Statistics (Team Distribution):
-----------------------------------------------------------------
Objective                 | Min      | Max      | Avg      | Range   
-----------------------------------------------------------------
BreakTime                 | 0.0004   | 0.9193   | 0.5394   | 0.9189  
LocationConsistency       | 0.0417   | 0.6417   | 0.2131   | 0.6000  
OpponentVariety           | 0.7527   | 1.0000   | 0.9953   | 0.2473  

Team fitnesses (sorted by total fitness descending):
----------------------------------------------------
Max     : 2.528134
Min     : 0.803112
Range   : 1.725022
Average : 1.747766

Team |BreakTime |LocationConsistency |OpponentVariety |Sum
------------------------------------------------------------
46   |0.8865    |0.6417              |1.0000          |2.5281
39   |0.6273    |0.6417              |1.0000          |2.2689
7    |0.5719    |0.6417              |1.0000          |2.2135
4    |0.5640    |0.6417              |1.0000          |2.2057
17   |0.5619    |0.6417              |1.0000          |2.2036
47   |0.9193    |0.2667              |1.0000          |2.1860
45   |0.9185    |0.2667              |1.0000          |2.1852
51   |0.9139    |0.2667              |1.0000          |2.1805
52   |0.8925    |0.2667              |1.0000          |2.1592
31   |0.5002    |0.6417              |1.0000          |2.1419
49   |0.8630    |0.2667              |1.0000          |2.1297
9    |0.6485    |0.3500              |1.0000          |1.9985
37   |0.6732    |0.2667              |1.0000          |1.9398
53   |0.8672    |0.0667              |1.0000          |1.9338
41   |0.5809    |0.3500              |1.0000          |1.9309
48   |0.8793    |0.0500              |1.0000          |1.9293
34   |0.5616    |0.3667              |1.0000          |1.9282
10   |0.5556    |0.3667              |1.0000          |1.9223
36   |0.6257    |0.2667              |1.0000          |1.8923
5    |0.6216    |0.2667              |1.0000          |1.8883
16   |0.6158    |0.2667              |1.0000          |1.8825
23   |0.6013    |0.2667              |1.0000          |1.8680
44   |0.5936    |0.2667              |1.0000          |1.8603
2    |0.5895    |0.2667              |1.0000          |1.8562
11   |0.5758    |0.2667              |1.0000          |1.8424
50   |0.7914    |0.0417              |1.0000          |1.8331
19   |0.5397    |0.2667              |1.0000          |1.8064
40   |0.6764    |0.0750              |1.0000          |1.7514
43   |0.6673    |0.0500              |1.0000          |1.7173
42   |0.6637    |0.0417              |1.0000          |1.7054
3    |0.6329    |0.0417              |1.0000          |1.6745
1    |0.6005    |0.0667              |1.0000          |1.6672
38   |0.6044    |0.0500              |1.0000          |1.6544
13   |0.5920    |0.0417              |1.0000          |1.6336
12   |0.5901    |0.0417              |1.0000          |1.6318
14   |0.5543    |0.0667              |1.0000          |1.6210
8    |0.5774    |0.0417              |1.0000          |1.6190
35   |0.5515    |0.0417              |1.0000          |1.5931
6    |0.5474    |0.0417              |1.0000          |1.5891
18   |0.5389    |0.0500              |1.0000          |1.5889
15   |0.5379    |0.0500              |1.0000          |1.5879
32   |0.5133    |0.0500              |1.0000          |1.5633
20   |0.5082    |0.0500              |1.0000          |1.5582
26   |0.4972    |0.0417              |1.0000          |1.5389
33   |0.0045    |0.3667              |1.0000          |1.3711
27   |0.0004    |0.3500              |1.0000          |1.3504
29   |0.0004    |0.2667              |1.0000          |1.2671
22   |0.0454    |0.0667              |1.0000          |1.1121
30   |0.0475    |0.0500              |1.0000          |1.0975
28   |0.0488    |0.0417              |1.0000          |1.0904
24   |0.0465    |0.0417              |1.0000          |1.0882
25   |0.0004    |0.0417              |1.0000          |1.0421
21   |0.0004    |0.0500              |0.7527          |0.8031

Team Events (sorted, for dev use, diff check with others to ensure truly different schedules created):
------------------------------------------------------------
0, 96, 152, 187, 226, 287
1, 97, 143, 182, 235, 295
2, 102, 153, 180, 239, 301
3, 101, 147, 211, 277, 318
4, 100, 157, 188, 242, 303
5, 94, 149, 199, 249, 292
6, 99, 145, 191, 243, 297
7, 103, 154, 209, 260, 310
8, 105, 163, 177, 225, 286
9, 124, 156, 192, 247, 308
10, 127, 162, 194, 262, 304
11, 123, 165, 190, 255, 316
12, 122, 160, 181, 222, 283
13, 121, 161, 195, 236, 279
14, 120, 151, 205, 268, 309
15, 119, 158, 183, 261, 322
16, 112, 164, 200, 252, 302
17, 118, 155, 213, 276, 324
18, 57, 150, 203, 250, 305
19, 59, 146, 198, 256, 294
20, 85, 130, 212, 228, 270
21, 78, 142, 196, 231, 273
22, 60, 159, 169, 215, 274
23, 77, 144, 214, 267, 306
24, 72, 138, 201, 220, 275
25, 55, 148, 218, 272, 317
27, 89, 104, 221, 265, 285
28, 67, 98, 208, 257, 300
29, 95, 116, 219, 269, 284
30, 62, 90, 216, 259, 299
31, 58, 86, 210, 254, 296
32, 54, 91, 197, 233, 281
33, 71, 87, 206, 227, 271
34, 56, 88, 167, 217, 280
35, 61, 92, 176, 223, 289
36, 73, 114, 185, 238, 288
37, 66, 115, 186, 248, 313
38, 68, 107, 207, 264, 311
39, 70, 117, 189, 230, 290
40, 65, 113, 184, 263, 320
41, 63, 106, 202, 240, 282
42, 74, 125, 172, 224, 278
43, 64, 110, 178, 237, 293
44, 69, 111, 204, 253, 291
45, 82, 135, 170, 251, 325
46, 93, 139, 173, 232, 307
47, 75, 126, 166, 244, 314
48, 80, 141, 171, 234, 298
49, 79, 134, 174, 245, 312
50, 84, 136, 193, 266, 319
51, 83, 140, 168, 241, 315
52, 76, 131, 179, 246, 321
53, 81, 137, 175, 258, 323
