FLL Scheduler GA Summary Report (ID: 2132118894432 | Hash: -3881015970339154819)

Attributes:
--------------------
rank: 0
origin: (C | TimeSlotCrossover)
mutations: 0
clones: 0
_hash: -3881015970339154819
Length: 318

Fitness:
--------------------------
BreakTime           : 0.31062795876048954
LocationConsistency : 0.0
OpponentVariety     : 0.8754111684107535
-----------------------------------
Total               : 1.186039127171243
Percentage          : 39.53%

Per-Objective Statistics (Team Distribution):
-----------------------------------------------------------------
Objective                 | Min      | Max      | Avg      | Range   
-----------------------------------------------------------------
BreakTime                 | 0.0004   | 0.9193   | 0.5394   | 0.9189  
LocationConsistency       | 0.0417   | 0.9500   | 0.2711   | 0.9083  
OpponentVariety           | 0.7527   | 1.0000   | 0.9953   | 0.2473  

Team fitnesses (sorted by total fitness descending):
----------------------------------------------------
Max     : 2.741434
Min     : 0.803112
Range   : 1.938322
Average : 1.805785

Team |BreakTime |LocationConsistency |OpponentVariety |Sum
------------------------------------------------------------
52   |0.7914    |0.9500              |1.0000          |2.7414
46   |0.9185    |0.6417              |1.0000          |2.5602
49   |0.8925    |0.6417              |1.0000          |2.5342
51   |0.8672    |0.6417              |1.0000          |2.5088
40   |0.6732    |0.6417              |1.0000          |2.3148
37   |0.6273    |0.6417              |1.0000          |2.2689
44   |0.5936    |0.6417              |1.0000          |2.2353
45   |0.9139    |0.2667              |1.0000          |2.1805
53   |0.8865    |0.2667              |1.0000          |2.1531
50   |0.8793    |0.2667              |1.0000          |2.1460
3    |0.6329    |0.3500              |1.0000          |1.9829
10   |0.6158    |0.3667              |1.0000          |1.9825
47   |0.9193    |0.0417              |1.0000          |1.9610
42   |0.6764    |0.2667              |1.0000          |1.9431
48   |0.8630    |0.0750              |1.0000          |1.9380
38   |0.6673    |0.2667              |1.0000          |1.9339
39   |0.6637    |0.2667              |1.0000          |1.9304
16   |0.5556    |0.3667              |1.0000          |1.9223
18   |0.5543    |0.3500              |1.0000          |1.9043
6    |0.5474    |0.3500              |1.0000          |1.8974
24   |0.5397    |0.3500              |1.0000          |1.8897
15   |0.5389    |0.3500              |1.0000          |1.8889
5    |0.6216    |0.2667              |1.0000          |1.8883
36   |0.6044    |0.2667              |1.0000          |1.8710
25   |0.6013    |0.2667              |1.0000          |1.8680
4    |0.5895    |0.2667              |1.0000          |1.8562
17   |0.5619    |0.2667              |1.0000          |1.8286
32   |0.5616    |0.2667              |1.0000          |1.8282
31   |0.5515    |0.2667              |1.0000          |1.8181
11   |0.5379    |0.2667              |1.0000          |1.8046
27   |0.5133    |0.2667              |1.0000          |1.7800
22   |0.5082    |0.2667              |1.0000          |1.7749
1    |0.6485    |0.0417              |1.0000          |1.6902
20   |0.0465    |0.6417              |1.0000          |1.6882
43   |0.6257    |0.0500              |1.0000          |1.6757
7    |0.6005    |0.0417              |1.0000          |1.6422
12   |0.5901    |0.0500              |1.0000          |1.6401
13   |0.5920    |0.0417              |1.0000          |1.6336
41   |0.5809    |0.0500              |1.0000          |1.6309
8    |0.5774    |0.0417              |1.0000          |1.6190
14   |0.5758    |0.0417              |1.0000          |1.6174
2    |0.5640    |0.0500              |1.0000          |1.6140
9    |0.5719    |0.0417              |1.0000          |1.6135
26   |0.4972    |0.0667              |1.0000          |1.5639
34   |0.5002    |0.0417              |1.0000          |1.5419
19   |0.0004    |0.3667              |1.0000          |1.3671
29   |0.0045    |0.3500              |1.0000          |1.3545
30   |0.0475    |0.2667              |1.0000          |1.3141
35   |0.0004    |0.2667              |1.0000          |1.2671
28   |0.0488    |0.0750              |1.0000          |1.1238
21   |0.0454    |0.0750              |1.0000          |1.1204
33   |0.0004    |0.0500              |1.0000          |1.0504
23   |0.0004    |0.0500              |0.7527          |0.8031

Team Events (sorted, for dev use, diff check with others to ensure truly different schedules created):
------------------------------------------------------------
0, 109, 161, 178, 224, 286
1, 100, 146, 208, 277, 325
2, 102, 155, 175, 239, 294
3, 97, 143, 183, 232, 300
4, 101, 156, 189, 241, 303
5, 94, 149, 205, 250, 293
6, 96, 154, 187, 228, 287
7, 103, 153, 211, 260, 310
8, 98, 145, 191, 240, 299
9, 118, 158, 182, 261, 321
10, 122, 150, 198, 269, 308
11, 120, 165, 190, 254, 316
12, 121, 163, 174, 223, 282
13, 132, 160, 194, 263, 305
14, 119, 152, 207, 276, 319
15, 125, 157, 192, 247, 309
16, 113, 164, 203, 252, 302
17, 123, 162, 195, 231, 279
18, 74, 138, 202, 221, 275
19, 71, 144, 215, 264, 307
20, 78, 142, 196, 236, 273
21, 58, 147, 204, 259, 301
22, 85, 131, 206, 226, 270
23, 57, 151, 200, 249, 304
24, 54, 159, 169, 214, 274
25, 60, 148, 217, 272, 317
27, 61, 89, 197, 234, 280
28, 67, 99, 210, 258, 295
29, 76, 93, 213, 229, 271
30, 62, 88, 219, 256, 297
31, 55, 86, 179, 222, 289
32, 56, 90, 166, 218, 281
33, 95, 117, 216, 268, 284
34, 59, 92, 209, 255, 298
35, 91, 108, 220, 266, 285
36, 68, 105, 212, 267, 311
37, 77, 116, 188, 237, 290
38, 64, 110, 177, 230, 292
39, 72, 124, 172, 225, 278
40, 66, 115, 186, 251, 313
41, 63, 104, 201, 243, 283
42, 65, 112, 185, 262, 323
43, 75, 114, 184, 238, 288
44, 69, 111, 199, 253, 291
45, 83, 141, 168, 242, 315
46, 82, 134, 170, 248, 318
47, 73, 133, 167, 244, 314
48, 79, 135, 181, 245, 312
49, 70, 130, 176, 246, 322
50, 80, 140, 171, 233, 296
51, 81, 136, 180, 257, 320
52, 84, 137, 193, 265, 324
53, 87, 139, 173, 235, 306
