FLL Scheduler GA Summary Report (ID: 2132126141904 | Hash: 7667273372995968519)

Attributes:
--------------------
rank: 0
origin: (C | RoundTypeCrossover)
mutations: 1
clones: 1
_hash: 7667273372995968519
Length: 318

Fitness:
--------------------------
BreakTime           : 0.31062795876048954
LocationConsistency : 0.0
OpponentVariety     : 0.8754111684107535
-----------------------------------
Total               : 1.186039127171243
Percentage          : 39.53%

Per-Objective Statistics (Team Distribution):
-----------------------------------------------------------------
Objective                 | Min      | Max      | Avg      | Range   
-----------------------------------------------------------------
BreakTime                 | 0.0004   | 0.9193   | 0.5394   | 0.9189  
LocationConsistency       | 0.0417   | 0.6417   | 0.2244   | 0.6000  
OpponentVariety           | 0.7527   | 1.0000   | 0.9953   | 0.2473  

Team fitnesses (sorted by total fitness descending):
----------------------------------------------------
Max     : 2.534208
Min     : 1.050419
Range   : 1.483789
Average : 1.759087

Team |BreakTime |LocationConsistency |OpponentVariety |Sum
------------------------------------------------------------
49   |0.8925    |0.6417              |1.0000          |2.5342
41   |0.6732    |0.6417              |1.0000          |2.3148
53   |0.9139    |0.3500              |1.0000          |2.2639
45   |0.8865    |0.3500              |1.0000          |2.2365
50   |0.8630    |0.3500              |1.0000          |2.2130
34   |0.5616    |0.6417              |1.0000          |2.2032
47   |0.8672    |0.2667              |1.0000          |2.1338
46   |0.7914    |0.2667              |1.0000          |2.0581
9    |0.6329    |0.3500              |1.0000          |1.9829
51   |0.9193    |0.0500              |1.0000          |1.9693
52   |0.9185    |0.0417              |1.0000          |1.9602
42   |0.6764    |0.2667              |1.0000          |1.9431
4    |0.5895    |0.3500              |1.0000          |1.9395
48   |0.8793    |0.0500              |1.0000          |1.9293
1    |0.6485    |0.2667              |1.0000          |1.9152
15   |0.5556    |0.3500              |1.0000          |1.9056
13   |0.5543    |0.3500              |1.0000          |1.9043
43   |0.6257    |0.2667              |1.0000          |1.8923
24   |0.5397    |0.3500              |1.0000          |1.8897
3    |0.6216    |0.2667              |1.0000          |1.8883
11   |0.5379    |0.3500              |1.0000          |1.8879
22   |0.5082    |0.3667              |1.0000          |1.8749
36   |0.6044    |0.2667              |1.0000          |1.8710
17   |0.5901    |0.2667              |1.0000          |1.8568
38   |0.5809    |0.2667              |1.0000          |1.8476
18   |0.5758    |0.2667              |1.0000          |1.8424
5    |0.5719    |0.2667              |1.0000          |1.8385
6    |0.5474    |0.2667              |1.0000          |1.8141
40   |0.6673    |0.0500              |1.0000          |1.7173
39   |0.6637    |0.0417              |1.0000          |1.7054
37   |0.6273    |0.0667              |1.0000          |1.6939
16   |0.6158    |0.0667              |1.0000          |1.6825
25   |0.6013    |0.0667              |1.0000          |1.6680
10   |0.5920    |0.0667              |1.0000          |1.6586
7    |0.6005    |0.0500              |1.0000          |1.6505
44   |0.5936    |0.0500              |1.0000          |1.6436
8    |0.5774    |0.0417              |1.0000          |1.6190
2    |0.5640    |0.0417              |1.0000          |1.6057
12   |0.5619    |0.0417              |1.0000          |1.6036
35   |0.5515    |0.0417              |1.0000          |1.5931
14   |0.5389    |0.0500              |1.0000          |1.5889
26   |0.4972    |0.0667              |1.0000          |1.5639
30   |0.5133    |0.0417              |1.0000          |1.5550
32   |0.5002    |0.0417              |1.0000          |1.5419
33   |0.0045    |0.5250              |1.0000          |1.5295
29   |0.0488    |0.3500              |1.0000          |1.3988
28   |0.0004    |0.3667              |1.0000          |1.3671
19   |0.0465    |0.2667              |1.0000          |1.3132
20   |0.0004    |0.2667              |1.0000          |1.2671
21   |0.0454    |0.0667              |1.0000          |1.1121
23   |0.0004    |0.3500              |0.7527          |1.1031
27   |0.0475    |0.0417              |1.0000          |1.0891
31   |0.0004    |0.0500              |1.0000          |1.0504

Team Events (sorted, for dev use, diff check with others to ensure truly different schedules created):
------------------------------------------------------------
0, 103, 161, 177, 224, 293
1, 100, 146, 208, 277, 318
2, 101, 156, 189, 241, 302
3, 97, 143, 183, 232, 295
4, 99, 145, 196, 240, 297
5, 94, 149, 205, 250, 287
6, 96, 153, 187, 228, 292
7, 108, 154, 211, 261, 310
8, 109, 152, 180, 244, 301
9, 122, 162, 181, 223, 283
10, 120, 150, 198, 262, 309
11, 113, 165, 203, 246, 303
12, 121, 163, 193, 231, 279
13, 118, 155, 207, 276, 324
14, 124, 157, 195, 252, 308
15, 119, 159, 182, 260, 322
16, 123, 164, 197, 254, 316
17, 132, 160, 192, 269, 305
18, 76, 144, 214, 264, 306
19, 72, 138, 202, 220, 275
20, 78, 142, 191, 236, 273
21, 59, 147, 204, 259, 294
22, 85, 130, 206, 226, 270
23, 57, 151, 200, 249, 304
24, 54, 158, 169, 215, 274
26, 60, 148, 218, 272, 317
27, 69, 90, 216, 257, 299
28, 95, 111, 219, 263, 284
29, 64, 98, 210, 258, 300
30, 61, 91, 190, 234, 281
31, 88, 102, 221, 266, 285
32, 58, 86, 209, 255, 296
33, 71, 87, 213, 229, 271
34, 56, 89, 166, 217, 280
35, 55, 93, 176, 222, 290
36, 63, 104, 212, 267, 311
37, 70, 110, 188, 237, 288
38, 68, 105, 201, 243, 282
39, 75, 125, 172, 225, 278
40, 67, 117, 178, 230, 286
41, 65, 115, 186, 251, 313
42, 66, 112, 184, 268, 321
43, 73, 114, 185, 245, 291
44, 62, 116, 199, 247, 289
45, 92, 139, 173, 235, 307
46, 84, 137, 194, 265, 319
47, 82, 136, 175, 256, 323
48, 83, 140, 170, 233, 298
49, 77, 131, 179, 253, 320
50, 79, 134, 174, 238, 312
51, 74, 133, 167, 239, 315
52, 81, 135, 171, 248, 325
53, 80, 141, 168, 242, 314
