FLL Scheduler GA Summary Report (ID: 2132126141120 | Hash: -8421136770347662901)

Attributes:
--------------------
rank: 0
origin: (C | RoundTypeCrossover)
mutations: 0
clones: 0
_hash: -8421136770347662901
Length: 318

Fitness:
--------------------------
BreakTime           : 0.31062795876048954
LocationConsistency : 0.0
OpponentVariety     : 0.8754111684107535
-----------------------------------
Total               : 1.186039127171243
Percentage          : 39.53%

Per-Objective Statistics (Team Distribution):
-----------------------------------------------------------------
Objective                 | Min      | Max      | Avg      | Range   
-----------------------------------------------------------------
BreakTime                 | 0.0004   | 0.9193   | 0.5394   | 0.9189  
LocationConsistency       | 0.0417   | 0.9500   | 0.2458   | 0.9083  
OpponentVariety           | 0.7527   | 1.0000   | 0.9953   | 0.2473  

Team fitnesses (sorted by total fitness descending):
----------------------------------------------------
Max     : 2.554359
Min     : 1.019778
Range   : 1.534581
Average : 1.780471

Team |BreakTime |LocationConsistency |OpponentVariety |Sum
------------------------------------------------------------
42   |0.6044    |0.9500              |1.0000          |2.5544
48   |0.8630    |0.5250              |1.0000          |2.3880
41   |0.6732    |0.6417              |1.0000          |2.3148
39   |0.6257    |0.6417              |1.0000          |2.2673
47   |0.9193    |0.2667              |1.0000          |2.1860
51   |0.9185    |0.2667              |1.0000          |2.1852
45   |0.8865    |0.2667              |1.0000          |2.1531
52   |0.8672    |0.2667              |1.0000          |2.1338
46   |0.7914    |0.2667              |1.0000          |2.0581
38   |0.6764    |0.3500              |1.0000          |2.0264
43   |0.6673    |0.3500              |1.0000          |2.0173
37   |0.6637    |0.3500              |1.0000          |2.0137
53   |0.9139    |0.0500              |1.0000          |1.9639
44   |0.5936    |0.3500              |1.0000          |1.9436
18   |0.5901    |0.3500              |1.0000          |1.9401
9    |0.5719    |0.3667              |1.0000          |1.9385
49   |0.8925    |0.0417              |1.0000          |1.9342
50   |0.8793    |0.0417              |1.0000          |1.9210
1    |0.6485    |0.2667              |1.0000          |1.9152
17   |0.5389    |0.3500              |1.0000          |1.8889
2    |0.6216    |0.2667              |1.0000          |1.8883
15   |0.6158    |0.2667              |1.0000          |1.8825
20   |0.6013    |0.2667              |1.0000          |1.8680
6    |0.6005    |0.2667              |1.0000          |1.8672
10   |0.5920    |0.2667              |1.0000          |1.8586
36   |0.5809    |0.2667              |1.0000          |1.8476
31   |0.5616    |0.2667              |1.0000          |1.8282
11   |0.5556    |0.2667              |1.0000          |1.8223
14   |0.5543    |0.2667              |1.0000          |1.8210
3    |0.5474    |0.2667              |1.0000          |1.8141
13   |0.5379    |0.2667              |1.0000          |1.8046
28   |0.5133    |0.2667              |1.0000          |1.7800
19   |0.5082    |0.2667              |1.0000          |1.7749
5    |0.6329    |0.0500              |1.0000          |1.6829
40   |0.6273    |0.0500              |1.0000          |1.6773
8    |0.5895    |0.0500              |1.0000          |1.6395
7    |0.5774    |0.0500              |1.0000          |1.6274
16   |0.5758    |0.0500              |1.0000          |1.6258
29   |0.5515    |0.0667              |1.0000          |1.6181
12   |0.5619    |0.0500              |1.0000          |1.6119
4    |0.5640    |0.0417              |1.0000          |1.6057
26   |0.5397    |0.0500              |1.0000          |1.5897
25   |0.4972    |0.0500              |1.0000          |1.5472
33   |0.5002    |0.0417              |1.0000          |1.5419
23   |0.0454    |0.3667              |1.0000          |1.4121
30   |0.0004    |0.3667              |1.0000          |1.3671
35   |0.0045    |0.3500              |1.0000          |1.3545
27   |0.0475    |0.2667              |1.0000          |1.3141
21   |0.0465    |0.2667              |1.0000          |1.3132
34   |0.0488    |0.0750              |1.0000          |1.1238
32   |0.0004    |0.0500              |1.0000          |1.0504
24   |0.0004    |0.0417              |1.0000          |1.0421
22   |0.0004    |0.2667              |0.7527          |1.0198

Team Events (sorted, for dev use, diff check with others to ensure truly different schedules created):
------------------------------------------------------------
0, 105, 162, 177, 224, 293
1, 94, 156, 188, 241, 303
2, 100, 149, 204, 250, 287
3, 95, 146, 211, 277, 318
4, 102, 152, 180, 244, 301
5, 98, 153, 187, 226, 292
6, 103, 154, 208, 254, 310
7, 99, 142, 183, 232, 295
8, 97, 145, 194, 240, 297
9, 123, 160, 181, 223, 283
10, 118, 157, 195, 252, 309
11, 113, 164, 202, 246, 302
12, 121, 150, 198, 263, 308
13, 120, 161, 193, 231, 278
14, 124, 159, 182, 255, 323
15, 126, 163, 192, 269, 304
16, 125, 155, 212, 276, 325
17, 122, 165, 197, 260, 316
18, 56, 147, 205, 256, 294
19, 61, 158, 170, 214, 272
20, 77, 144, 215, 264, 307
21, 85, 129, 213, 228, 271
22, 79, 143, 191, 236, 275
23, 72, 138, 203, 221, 273
25, 55, 148, 218, 274, 317
26, 58, 151, 200, 249, 305
27, 69, 90, 216, 258, 299
28, 54, 91, 190, 234, 281
29, 60, 92, 176, 222, 290
30, 101, 117, 219, 262, 285
31, 59, 88, 173, 217, 280
32, 89, 104, 220, 266, 284
33, 57, 87, 210, 261, 296
34, 64, 96, 209, 257, 300
35, 71, 86, 206, 227, 270
36, 68, 106, 201, 243, 282
37, 74, 119, 167, 225, 279
38, 66, 112, 184, 268, 320
39, 73, 115, 185, 245, 291
40, 70, 116, 189, 237, 288
41, 65, 114, 186, 251, 313
42, 63, 107, 207, 267, 311
43, 67, 110, 178, 230, 286
44, 62, 111, 199, 247, 289
45, 93, 139, 166, 235, 306
46, 84, 136, 196, 265, 319
47, 75, 127, 172, 239, 314
48, 78, 134, 174, 238, 312
49, 76, 128, 179, 253, 321
50, 83, 141, 168, 233, 298
51, 80, 135, 169, 248, 324
52, 82, 137, 175, 259, 322
53, 81, 140, 171, 242, 315
