FLL Scheduler GA Summary Report (ID: 2132111937312 | Hash: 6257385170558664090)

Attributes:
--------------------
rank: 0
origin: (C | KPoint(k=3))
mutations: 0
clones: 0
_hash: 6257385170558664090
Length: 318

Fitness:
--------------------------
BreakTime           : 0.31062795876048954
LocationConsistency : 0.0
OpponentVariety     : 0.8754111684107535
-----------------------------------
Total               : 1.186039127171243
Percentage          : 39.53%

Per-Objective Statistics (Team Distribution):
-----------------------------------------------------------------
Objective                 | Min      | Max      | Avg      | Range   
-----------------------------------------------------------------
BreakTime                 | 0.0004   | 0.9193   | 0.5394   | 0.9189  
LocationConsistency       | 0.0417   | 0.6417   | 0.2263   | 0.6000  
OpponentVariety           | 0.7527   | 1.0000   | 0.9953   | 0.2473  

Team fitnesses (sorted by total fitness descending):
----------------------------------------------------
Max     : 2.263256
Min     : 1.067072
Range   : 1.196185
Average : 1.760974

Team |BreakTime |LocationConsistency |OpponentVariety |Sum
------------------------------------------------------------
5    |0.6216    |0.6417              |1.0000          |2.2633
48   |0.8630    |0.3667              |1.0000          |2.2297
4    |0.5640    |0.6417              |1.0000          |2.2057
47   |0.9193    |0.2667              |1.0000          |2.1860
52   |0.9185    |0.2667              |1.0000          |2.1852
53   |0.9139    |0.2667              |1.0000          |2.1805
49   |0.8925    |0.2667              |1.0000          |2.1592
45   |0.8865    |0.2667              |1.0000          |2.1531
14   |0.5543    |0.5250              |1.0000          |2.0793
38   |0.6764    |0.3500              |1.0000          |2.0264
41   |0.6732    |0.3500              |1.0000          |2.0232
43   |0.6673    |0.3500              |1.0000          |2.0173
42   |0.6044    |0.3500              |1.0000          |1.9544
6    |0.6005    |0.3500              |1.0000          |1.9505
39   |0.5936    |0.3500              |1.0000          |1.9436
9    |0.5719    |0.3667              |1.0000          |1.9385
50   |0.8793    |0.0500              |1.0000          |1.9293
32   |0.5616    |0.3667              |1.0000          |1.9282
51   |0.8672    |0.0417              |1.0000          |1.9088
40   |0.6273    |0.2667              |1.0000          |1.8939
44   |0.6257    |0.2667              |1.0000          |1.8923
17   |0.5389    |0.3500              |1.0000          |1.8889
13   |0.5379    |0.3500              |1.0000          |1.8879
36   |0.5809    |0.2667              |1.0000          |1.8476
46   |0.7914    |0.0417              |1.0000          |1.8331
2    |0.5474    |0.2667              |1.0000          |1.8141
26   |0.5397    |0.2667              |1.0000          |1.8064
19   |0.5082    |0.2667              |1.0000          |1.7749
30   |0.5002    |0.2667              |1.0000          |1.7669
37   |0.6637    |0.0417              |1.0000          |1.7054
1    |0.6485    |0.0417              |1.0000          |1.6902
15   |0.6158    |0.0667              |1.0000          |1.6825
20   |0.6013    |0.0750              |1.0000          |1.6763
3    |0.6329    |0.0417              |1.0000          |1.6745
18   |0.5901    |0.0500              |1.0000          |1.6401
10   |0.5920    |0.0417              |1.0000          |1.6336
8    |0.5895    |0.0417              |1.0000          |1.6312
11   |0.5556    |0.0667              |1.0000          |1.6223
7    |0.5774    |0.0417              |1.0000          |1.6190
16   |0.5758    |0.0417              |1.0000          |1.6174
12   |0.5619    |0.0417              |1.0000          |1.6036
33   |0.5515    |0.0417              |1.0000          |1.5931
25   |0.4972    |0.0750              |1.0000          |1.5722
31   |0.5133    |0.0417              |1.0000          |1.5550
21   |0.0465    |0.3500              |1.0000          |1.3965
22   |0.0004    |0.6417              |0.7527          |1.3948
28   |0.0045    |0.3500              |1.0000          |1.3545
29   |0.0004    |0.3500              |1.0000          |1.3504
24   |0.0004    |0.2667              |1.0000          |1.2671
34   |0.0488    |0.0667              |1.0000          |1.1154
23   |0.0454    |0.0667              |1.0000          |1.1121
35   |0.0475    |0.0417              |1.0000          |1.0891
27   |0.0004    |0.0667              |1.0000          |1.0671

Team Events (sorted, for dev use, diff check with others to ensure truly different schedules created):
------------------------------------------------------------
0, 107, 162, 177, 224, 293
1, 100, 149, 204, 250, 287
2, 102, 152, 175, 244, 301
3, 95, 147, 211, 271, 318
4, 94, 156, 182, 241, 308
5, 98, 153, 186, 228, 292
6, 103, 154, 208, 261, 310
7, 99, 142, 188, 232, 295
8, 97, 145, 197, 240, 297
9, 122, 160, 174, 223, 283
10, 125, 157, 195, 252, 302
11, 113, 164, 203, 246, 309
12, 120, 150, 198, 263, 303
13, 121, 161, 193, 231, 279
14, 119, 159, 189, 260, 322
15, 126, 163, 192, 269, 306
16, 118, 155, 212, 270, 324
17, 123, 165, 196, 255, 316
18, 59, 146, 205, 259, 294
19, 54, 158, 168, 215, 272
20, 71, 144, 214, 264, 304
21, 85, 130, 213, 226, 276
22, 79, 143, 190, 236, 275
23, 75, 138, 202, 220, 273
25, 60, 148, 218, 274, 317
26, 57, 151, 200, 249, 307
27, 101, 117, 219, 262, 284
28, 76, 86, 206, 229, 277
29, 89, 106, 221, 266, 285
30, 58, 87, 210, 254, 296
31, 61, 91, 191, 234, 281
32, 56, 88, 172, 217, 280
33, 55, 92, 176, 222, 290
34, 64, 96, 209, 258, 300
35, 69, 90, 216, 257, 299
36, 68, 105, 201, 243, 282
37, 72, 124, 167, 225, 278
38, 66, 112, 184, 268, 320
39, 62, 111, 199, 247, 289
40, 77, 116, 183, 237, 288
41, 65, 114, 187, 251, 313
42, 63, 104, 207, 267, 311
43, 67, 110, 178, 230, 286
44, 74, 115, 185, 245, 291
45, 93, 139, 166, 235, 305
46, 84, 136, 194, 265, 319
47, 73, 127, 173, 239, 314
48, 78, 134, 181, 238, 312
49, 70, 131, 179, 253, 321
50, 83, 141, 170, 233, 298
51, 82, 137, 180, 256, 323
52, 80, 135, 171, 248, 325
53, 81, 140, 169, 242, 315
