FLL Scheduler GA Summary Report (ID: 2132118890176 | Hash: -4188392282530286268)

Attributes:
--------------------
rank: 0
origin: (C | KPoint(k=2))
mutations: 1
clones: 1
_hash: -4188392282530286268
Length: 318

Fitness:
--------------------------
BreakTime           : 0.31062795876048954
LocationConsistency : 0.0
OpponentVariety     : 0.8754111684107535
-----------------------------------
Total               : 1.186039127171243
Percentage          : 39.53%

Per-Objective Statistics (Team Distribution):
-----------------------------------------------------------------
Objective                 | Min      | Max      | Avg      | Range   
-----------------------------------------------------------------
BreakTime                 | 0.0004   | 0.9193   | 0.5394   | 0.9189  
LocationConsistency       | 0.0417   | 0.6417   | 0.2211   | 0.6000  
OpponentVariety           | 0.7527   | 1.0000   | 0.9953   | 0.2473  

Team fitnesses (sorted by total fitness descending):
----------------------------------------------------
Max     : 2.534208
Min     : 0.794778
Range   : 1.739429
Average : 1.755785

Team |BreakTime |LocationConsistency |OpponentVariety |Sum
------------------------------------------------------------
49   |0.8925    |0.6417              |1.0000          |2.5342
50   |0.8793    |0.3500              |1.0000          |2.2293
8    |0.5774    |0.6417              |1.0000          |2.2190
48   |0.8630    |0.3500              |1.0000          |2.2130
53   |0.9139    |0.2667              |1.0000          |2.1805
45   |0.8865    |0.2667              |1.0000          |2.1531
51   |0.8672    |0.2667              |1.0000          |2.1338
44   |0.6732    |0.3667              |1.0000          |2.0398
43   |0.6257    |0.3667              |1.0000          |1.9923
3    |0.6329    |0.3500              |1.0000          |1.9829
47   |0.9193    |0.0417              |1.0000          |1.9610
46   |0.9185    |0.0417              |1.0000          |1.9602
36   |0.6044    |0.3500              |1.0000          |1.9544
1    |0.6485    |0.2667              |1.0000          |1.9152
2    |0.5640    |0.3500              |1.0000          |1.9140
14   |0.5619    |0.3500              |1.0000          |1.9119
23   |0.5397    |0.3500              |1.0000          |1.8897
5    |0.6216    |0.2667              |1.0000          |1.8883
11   |0.5920    |0.2667              |1.0000          |1.8586
12   |0.5901    |0.2667              |1.0000          |1.8568
4    |0.5895    |0.2667              |1.0000          |1.8562
16   |0.5758    |0.2667              |1.0000          |1.8424
7    |0.5719    |0.2667              |1.0000          |1.8385
52   |0.7914    |0.0417              |1.0000          |1.8331
6    |0.5474    |0.2667              |1.0000          |1.8141
17   |0.5389    |0.2667              |1.0000          |1.8056
28   |0.5133    |0.2667              |1.0000          |1.7800
20   |0.5082    |0.2667              |1.0000          |1.7749
29   |0.5002    |0.2667              |1.0000          |1.7669
42   |0.6764    |0.0667              |1.0000          |1.7431
38   |0.6673    |0.0500              |1.0000          |1.7173
39   |0.6637    |0.0417              |1.0000          |1.7054
37   |0.6273    |0.0667              |1.0000          |1.6939
10   |0.6158    |0.0417              |1.0000          |1.6575
40   |0.5936    |0.0500              |1.0000          |1.6436
25   |0.6013    |0.0417              |1.0000          |1.6430
9    |0.6005    |0.0417              |1.0000          |1.6422
27   |0.0004    |0.6417              |1.0000          |1.6421
41   |0.5809    |0.0500              |1.0000          |1.6309
15   |0.5556    |0.0500              |1.0000          |1.6056
18   |0.5543    |0.0500              |1.0000          |1.6043
32   |0.5616    |0.0417              |1.0000          |1.6032
35   |0.5515    |0.0417              |1.0000          |1.5931
13   |0.5379    |0.0500              |1.0000          |1.5879
24   |0.4972    |0.0750              |1.0000          |1.5722
30   |0.0045    |0.5250              |1.0000          |1.5295
31   |0.0475    |0.2667              |1.0000          |1.3141
21   |0.0465    |0.2667              |1.0000          |1.3132
26   |0.0004    |0.2667              |1.0000          |1.2671
33   |0.0004    |0.2667              |1.0000          |1.2671
19   |0.0454    |0.0500              |1.0000          |1.0954
34   |0.0488    |0.0417              |1.0000          |1.0904
22   |0.0004    |0.0417              |0.7527          |0.7948

Team Events (sorted, for dev use, diff check with others to ensure truly different schedules created):
------------------------------------------------------------
0, 102, 161, 178, 224, 286
1, 101, 147, 210, 277, 325
2, 109, 154, 175, 239, 301
3, 97, 143, 182, 235, 295
4, 100, 157, 189, 243, 303
5, 94, 149, 205, 251, 292
6, 98, 145, 196, 242, 296
7, 108, 152, 208, 260, 310
8, 96, 155, 186, 228, 287
9, 124, 158, 183, 261, 321
10, 120, 163, 174, 223, 280
11, 121, 165, 197, 254, 316
12, 122, 151, 198, 268, 308
13, 115, 164, 203, 246, 302
14, 119, 156, 195, 253, 309
15, 127, 160, 192, 262, 305
16, 125, 153, 213, 276, 319
17, 123, 162, 193, 236, 284
18, 84, 142, 191, 231, 272
19, 59, 146, 204, 259, 294
20, 77, 144, 221, 266, 307
21, 78, 129, 212, 226, 271
22, 57, 150, 200, 249, 304
23, 60, 148, 217, 273, 317
24, 54, 159, 169, 220, 274
26, 73, 139, 202, 214, 275
27, 88, 103, 215, 264, 278
28, 61, 90, 190, 233, 282
29, 58, 87, 211, 255, 297
30, 70, 86, 206, 229, 270
31, 69, 91, 219, 256, 298
32, 56, 89, 166, 218, 283
33, 95, 110, 216, 269, 279
34, 64, 99, 209, 258, 300
35, 55, 93, 179, 222, 289
36, 63, 107, 207, 265, 311
37, 71, 111, 188, 230, 290
38, 67, 116, 177, 237, 293
39, 75, 118, 172, 225, 285
40, 62, 117, 199, 247, 291
41, 68, 106, 201, 240, 281
42, 66, 114, 184, 263, 323
43, 72, 112, 185, 238, 288
44, 65, 113, 187, 250, 313
45, 92, 138, 173, 232, 306
46, 81, 135, 170, 248, 318
47, 74, 126, 167, 244, 315
48, 85, 134, 181, 245, 312
49, 76, 128, 176, 252, 322
50, 83, 141, 171, 234, 299
51, 82, 136, 180, 257, 320
52, 79, 137, 194, 267, 324
53, 80, 140, 168, 241, 314
