FLL Scheduler GA Summary Report (ID: 2132037131776 | Hash: 2165392135509231247)

Attributes:
--------------------
rank: 0
origin: (C | KPoint(k=1))
mutations: 0
clones: 0
_hash: 2165392135509231247
Length: 318

Fitness:
--------------------------
BreakTime           : 0.31062795876048954
LocationConsistency : 0.0
OpponentVariety     : 0.8754111684107535
-----------------------------------
Total               : 1.186039127171243
Percentage          : 39.53%

Per-Objective Statistics (Team Distribution):
-----------------------------------------------------------------
Objective                 | Min      | Max      | Avg      | Range   
-----------------------------------------------------------------
BreakTime                 | 0.0004   | 0.9193   | 0.5394   | 0.9189  
LocationConsistency       | 0.0417   | 0.6417   | 0.1903   | 0.6000  
OpponentVariety           | 0.7527   | 1.0000   | 0.9953   | 0.2473  

Team fitnesses (sorted by total fitness descending):
----------------------------------------------------
Max     : 2.269312
Min     : 1.019778
Range   : 1.249534
Average : 1.724968

Team |BreakTime |LocationConsistency |OpponentVariety |Sum
------------------------------------------------------------
47   |0.9193    |0.3500              |1.0000          |2.2693
39   |0.5936    |0.6417              |1.0000          |2.2353
50   |0.8793    |0.3500              |1.0000          |2.2293
49   |0.9139    |0.2667              |1.0000          |2.1805
51   |0.8672    |0.2667              |1.0000          |2.1338
48   |0.8630    |0.2667              |1.0000          |2.1297
52   |0.7914    |0.2667              |1.0000          |2.0581
42   |0.6673    |0.3500              |1.0000          |2.0173
6    |0.6216    |0.3500              |1.0000          |1.9716
46   |0.9185    |0.0417              |1.0000          |1.9602
37   |0.6764    |0.2667              |1.0000          |1.9431
4    |0.5719    |0.3667              |1.0000          |1.9385
53   |0.8925    |0.0417              |1.0000          |1.9342
45   |0.8865    |0.0417              |1.0000          |1.9281
41   |0.6257    |0.2667              |1.0000          |1.8923
12   |0.6158    |0.2667              |1.0000          |1.8825
2    |0.5895    |0.2667              |1.0000          |1.8562
43   |0.5809    |0.2667              |1.0000          |1.8476
3    |0.5774    |0.2667              |1.0000          |1.8440
11   |0.5758    |0.2667              |1.0000          |1.8424
7    |0.5640    |0.2667              |1.0000          |1.8307
15   |0.5619    |0.2667              |1.0000          |1.8286
27   |0.5133    |0.2667              |1.0000          |1.7800
24   |0.5082    |0.2667              |1.0000          |1.7749
29   |0.5002    |0.2667              |1.0000          |1.7669
40   |0.6732    |0.0750              |1.0000          |1.7482
44   |0.6637    |0.0417              |1.0000          |1.7054
34   |0.0488    |0.6417              |1.0000          |1.6904
1    |0.6485    |0.0417              |1.0000          |1.6902
5    |0.6329    |0.0500              |1.0000          |1.6829
36   |0.6273    |0.0500              |1.0000          |1.6773
38   |0.6044    |0.0417              |1.0000          |1.6460
21   |0.6013    |0.0417              |1.0000          |1.6430
8    |0.6005    |0.0417              |1.0000          |1.6422
16   |0.5901    |0.0500              |1.0000          |1.6401
14   |0.5920    |0.0417              |1.0000          |1.6336
9    |0.5474    |0.0750              |1.0000          |1.6224
13   |0.5543    |0.0667              |1.0000          |1.6210
35   |0.5515    |0.0667              |1.0000          |1.6181
17   |0.5389    |0.0750              |1.0000          |1.6139
32   |0.5616    |0.0417              |1.0000          |1.6032
10   |0.5556    |0.0417              |1.0000          |1.5973
19   |0.5397    |0.0500              |1.0000          |1.5897
18   |0.5379    |0.0500              |1.0000          |1.5879
26   |0.4972    |0.0417              |1.0000          |1.5389
31   |0.0475    |0.3500              |1.0000          |1.3975
33   |0.0004    |0.3667              |1.0000          |1.3671
23   |0.0454    |0.2667              |1.0000          |1.3121
22   |0.0004    |0.2667              |1.0000          |1.2671
25   |0.0465    |0.0500              |1.0000          |1.0965
30   |0.0045    |0.0500              |1.0000          |1.0545
28   |0.0004    |0.0417              |1.0000          |1.0421
20   |0.0004    |0.2667              |0.7527          |1.0198

Team Events (sorted, for dev use, diff check with others to ensure truly different schedules created):
------------------------------------------------------------
0, 105, 163, 178, 224, 286
1, 98, 143, 189, 235, 295
2, 103, 154, 209, 255, 310
3, 97, 145, 191, 243, 297
4, 102, 152, 175, 245, 301
5, 94, 151, 183, 242, 303
6, 95, 147, 211, 277, 318
7, 99, 153, 184, 226, 287
8, 101, 149, 204, 249, 292
9, 124, 150, 192, 247, 309
10, 127, 162, 194, 262, 305
11, 119, 158, 188, 254, 322
12, 121, 161, 195, 236, 279
13, 122, 160, 174, 223, 283
14, 112, 164, 203, 252, 302
15, 123, 165, 190, 260, 316
16, 118, 155, 212, 276, 324
17, 120, 157, 198, 268, 308
19, 57, 156, 200, 250, 304
20, 78, 130, 213, 228, 270
21, 60, 159, 169, 221, 274
22, 72, 138, 202, 214, 275
23, 84, 142, 196, 231, 273
24, 59, 146, 205, 259, 294
25, 70, 144, 220, 267, 307
26, 55, 148, 217, 272, 317
27, 54, 89, 197, 233, 280
28, 90, 104, 215, 265, 285
29, 58, 87, 210, 261, 296
30, 77, 86, 207, 227, 271
31, 62, 88, 219, 256, 299
32, 56, 91, 167, 218, 281
33, 100, 116, 216, 269, 284
34, 66, 96, 208, 258, 300
35, 61, 93, 179, 222, 289
36, 76, 117, 182, 230, 290
37, 64, 113, 187, 263, 320
38, 68, 107, 206, 264, 311
39, 69, 111, 199, 253, 291
40, 67, 115, 185, 248, 313
41, 73, 114, 186, 244, 288
42, 65, 110, 177, 237, 293
43, 63, 106, 201, 240, 282
44, 74, 125, 172, 225, 278
45, 92, 139, 173, 232, 306
46, 81, 135, 170, 251, 325
47, 75, 126, 166, 238, 314
48, 85, 134, 181, 239, 312
49, 80, 140, 168, 241, 315
50, 83, 141, 171, 234, 298
51, 82, 137, 180, 257, 323
52, 79, 136, 193, 266, 319
53, 71, 131, 176, 246, 321
