FLL Scheduler GA Summary Report (ID: 2132111945376 | Hash: -587029109094260154)

Attributes:
--------------------
rank: 0
origin: (C | RoundTypeCrossover)
mutations: 0
clones: 0
_hash: -587029109094260154
Length: 318

Fitness:
--------------------------
BreakTime           : 0.31062795876048954
LocationConsistency : 0.0
OpponentVariety     : 0.8754111684107535
-----------------------------------
Total               : 1.186039127171243
Percentage          : 39.53%

Per-Objective Statistics (Team Distribution):
-----------------------------------------------------------------
Objective                 | Min      | Max      | Avg      | Range   
-----------------------------------------------------------------
BreakTime                 | 0.0004   | 0.9193   | 0.5394   | 0.9189  
LocationConsistency       | 0.0417   | 0.9500   | 0.2412   | 0.9083  
OpponentVariety           | 0.7527   | 1.0000   | 0.9953   | 0.2473  

Team fitnesses (sorted by total fitness descending):
----------------------------------------------------
Max     : 2.836467
Min     : 1.019778
Range   : 1.816689
Average : 1.775911

Team |BreakTime |LocationConsistency |OpponentVariety |Sum
------------------------------------------------------------
50   |0.8865    |0.9500              |1.0000          |2.8365
40   |0.6732    |0.6417              |1.0000          |2.3148
5    |0.6216    |0.6417              |1.0000          |2.2633
3    |0.5719    |0.6417              |1.0000          |2.2135
49   |0.8630    |0.3500              |1.0000          |2.2130
6    |0.5640    |0.6417              |1.0000          |2.2057
12   |0.5619    |0.6417              |1.0000          |2.2036
27   |0.5616    |0.6417              |1.0000          |2.2032
51   |0.9139    |0.2667              |1.0000          |2.1805
48   |0.8793    |0.2667              |1.0000          |2.1460
53   |0.8672    |0.2667              |1.0000          |2.1338
45   |0.7914    |0.2667              |1.0000          |2.0581
46   |0.9193    |0.0417              |1.0000          |1.9610
47   |0.9185    |0.0417              |1.0000          |1.9602
52   |0.8925    |0.0417              |1.0000          |1.9342
44   |0.6673    |0.2667              |1.0000          |1.9339
41   |0.5809    |0.3500              |1.0000          |1.9309
10   |0.5556    |0.3667              |1.0000          |1.9223
9    |0.6485    |0.2667              |1.0000          |1.9152
36   |0.6273    |0.2667              |1.0000          |1.8939
39   |0.6257    |0.2667              |1.0000          |1.8923
15   |0.6158    |0.2667              |1.0000          |1.8825
23   |0.6013    |0.2667              |1.0000          |1.8680
8    |0.5895    |0.2667              |1.0000          |1.8562
17   |0.5758    |0.2667              |1.0000          |1.8424
25   |0.5397    |0.2667              |1.0000          |1.8064
31   |0.5002    |0.2667              |1.0000          |1.7669
42   |0.6764    |0.0500              |1.0000          |1.7264
37   |0.6637    |0.0417              |1.0000          |1.7054
1    |0.6329    |0.0500              |1.0000          |1.6829
43   |0.5936    |0.0750              |1.0000          |1.6686
38   |0.6044    |0.0500              |1.0000          |1.6544
2    |0.6005    |0.0500              |1.0000          |1.6505
32   |0.0045    |0.6417              |1.0000          |1.6461
11   |0.5920    |0.0417              |1.0000          |1.6336
18   |0.5901    |0.0417              |1.0000          |1.6318
14   |0.5543    |0.0750              |1.0000          |1.6293
7    |0.5774    |0.0417              |1.0000          |1.6190
4    |0.5474    |0.0667              |1.0000          |1.6141
16   |0.5389    |0.0750              |1.0000          |1.6139
33   |0.5515    |0.0417              |1.0000          |1.5931
13   |0.5379    |0.0500              |1.0000          |1.5879
34   |0.5133    |0.0417              |1.0000          |1.5550
19   |0.5082    |0.0417              |1.0000          |1.5499
26   |0.4972    |0.0417              |1.0000          |1.5389
29   |0.0488    |0.3500              |1.0000          |1.3988
22   |0.0454    |0.3500              |1.0000          |1.3954
30   |0.0004    |0.3667              |1.0000          |1.3671
28   |0.0475    |0.0500              |1.0000          |1.0975
20   |0.0465    |0.0417              |1.0000          |1.0882
35   |0.0004    |0.0750              |1.0000          |1.0754
21   |0.0004    |0.0417              |1.0000          |1.0421
24   |0.0004    |0.2667              |0.7527          |1.0198

Team Events (sorted, for dev use, diff check with others to ensure truly different schedules created):
------------------------------------------------------------
0, 102, 153, 180, 244, 301
1, 99, 152, 186, 226, 287
2, 96, 145, 191, 240, 297
3, 101, 149, 198, 249, 292
4, 95, 157, 189, 241, 303
5, 94, 147, 211, 277, 318
6, 103, 154, 208, 260, 310
7, 98, 143, 182, 232, 295
8, 105, 163, 177, 224, 286
9, 124, 156, 192, 247, 308
10, 122, 160, 181, 223, 283
11, 112, 164, 200, 252, 302
12, 120, 151, 204, 268, 309
13, 121, 161, 195, 231, 279
14, 119, 158, 183, 261, 322
15, 118, 155, 212, 276, 324
16, 132, 162, 194, 262, 304
17, 123, 165, 190, 255, 316
18, 59, 146, 199, 256, 294
19, 77, 144, 214, 267, 306
20, 72, 138, 201, 220, 275
21, 84, 142, 196, 236, 273
23, 60, 159, 169, 215, 274
24, 78, 129, 213, 228, 270
25, 57, 150, 203, 250, 305
26, 55, 148, 218, 272, 317
27, 56, 89, 167, 217, 280
28, 69, 90, 216, 259, 299
29, 64, 97, 209, 257, 300
30, 100, 116, 219, 269, 284
31, 58, 87, 210, 254, 296
32, 71, 86, 206, 227, 271
33, 61, 92, 176, 222, 289
34, 54, 91, 197, 234, 281
35, 88, 104, 221, 265, 285
36, 70, 117, 188, 237, 290
37, 74, 125, 172, 225, 278
38, 62, 107, 207, 264, 311
39, 73, 114, 185, 245, 288
40, 65, 115, 187, 248, 313
41, 68, 106, 202, 243, 282
42, 66, 113, 184, 263, 320
43, 63, 111, 205, 253, 291
44, 67, 110, 178, 230, 293
45, 79, 136, 193, 266, 319
46, 75, 133, 166, 239, 314
47, 81, 135, 170, 251, 325
48, 83, 141, 171, 233, 298
49, 85, 134, 174, 238, 312
50, 93, 139, 173, 235, 307
51, 80, 140, 168, 242, 315
52, 76, 128, 179, 246, 321
53, 82, 137, 175, 258, 323
