FLL Scheduler GA Summary Report (ID: 2132118885920 | Hash: -139162560219080642)

Attributes:
--------------------
rank: 0
origin: (C | KPoint(k=3))
mutations: 0
clones: 0
_hash: -139162560219080642
Length: 318

Fitness:
--------------------------
BreakTime           : 0.31062795876048954
LocationConsistency : 0.0
OpponentVariety     : 0.8754111684107535
-----------------------------------
Total               : 1.186039127171243
Percentage          : 39.53%

Per-Objective Statistics (Team Distribution):
-----------------------------------------------------------------
Objective                 | Min      | Max      | Avg      | Range   
-----------------------------------------------------------------
BreakTime                 | 0.0004   | 0.9193   | 0.5394   | 0.9189  
LocationConsistency       | 0.0417   | 0.9500   | 0.2146   | 0.9083  
OpponentVariety           | 0.7527   | 1.0000   | 0.9953   | 0.2473  

Team fitnesses (sorted by total fitness descending):
----------------------------------------------------
Max     : 2.539497
Min     : 1.019778
Range   : 1.519719
Average : 1.749339

Team |BreakTime |LocationConsistency |OpponentVariety |Sum
------------------------------------------------------------
9    |0.5895    |0.9500              |1.0000          |2.5395
40   |0.6732    |0.6417              |1.0000          |2.3148
48   |0.8630    |0.3667              |1.0000          |2.2297
52   |0.9185    |0.2667              |1.0000          |2.1852
53   |0.9139    |0.2667              |1.0000          |2.1805
49   |0.8925    |0.2667              |1.0000          |2.1592
51   |0.8672    |0.2667              |1.0000          |2.1338
46   |0.7914    |0.2667              |1.0000          |2.0581
38   |0.6764    |0.3500              |1.0000          |2.0264
41   |0.6673    |0.3500              |1.0000          |2.0173
15   |0.6158    |0.3667              |1.0000          |1.9825
47   |0.9193    |0.0500              |1.0000          |1.9693
36   |0.6044    |0.3500              |1.0000          |1.9544
25   |0.6013    |0.3500              |1.0000          |1.9513
6    |0.6005    |0.3500              |1.0000          |1.9505
50   |0.8793    |0.0500              |1.0000          |1.9293
32   |0.5616    |0.3667              |1.0000          |1.9282
45   |0.8865    |0.0417              |1.0000          |1.9281
5    |0.6329    |0.2667              |1.0000          |1.8995
39   |0.6257    |0.2667              |1.0000          |1.8923
44   |0.5936    |0.2667              |1.0000          |1.8603
18   |0.5901    |0.2667              |1.0000          |1.8568
27   |0.5002    |0.3500              |1.0000          |1.8502
16   |0.5758    |0.2667              |1.0000          |1.8424
4    |0.5640    |0.2667              |1.0000          |1.8307
11   |0.5556    |0.2667              |1.0000          |1.8223
3    |0.5474    |0.2667              |1.0000          |1.8141
19   |0.5397    |0.2667              |1.0000          |1.8064
21   |0.5082    |0.2667              |1.0000          |1.7749
43   |0.6637    |0.0417              |1.0000          |1.7054
2    |0.6216    |0.0750              |1.0000          |1.6966
1    |0.6485    |0.0417              |1.0000          |1.6902
37   |0.6273    |0.0500              |1.0000          |1.6773
10   |0.5920    |0.0667              |1.0000          |1.6586
42   |0.5809    |0.0500              |1.0000          |1.6309
7    |0.5774    |0.0417              |1.0000          |1.6190
8    |0.5719    |0.0417              |1.0000          |1.6135
14   |0.5543    |0.0500              |1.0000          |1.6043
12   |0.5619    |0.0417              |1.0000          |1.6036
31   |0.5515    |0.0417              |1.0000          |1.5931
17   |0.5389    |0.0500              |1.0000          |1.5889
13   |0.5379    |0.0500              |1.0000          |1.5879
26   |0.4972    |0.0750              |1.0000          |1.5722
33   |0.5133    |0.0417              |1.0000          |1.5550
35   |0.0045    |0.3500              |1.0000          |1.3545
23   |0.0004    |0.3500              |1.0000          |1.3504
22   |0.0465    |0.2667              |1.0000          |1.3132
24   |0.0454    |0.2667              |1.0000          |1.3121
29   |0.0475    |0.0500              |1.0000          |1.0975
34   |0.0488    |0.0417              |1.0000          |1.0904
30   |0.0004    |0.0500              |1.0000          |1.0504
28   |0.0004    |0.0417              |1.0000          |1.0421
20   |0.0004    |0.2667              |0.7527          |1.0198

Team Events (sorted, for dev use, diff check with others to ensure truly different schedules created):
------------------------------------------------------------
0, 103, 161, 178, 224, 293
1, 101, 157, 188, 241, 308
2, 94, 149, 198, 250, 287
3, 100, 147, 211, 271, 318
4, 109, 154, 175, 244, 301
5, 97, 155, 187, 228, 292
6, 108, 153, 208, 261, 310
7, 98, 145, 196, 240, 299
8, 96, 143, 183, 232, 295
9, 122, 162, 174, 223, 283
10, 125, 156, 195, 252, 302
11, 113, 164, 200, 247, 309
12, 121, 150, 204, 263, 303
13, 120, 163, 193, 231, 279
14, 118, 158, 182, 260, 322
15, 132, 160, 192, 269, 305
16, 119, 152, 212, 270, 324
17, 123, 165, 197, 255, 316
19, 57, 151, 203, 249, 304
20, 85, 129, 213, 226, 276
21, 59, 146, 199, 259, 294
22, 77, 144, 214, 264, 307
23, 72, 137, 201, 220, 273
24, 79, 142, 191, 236, 275
25, 54, 159, 168, 215, 272
26, 60, 148, 218, 274, 317
27, 58, 87, 210, 254, 298
28, 95, 117, 219, 262, 284
29, 69, 90, 216, 257, 296
30, 89, 102, 221, 266, 285
31, 55, 92, 179, 222, 290
32, 56, 88, 166, 217, 280
33, 61, 91, 190, 234, 281
34, 64, 99, 209, 258, 300
35, 71, 86, 206, 229, 277
36, 63, 104, 207, 267, 311
37, 70, 116, 189, 237, 288
38, 66, 112, 184, 268, 320
39, 73, 114, 185, 245, 291
40, 65, 115, 186, 251, 313
41, 67, 110, 177, 230, 286
42, 68, 105, 202, 243, 282
43, 74, 124, 173, 225, 278
44, 62, 111, 205, 246, 289
45, 93, 136, 172, 235, 306
46, 84, 138, 194, 265, 319
47, 75, 133, 167, 239, 314
48, 78, 134, 181, 238, 312
49, 76, 128, 176, 253, 321
50, 83, 141, 170, 233, 297
51, 82, 139, 180, 256, 323
52, 80, 135, 171, 248, 325
53, 81, 140, 169, 242, 315
