FLL Scheduler GA Summary Report (ID: 2132037132784 | Hash: 1015763856656343657)

Attributes:
--------------------
rank: 0
origin: (C | KPoint(k=1))
mutations: 1
clones: 0
_hash: 1015763856656343657
Length: 318

Fitness:
--------------------------
BreakTime           : 0.31062795876048954
LocationConsistency : 0.0
OpponentVariety     : 0.8754111684107535
-----------------------------------
Total               : 1.186039127171243
Percentage          : 39.53%

Per-Objective Statistics (Team Distribution):
-----------------------------------------------------------------
Objective                 | Min      | Max      | Avg      | Range   
-----------------------------------------------------------------
BreakTime                 | 0.0004   | 0.9193   | 0.5394   | 0.9189  
LocationConsistency       | 0.0417   | 0.9500   | 0.2602   | 0.9083  
OpponentVariety           | 0.7527   | 1.0000   | 0.9953   | 0.2473  

Team fitnesses (sorted by total fitness descending):
----------------------------------------------------
Max     : 2.539497
Min     : 1.050419
Range   : 1.489079
Average : 1.794936

Team |BreakTime |LocationConsistency |OpponentVariety |Sum
------------------------------------------------------------
4    |0.5895    |0.9500              |1.0000          |2.5395
10   |0.6158    |0.6417              |1.0000          |2.2575
50   |0.8630    |0.3500              |1.0000          |2.2130
34   |0.5616    |0.6417              |1.0000          |2.2032
52   |0.9185    |0.2667              |1.0000          |2.1852
49   |0.8925    |0.2667              |1.0000          |2.1592
30   |0.5133    |0.6417              |1.0000          |2.1550
47   |0.8865    |0.2667              |1.0000          |2.1531
48   |0.8793    |0.2667              |1.0000          |2.1460
46   |0.7914    |0.3500              |1.0000          |2.1414
42   |0.6764    |0.3667              |1.0000          |2.0431
40   |0.6732    |0.3667              |1.0000          |2.0398
3    |0.6329    |0.3500              |1.0000          |1.9829
51   |0.9193    |0.0500              |1.0000          |1.9693
53   |0.9139    |0.0500              |1.0000          |1.9639
37   |0.6044    |0.3500              |1.0000          |1.9544
36   |0.6673    |0.2667              |1.0000          |1.9339
16   |0.5556    |0.3667              |1.0000          |1.9223
45   |0.8672    |0.0500              |1.0000          |1.9172
1    |0.6485    |0.2667              |1.0000          |1.9152
18   |0.5543    |0.3500              |1.0000          |1.9043
6    |0.5474    |0.3500              |1.0000          |1.8974
38   |0.6273    |0.2667              |1.0000          |1.8939
19   |0.5397    |0.3500              |1.0000          |1.8897
15   |0.5389    |0.3500              |1.0000          |1.8889
5    |0.6216    |0.2667              |1.0000          |1.8883
43   |0.5936    |0.2667              |1.0000          |1.8603
13   |0.5920    |0.2667              |1.0000          |1.8586
12   |0.5901    |0.2667              |1.0000          |1.8568
17   |0.5619    |0.2667              |1.0000          |1.8286
11   |0.5379    |0.2667              |1.0000          |1.8046
41   |0.6637    |0.0417              |1.0000          |1.7054
22   |0.0004    |0.9500              |0.7527          |1.7031
39   |0.6257    |0.0750              |1.0000          |1.7007
25   |0.6013    |0.0750              |1.0000          |1.6763
44   |0.5809    |0.0667              |1.0000          |1.6476
9    |0.5719    |0.0750              |1.0000          |1.6469
7    |0.6005    |0.0417              |1.0000          |1.6422
24   |0.0004    |0.6417              |1.0000          |1.6421
8    |0.5774    |0.0417              |1.0000          |1.6190
14   |0.5758    |0.0417              |1.0000          |1.6174
2    |0.5640    |0.0417              |1.0000          |1.6057
35   |0.5515    |0.0417              |1.0000          |1.5931
26   |0.4972    |0.0667              |1.0000          |1.5639
32   |0.5002    |0.0500              |1.0000          |1.5502
20   |0.5082    |0.0417              |1.0000          |1.5499
23   |0.0454    |0.3500              |1.0000          |1.3954
29   |0.0488    |0.2667              |1.0000          |1.3154
21   |0.0465    |0.2667              |1.0000          |1.3132
27   |0.0475    |0.0500              |1.0000          |1.0975
28   |0.0004    |0.0750              |1.0000          |1.0754
33   |0.0045    |0.0500              |1.0000          |1.0545
31   |0.0004    |0.0500              |1.0000          |1.0504

Team Events (sorted, for dev use, diff check with others to ensure truly different schedules created):
------------------------------------------------------------
0, 104, 161, 178, 224, 286
1, 100, 145, 208, 277, 318
2, 109, 153, 175, 239, 301
3, 96, 143, 183, 232, 295
4, 101, 156, 189, 241, 303
5, 94, 149, 205, 250, 293
6, 97, 152, 187, 228, 287
7, 108, 154, 211, 254, 317
8, 98, 146, 191, 240, 296
9, 118, 159, 182, 255, 322
10, 122, 150, 198, 269, 308
11, 120, 164, 190, 260, 311
12, 121, 163, 174, 223, 283
13, 132, 160, 194, 263, 305
14, 119, 155, 207, 276, 324
15, 125, 157, 192, 247, 309
16, 113, 165, 203, 253, 302
17, 123, 162, 195, 231, 279
18, 57, 151, 200, 249, 304
19, 58, 144, 204, 257, 294
20, 71, 147, 214, 264, 307
21, 78, 130, 206, 226, 270
22, 84, 142, 196, 236, 273
23, 75, 138, 202, 220, 275
24, 54, 158, 170, 215, 274
25, 60, 148, 218, 272, 310
27, 63, 91, 216, 258, 298
28, 95, 111, 219, 268, 284
29, 66, 99, 210, 256, 300
30, 61, 90, 197, 234, 281
31, 88, 105, 221, 266, 285
32, 59, 87, 209, 261, 297
33, 76, 86, 213, 229, 271
34, 56, 89, 173, 217, 280
35, 55, 93, 179, 222, 289
36, 65, 117, 177, 230, 292
37, 68, 103, 212, 267, 316
38, 77, 110, 188, 237, 290
39, 74, 114, 184, 238, 288
40, 67, 115, 186, 251, 312
41, 72, 124, 167, 225, 278
42, 64, 112, 185, 262, 320
43, 69, 116, 199, 252, 291
44, 62, 102, 201, 243, 282
45, 82, 137, 180, 259, 323
46, 79, 136, 193, 265, 319
47, 92, 139, 166, 235, 306
48, 83, 141, 168, 233, 299
49, 70, 131, 176, 246, 321
50, 85, 135, 181, 245, 313
51, 73, 133, 172, 244, 315
52, 81, 134, 169, 248, 325
53, 80, 140, 171, 242, 314
