FLL Scheduler GA Summary Report (ID: 2132126145040 | Hash: -913019282211667611)

Attributes:
--------------------
rank: 0
origin: (C | RoundTypeCrossover)
mutations: 0
clones: 0
_hash: -913019282211667611
Length: 318

Fitness:
--------------------------
BreakTime           : 0.31062795876048954
LocationConsistency : 0.0
OpponentVariety     : 0.8754111684107535
-----------------------------------
Total               : 1.186039127171243
Percentage          : 39.53%

Per-Objective Statistics (Team Distribution):
-----------------------------------------------------------------
Objective                 | Min      | Max      | Avg      | Range   
-----------------------------------------------------------------
BreakTime                 | 0.0004   | 0.9193   | 0.5394   | 0.9189  
LocationConsistency       | 0.0417   | 0.6417   | 0.2382   | 0.6000  
OpponentVariety           | 0.7527   | 1.0000   | 0.9953   | 0.2473  

Team fitnesses (sorted by total fitness descending):
----------------------------------------------------
Max     : 2.290165
Min     : 1.019778
Range   : 1.270387
Average : 1.772924

Team |BreakTime |LocationConsistency |OpponentVariety |Sum
------------------------------------------------------------
1    |0.6485    |0.6417              |1.0000          |2.2902
46   |0.9139    |0.3500              |1.0000          |2.2639
16   |0.6158    |0.6417              |1.0000          |2.2575
47   |0.8793    |0.3500              |1.0000          |2.2293
15   |0.5758    |0.6417              |1.0000          |2.2174
49   |0.8672    |0.3500              |1.0000          |2.2172
52   |0.8630    |0.3500              |1.0000          |2.2130
51   |0.9193    |0.2667              |1.0000          |2.1860
48   |0.8865    |0.2667              |1.0000          |2.1531
40   |0.6732    |0.3667              |1.0000          |2.0398
5    |0.6329    |0.3500              |1.0000          |1.9829
50   |0.9185    |0.0417              |1.0000          |1.9602
38   |0.6044    |0.3500              |1.0000          |1.9544
42   |0.6764    |0.2667              |1.0000          |1.9431
45   |0.8925    |0.0417              |1.0000          |1.9342
36   |0.6673    |0.2667              |1.0000          |1.9339
41   |0.5809    |0.3500              |1.0000          |1.9309
44   |0.6637    |0.2667              |1.0000          |1.9304
3    |0.5474    |0.3500              |1.0000          |1.8974
37   |0.6273    |0.2667              |1.0000          |1.8939
43   |0.6257    |0.2667              |1.0000          |1.8923
11   |0.5379    |0.3500              |1.0000          |1.8879
20   |0.6013    |0.2667              |1.0000          |1.8680
28   |0.5133    |0.3500              |1.0000          |1.8633
39   |0.5936    |0.2667              |1.0000          |1.8603
7    |0.5774    |0.2667              |1.0000          |1.8440
9    |0.5719    |0.2667              |1.0000          |1.8385
53   |0.7914    |0.0417              |1.0000          |1.8331
31   |0.5616    |0.2667              |1.0000          |1.8282
10   |0.5556    |0.2667              |1.0000          |1.8223
25   |0.5397    |0.2667              |1.0000          |1.8064
33   |0.5002    |0.2667              |1.0000          |1.7669
2    |0.6216    |0.0417              |1.0000          |1.6633
13   |0.5920    |0.0667              |1.0000          |1.6586
6    |0.6005    |0.0417              |1.0000          |1.6422
12   |0.5901    |0.0417              |1.0000          |1.6318
8    |0.5895    |0.0417              |1.0000          |1.6312
4    |0.5640    |0.0500              |1.0000          |1.6140
17   |0.5619    |0.0417              |1.0000          |1.6036
14   |0.5543    |0.0417              |1.0000          |1.5960
29   |0.5515    |0.0417              |1.0000          |1.5931
18   |0.5389    |0.0500              |1.0000          |1.5889
26   |0.5082    |0.0667              |1.0000          |1.5749
21   |0.4972    |0.0750              |1.0000          |1.5722
34   |0.0488    |0.3667              |1.0000          |1.4154
27   |0.0475    |0.3500              |1.0000          |1.3975
30   |0.0004    |0.3667              |1.0000          |1.3671
35   |0.0045    |0.3500              |1.0000          |1.3545
19   |0.0004    |0.2667              |1.0000          |1.2671
24   |0.0465    |0.0500              |1.0000          |1.0965
22   |0.0454    |0.0500              |1.0000          |1.0954
32   |0.0004    |0.0417              |1.0000          |1.0421
23   |0.0004    |0.2667              |0.7527          |1.0198

Team Events (sorted, for dev use, diff check with others to ensure truly different schedules created):
------------------------------------------------------------
0, 102, 161, 177, 224, 286
1, 94, 156, 189, 242, 303
2, 100, 149, 205, 249, 293
3, 95, 146, 211, 277, 325
4, 108, 152, 180, 244, 294
5, 96, 153, 187, 226, 287
6, 109, 154, 208, 261, 310
7, 97, 142, 183, 232, 300
8, 98, 145, 191, 243, 298
9, 118, 157, 192, 247, 309
10, 121, 150, 198, 268, 308
11, 122, 165, 190, 255, 316
12, 123, 163, 181, 223, 280
13, 120, 162, 195, 231, 284
14, 126, 160, 194, 262, 304
15, 124, 158, 182, 260, 321
16, 113, 164, 203, 253, 302
17, 125, 155, 212, 276, 319
18, 72, 138, 202, 220, 273
19, 54, 159, 170, 215, 272
20, 60, 148, 218, 274, 317
22, 78, 143, 196, 236, 275
23, 84, 129, 213, 228, 271
24, 77, 144, 214, 267, 307
25, 57, 151, 200, 250, 305
26, 59, 147, 204, 258, 301
27, 62, 88, 216, 257, 296
28, 61, 89, 197, 234, 282
29, 55, 93, 176, 222, 289
30, 101, 117, 219, 269, 279
31, 56, 91, 172, 217, 283
32, 90, 103, 221, 265, 278
33, 58, 87, 210, 254, 299
34, 67, 99, 209, 259, 295
35, 71, 86, 206, 227, 270
36, 64, 110, 178, 230, 292
37, 70, 116, 188, 237, 290
38, 68, 104, 207, 264, 311
39, 69, 111, 199, 252, 291
40, 66, 114, 186, 248, 313
41, 63, 105, 201, 240, 281
42, 65, 112, 184, 263, 323
43, 73, 115, 185, 245, 288
44, 74, 119, 167, 225, 285
45, 76, 128, 179, 246, 322
46, 83, 140, 171, 241, 315
47, 81, 141, 168, 233, 297
48, 92, 139, 166, 235, 306
49, 80, 137, 175, 256, 320
50, 82, 135, 169, 251, 318
51, 75, 127, 173, 239, 314
52, 79, 134, 174, 238, 312
53, 85, 136, 193, 266, 324
