FLL Scheduler GA Summary Report (ID: 2132126145824 | Hash: -6522592585374169533)

Attributes:
--------------------
rank: 0
origin: (C | KPoint(k=1))
mutations: 0
clones: 0
_hash: -6522592585374169533
Length: 318

Fitness:
--------------------------
BreakTime           : 0.31062795876048954
LocationConsistency : 0.0
OpponentVariety     : 0.8754111684107535
-----------------------------------
Total               : 1.186039127171243
Percentage          : 39.53%

Per-Objective Statistics (Team Distribution):
-----------------------------------------------------------------
Objective                 | Min      | Max      | Avg      | Range   
-----------------------------------------------------------------
BreakTime                 | 0.0004   | 0.9193   | 0.5394   | 0.9189  
LocationConsistency       | 0.0417   | 0.6417   | 0.2368   | 0.6000  
OpponentVariety           | 0.7527   | 1.0000   | 0.9953   | 0.2473  

Team fitnesses (sorted by total fitness descending):
----------------------------------------------------
Max     : 2.508826
Min     : 0.803112
Range   : 1.705715
Average : 1.771508

Team |BreakTime |LocationConsistency |OpponentVariety |Sum
------------------------------------------------------------
51   |0.8672    |0.6417              |1.0000          |2.5088
43   |0.6257    |0.6417              |1.0000          |2.2673
36   |0.6044    |0.6417              |1.0000          |2.2460
46   |0.9185    |0.2667              |1.0000          |2.1852
53   |0.9139    |0.2667              |1.0000          |2.1805
49   |0.8925    |0.2667              |1.0000          |2.1592
27   |0.5133    |0.6417              |1.0000          |2.1550
45   |0.8865    |0.2667              |1.0000          |2.1531
50   |0.8793    |0.2667              |1.0000          |2.1460
31   |0.5002    |0.6417              |1.0000          |2.1419
52   |0.7914    |0.3500              |1.0000          |2.1414
40   |0.6732    |0.3667              |1.0000          |2.0398
47   |0.9193    |0.0417              |1.0000          |1.9610
11   |0.5920    |0.3500              |1.0000          |1.9420
48   |0.8630    |0.0667              |1.0000          |1.9297
1    |0.6485    |0.2667              |1.0000          |1.9152
2    |0.5640    |0.3500              |1.0000          |1.9140
14   |0.5619    |0.3500              |1.0000          |1.9119
18   |0.5543    |0.3500              |1.0000          |1.9043
5    |0.6216    |0.2667              |1.0000          |1.8883
15   |0.6158    |0.2667              |1.0000          |1.8825
9    |0.6005    |0.2667              |1.0000          |1.8672
4    |0.5895    |0.2667              |1.0000          |1.8562
8    |0.5774    |0.2667              |1.0000          |1.8440
7    |0.5719    |0.2667              |1.0000          |1.8385
10   |0.5556    |0.2667              |1.0000          |1.8223
6    |0.5474    |0.2667              |1.0000          |1.8141
13   |0.5379    |0.2667              |1.0000          |1.8046
21   |0.5082    |0.2667              |1.0000          |1.7749
42   |0.6764    |0.0667              |1.0000          |1.7431
38   |0.6673    |0.0500              |1.0000          |1.7173
39   |0.6637    |0.0417              |1.0000          |1.7054
3    |0.6329    |0.0500              |1.0000          |1.6829
37   |0.6273    |0.0417              |1.0000          |1.6689
24   |0.6013    |0.0417              |1.0000          |1.6430
32   |0.0004    |0.6417              |1.0000          |1.6421
12   |0.5901    |0.0500              |1.0000          |1.6401
44   |0.5936    |0.0417              |1.0000          |1.6353
41   |0.5809    |0.0500              |1.0000          |1.6309
16   |0.5758    |0.0417              |1.0000          |1.6174
34   |0.5616    |0.0417              |1.0000          |1.6032
35   |0.5515    |0.0417              |1.0000          |1.5931
20   |0.5397    |0.0500              |1.0000          |1.5897
17   |0.5389    |0.0500              |1.0000          |1.5889
25   |0.4972    |0.0667              |1.0000          |1.5639
30   |0.0475    |0.2667              |1.0000          |1.3141
19   |0.0465    |0.2667              |1.0000          |1.3132
22   |0.0454    |0.2667              |1.0000          |1.3121
23   |0.0004    |0.2667              |1.0000          |1.2671
29   |0.0004    |0.2667              |1.0000          |1.2671
28   |0.0488    |0.0500              |1.0000          |1.0988
33   |0.0045    |0.0500              |1.0000          |1.0545
26   |0.0004    |0.0500              |0.7527          |0.8031

Team Events (sorted, for dev use, diff check with others to ensure truly different schedules created):
------------------------------------------------------------
0, 102, 161, 178, 224, 286
1, 101, 147, 208, 277, 325
2, 109, 154, 174, 239, 294
3, 97, 143, 183, 235, 300
4, 100, 157, 189, 243, 303
5, 94, 149, 205, 249, 292
6, 98, 145, 191, 242, 299
7, 108, 152, 211, 260, 310
8, 96, 155, 187, 228, 287
9, 119, 156, 192, 247, 309
10, 120, 163, 175, 223, 280
11, 121, 165, 190, 254, 316
12, 122, 151, 198, 263, 308
13, 115, 164, 203, 251, 302
14, 124, 158, 182, 261, 321
15, 127, 160, 195, 269, 305
16, 125, 153, 207, 276, 319
17, 123, 162, 194, 236, 284
18, 70, 144, 221, 264, 307
19, 57, 150, 200, 253, 304
21, 59, 146, 204, 259, 301
22, 79, 142, 196, 231, 273
23, 72, 139, 202, 214, 275
24, 54, 159, 169, 220, 274
25, 60, 148, 217, 272, 317
26, 84, 129, 206, 226, 270
27, 61, 90, 197, 233, 282
28, 64, 99, 210, 258, 295
29, 88, 103, 215, 266, 278
30, 69, 91, 219, 256, 297
31, 58, 87, 209, 255, 298
32, 95, 110, 216, 262, 279
33, 76, 86, 213, 229, 271
34, 56, 89, 166, 218, 283
35, 55, 93, 179, 222, 289
36, 63, 107, 212, 267, 311
37, 77, 111, 188, 230, 290
38, 67, 116, 177, 237, 293
39, 74, 118, 172, 225, 285
40, 65, 113, 186, 248, 313
41, 68, 106, 201, 240, 281
42, 66, 114, 184, 268, 323
43, 73, 112, 185, 238, 288
44, 62, 117, 199, 250, 291
45, 92, 138, 173, 232, 306
46, 82, 135, 170, 252, 318
47, 75, 126, 167, 244, 314
48, 78, 134, 180, 245, 312
49, 71, 128, 176, 246, 322
50, 80, 141, 171, 234, 296
51, 81, 136, 181, 257, 320
52, 85, 137, 193, 265, 324
53, 83, 140, 168, 241, 315
