FLL Scheduler GA Summary Report (ID: 2132111941120 | Hash: -2735639873091196493)

Attributes:
--------------------
rank: 0
origin: (C | TimeSlotCrossover)
mutations: 0
clones: 0
_hash: -2735639873091196493
Length: 318

Fitness:
--------------------------
BreakTime           : 0.31062795876048954
LocationConsistency : 0.0
OpponentVariety     : 0.8754111684107535
-----------------------------------
Total               : 1.186039127171243
Percentage          : 39.53%

Per-Objective Statistics (Team Distribution):
-----------------------------------------------------------------
Objective                 | Min      | Max      | Avg      | Range   
-----------------------------------------------------------------
BreakTime                 | 0.0004   | 0.9193   | 0.5394   | 0.9189  
LocationConsistency       | 0.0417   | 0.6417   | 0.2321   | 0.6000  
OpponentVariety           | 0.7527   | 1.0000   | 0.9953   | 0.2473  

Team fitnesses (sorted by total fitness descending):
----------------------------------------------------
Max     : 2.388011
Min     : 1.019778
Range   : 1.368233
Average : 1.766791

Team |BreakTime |LocationConsistency |OpponentVariety |Sum
------------------------------------------------------------
48   |0.8630    |0.5250              |1.0000          |2.3880
40   |0.6732    |0.6417              |1.0000          |2.3148
39   |0.6257    |0.6417              |1.0000          |2.2673
15   |0.6158    |0.6417              |1.0000          |2.2575
11   |0.5556    |0.6417              |1.0000          |2.1973
51   |0.9185    |0.2667              |1.0000          |2.1852
45   |0.8865    |0.2667              |1.0000          |2.1531
46   |0.7914    |0.2667              |1.0000          |2.0581
38   |0.6764    |0.3500              |1.0000          |2.0264
41   |0.6673    |0.3500              |1.0000          |2.0173
5    |0.6329    |0.3500              |1.0000          |1.9829
53   |0.9139    |0.0500              |1.0000          |1.9639
47   |0.9193    |0.0417              |1.0000          |1.9610
36   |0.6044    |0.3500              |1.0000          |1.9544
6    |0.6005    |0.3500              |1.0000          |1.9505
18   |0.5901    |0.3500              |1.0000          |1.9401
8    |0.5719    |0.3667              |1.0000          |1.9385
49   |0.8925    |0.0417              |1.0000          |1.9342
31   |0.5616    |0.3667              |1.0000          |1.9282
16   |0.5758    |0.3500              |1.0000          |1.9258
50   |0.8793    |0.0417              |1.0000          |1.9210
52   |0.8672    |0.0500              |1.0000          |1.9172
1    |0.6485    |0.2667              |1.0000          |1.9152
20   |0.5397    |0.3500              |1.0000          |1.8897
25   |0.6013    |0.2667              |1.0000          |1.8680
44   |0.5936    |0.2667              |1.0000          |1.8603
4    |0.5640    |0.2667              |1.0000          |1.8307
14   |0.5543    |0.2667              |1.0000          |1.8210
17   |0.5389    |0.2667              |1.0000          |1.8056
33   |0.5002    |0.2667              |1.0000          |1.7669
43   |0.6637    |0.0500              |1.0000          |1.7137
37   |0.6273    |0.0500              |1.0000          |1.6773
2    |0.6216    |0.0417              |1.0000          |1.6633
10   |0.5920    |0.0667              |1.0000          |1.6586
9    |0.5895    |0.0500              |1.0000          |1.6395
42   |0.5809    |0.0500              |1.0000          |1.6309
7    |0.5774    |0.0500              |1.0000          |1.6274
12   |0.5619    |0.0500              |1.0000          |1.6119
29   |0.5515    |0.0417              |1.0000          |1.5931
3    |0.5474    |0.0417              |1.0000          |1.5891
13   |0.5379    |0.0500              |1.0000          |1.5879
22   |0.5082    |0.0667              |1.0000          |1.5749
26   |0.4972    |0.0750              |1.0000          |1.5722
28   |0.5133    |0.0417              |1.0000          |1.5550
19   |0.0454    |0.3667              |1.0000          |1.4121
30   |0.0004    |0.3667              |1.0000          |1.3671
35   |0.0045    |0.3500              |1.0000          |1.3545
27   |0.0475    |0.2667              |1.0000          |1.3141
23   |0.0465    |0.2667              |1.0000          |1.3132
34   |0.0488    |0.0750              |1.0000          |1.1238
24   |0.0004    |0.0500              |1.0000          |1.0504
32   |0.0004    |0.0500              |1.0000          |1.0504
21   |0.0004    |0.2667              |0.7527          |1.0198

Team Events (sorted, for dev use, diff check with others to ensure truly different schedules created):
------------------------------------------------------------
0, 103, 161, 177, 224, 293
1, 94, 157, 188, 241, 303
2, 100, 149, 198, 250, 287
3, 95, 146, 211, 271, 325
4, 109, 154, 180, 244, 301
5, 98, 155, 187, 228, 292
6, 108, 153, 208, 254, 310
7, 97, 145, 196, 240, 297
8, 99, 142, 183, 232, 295
9, 122, 162, 181, 223, 283
10, 125, 156, 195, 252, 309
11, 113, 164, 200, 246, 302
12, 120, 150, 204, 263, 308
13, 121, 163, 193, 231, 278
14, 119, 158, 182, 255, 322
15, 132, 160, 192, 269, 304
16, 118, 152, 212, 270, 319
17, 123, 165, 197, 260, 316
18, 79, 143, 191, 236, 275
19, 57, 151, 203, 249, 305
20, 85, 129, 213, 226, 276
21, 59, 147, 199, 256, 294
22, 77, 144, 215, 264, 307
23, 72, 138, 201, 221, 273
25, 54, 159, 170, 214, 272
26, 60, 148, 218, 274, 317
27, 69, 90, 216, 258, 299
28, 61, 91, 190, 234, 281
29, 55, 92, 176, 222, 290
30, 101, 117, 219, 262, 285
31, 56, 88, 173, 217, 280
32, 89, 102, 220, 266, 284
33, 58, 87, 210, 261, 296
34, 64, 96, 209, 257, 300
35, 71, 86, 206, 229, 277
36, 63, 104, 207, 267, 311
37, 70, 116, 189, 237, 288
38, 66, 112, 184, 268, 320
39, 73, 115, 185, 245, 291
40, 65, 114, 186, 251, 313
41, 67, 110, 178, 230, 286
42, 68, 105, 202, 243, 282
43, 74, 124, 167, 225, 279
44, 62, 111, 205, 247, 289
45, 93, 139, 166, 235, 306
46, 84, 136, 194, 265, 324
47, 75, 133, 172, 239, 314
48, 78, 134, 174, 238, 312
49, 76, 128, 179, 253, 321
50, 83, 141, 168, 233, 298
51, 80, 135, 169, 248, 318
52, 82, 137, 175, 259, 323
53, 81, 140, 171, 242, 315
