FLL Scheduler GA Summary Report (ID: 2132118880320 | Hash: -6399121080874844940)

Attributes:
--------------------
rank: 0
origin: (C | RoundTypeCrossover)
mutations: 0
clones: 0
_hash: -6399121080874844940
Length: 318

Fitness:
--------------------------
BreakTime           : 0.31062795876048954
LocationConsistency : 0.0
OpponentVariety     : 0.8754111684107535
-----------------------------------
Total               : 1.186039127171243
Percentage          : 39.53%

Per-Objective Statistics (Team Distribution):
-----------------------------------------------------------------
Objective                 | Min      | Max      | Avg      | Range   
-----------------------------------------------------------------
BreakTime                 | 0.0004   | 0.9193   | 0.5394   | 0.9189  
LocationConsistency       | 0.0417   | 0.6417   | 0.2016   | 0.6000  
OpponentVariety           | 0.7527   | 1.0000   | 0.9953   | 0.2473  

Team fitnesses (sorted by total fitness descending):
----------------------------------------------------
Max     : 2.528134
Min     : 1.042102
Range   : 1.486032
Average : 1.736288

Team |BreakTime |LocationConsistency |OpponentVariety |Sum
------------------------------------------------------------
45   |0.8865    |0.6417              |1.0000          |2.5281
53   |0.9139    |0.2667              |1.0000          |2.1805
38   |0.6764    |0.3500              |1.0000          |2.0264
43   |0.6673    |0.3500              |1.0000          |2.0173
52   |0.9185    |0.0500              |1.0000          |1.9685
47   |0.9193    |0.0417              |1.0000          |1.9610
41   |0.6732    |0.2667              |1.0000          |1.9398
8    |0.5895    |0.3500              |1.0000          |1.9395
9    |0.5719    |0.3667              |1.0000          |1.9385
49   |0.8925    |0.0417              |1.0000          |1.9342
36   |0.5809    |0.3500              |1.0000          |1.9309
48   |0.8630    |0.0667              |1.0000          |1.9297
50   |0.8793    |0.0500              |1.0000          |1.9293
11   |0.5556    |0.3667              |1.0000          |1.9223
14   |0.5543    |0.3667              |1.0000          |1.9210
1    |0.6485    |0.2667              |1.0000          |1.9152
51   |0.8672    |0.0417              |1.0000          |1.9088
5    |0.6329    |0.2667              |1.0000          |1.8995
40   |0.6273    |0.2667              |1.0000          |1.8939
39   |0.6257    |0.2667              |1.0000          |1.8923
15   |0.6158    |0.2667              |1.0000          |1.8825
42   |0.6044    |0.2667              |1.0000          |1.8710
25   |0.6013    |0.2667              |1.0000          |1.8680
10   |0.5920    |0.2667              |1.0000          |1.8586
18   |0.5901    |0.2667              |1.0000          |1.8568
46   |0.7914    |0.0417              |1.0000          |1.8331
4    |0.5640    |0.2667              |1.0000          |1.8307
12   |0.5619    |0.2667              |1.0000          |1.8286
30   |0.5616    |0.2667              |1.0000          |1.8282
20   |0.5397    |0.2667              |1.0000          |1.8064
22   |0.5082    |0.2667              |1.0000          |1.7749
37   |0.6637    |0.0500              |1.0000          |1.7137
2    |0.6216    |0.0417              |1.0000          |1.6633
6    |0.6005    |0.0500              |1.0000          |1.6505
27   |0.0045    |0.6417              |1.0000          |1.6461
44   |0.5936    |0.0500              |1.0000          |1.6436
7    |0.5774    |0.0417              |1.0000          |1.6190
16   |0.5758    |0.0417              |1.0000          |1.6174
17   |0.5389    |0.0750              |1.0000          |1.6139
31   |0.5515    |0.0417              |1.0000          |1.5931
3    |0.5474    |0.0417              |1.0000          |1.5891
13   |0.5379    |0.0500              |1.0000          |1.5879
26   |0.4972    |0.0667              |1.0000          |1.5639
29   |0.5133    |0.0500              |1.0000          |1.5633
35   |0.5002    |0.0417              |1.0000          |1.5419
21   |0.0004    |0.6417              |0.7527          |1.3948
23   |0.0465    |0.2667              |1.0000          |1.3132
19   |0.0454    |0.2667              |1.0000          |1.3121
32   |0.0004    |0.2667              |1.0000          |1.2671
28   |0.0488    |0.0667              |1.0000          |1.1154
33   |0.0475    |0.0417              |1.0000          |1.0891
34   |0.0004    |0.0667              |1.0000          |1.0671
24   |0.0004    |0.0417              |1.0000          |1.0421

Team Events (sorted, for dev use, diff check with others to ensure truly different schedules created):
------------------------------------------------------------
0, 103, 162, 178, 224, 293
1, 94, 156, 189, 242, 303
2, 100, 149, 198, 249, 287
3, 95, 147, 211, 277, 318
4, 109, 152, 175, 238, 301
5, 98, 153, 187, 228, 292
6, 108, 154, 208, 261, 311
7, 99, 143, 183, 232, 295
8, 97, 145, 196, 243, 297
9, 122, 160, 174, 223, 280
10, 125, 157, 195, 247, 309
11, 113, 164, 200, 252, 302
12, 120, 150, 204, 263, 308
13, 121, 161, 193, 231, 284
14, 119, 158, 182, 260, 322
15, 127, 163, 192, 269, 305
16, 118, 155, 212, 276, 324
17, 123, 165, 197, 255, 316
18, 79, 142, 191, 236, 273
19, 58, 151, 203, 250, 304
20, 85, 130, 213, 226, 270
21, 56, 146, 199, 258, 294
22, 77, 144, 215, 264, 307
23, 72, 138, 201, 221, 275
25, 54, 159, 168, 214, 274
26, 60, 148, 218, 272, 317
27, 71, 86, 206, 229, 271
28, 64, 96, 209, 259, 300
29, 61, 91, 190, 234, 282
30, 59, 88, 166, 217, 283
31, 55, 93, 179, 222, 290
32, 89, 102, 220, 266, 278
33, 69, 90, 216, 257, 299
34, 101, 117, 219, 262, 279
35, 57, 87, 210, 254, 296
36, 68, 105, 202, 241, 281
37, 74, 124, 173, 225, 285
38, 66, 112, 184, 268, 320
39, 73, 114, 185, 239, 291
40, 70, 116, 188, 237, 288
41, 65, 115, 186, 248, 313
42, 63, 104, 207, 267, 310
43, 67, 110, 177, 230, 286
44, 62, 111, 205, 253, 289
45, 92, 139, 172, 235, 306
46, 84, 136, 194, 265, 319
47, 75, 126, 167, 245, 314
48, 78, 134, 181, 244, 312
49, 76, 131, 176, 246, 321
50, 83, 141, 170, 233, 298
51, 82, 137, 180, 256, 323
52, 80, 135, 171, 251, 325
53, 81, 140, 169, 240, 315
