FLL Scheduler GA Summary Report (ID: 2132111935184 | Hash: -8204816349322574006)

Attributes:
--------------------
rank: 0
origin: (C | KPoint(k=2))
mutations: 0
clones: 0
_hash: -8204816349322574006
Length: 318

Fitness:
--------------------------
BreakTime           : 0.31062795876048954
LocationConsistency : 0.0
OpponentVariety     : 0.8754111684107535
-----------------------------------
Total               : 1.186039127171243
Percentage          : 39.53%

Per-Objective Statistics (Team Distribution):
-----------------------------------------------------------------
Objective                 | Min      | Max      | Avg      | Range   
-----------------------------------------------------------------
BreakTime                 | 0.0004   | 0.9193   | 0.5394   | 0.9189  
LocationConsistency       | 0.0417   | 0.9500   | 0.2107   | 0.9083  
OpponentVariety           | 0.7527   | 1.0000   | 0.9953   | 0.2473  

Team fitnesses (sorted by total fitness descending):
----------------------------------------------------
Max     : 2.257461
Min     : 1.050419
Range   : 1.207042
Average : 1.745408

Team |BreakTime |LocationConsistency |OpponentVariety |Sum
------------------------------------------------------------
15   |0.6158    |0.6417              |1.0000          |2.2575
44   |0.5936    |0.6417              |1.0000          |2.2353
53   |0.9139    |0.2667              |1.0000          |2.1805
16   |0.5379    |0.6417              |1.0000          |2.1796
46   |0.7914    |0.3500              |1.0000          |2.1414
43   |0.6273    |0.3667              |1.0000          |1.9939
42   |0.6257    |0.3667              |1.0000          |1.9923
7    |0.6329    |0.3500              |1.0000          |1.9829
47   |0.9193    |0.0417              |1.0000          |1.9610
52   |0.9185    |0.0417              |1.0000          |1.9602
33   |0.0045    |0.9500              |1.0000          |1.9545
50   |0.8793    |0.0750              |1.0000          |1.9543
6    |0.5895    |0.3500              |1.0000          |1.9395
49   |0.8925    |0.0417              |1.0000          |1.9342
36   |0.6673    |0.2667              |1.0000          |1.9339
41   |0.6637    |0.2667              |1.0000          |1.9304
45   |0.8865    |0.0417              |1.0000          |1.9281
51   |0.8672    |0.0500              |1.0000          |1.9172
48   |0.8630    |0.0500              |1.0000          |1.9130
34   |0.5616    |0.3500              |1.0000          |1.9116
24   |0.5397    |0.3500              |1.0000          |1.8897
5    |0.6216    |0.2667              |1.0000          |1.8883
22   |0.6013    |0.2667              |1.0000          |1.8680
39   |0.5809    |0.2667              |1.0000          |1.8476
8    |0.5719    |0.2667              |1.0000          |1.8385
11   |0.5556    |0.2667              |1.0000          |1.8223
14   |0.5543    |0.2667              |1.0000          |1.8210
35   |0.5515    |0.2667              |1.0000          |1.8181
2    |0.5474    |0.2667              |1.0000          |1.8141
38   |0.6764    |0.0750              |1.0000          |1.7514
40   |0.6732    |0.0500              |1.0000          |1.7232
9    |0.6485    |0.0417              |1.0000          |1.6902
19   |0.0465    |0.6417              |1.0000          |1.6882
37   |0.6044    |0.0500              |1.0000          |1.6544
3    |0.6005    |0.0500              |1.0000          |1.6505
10   |0.5920    |0.0417              |1.0000          |1.6336
12   |0.5901    |0.0417              |1.0000          |1.6318
4    |0.5774    |0.0417              |1.0000          |1.6190
18   |0.5758    |0.0417              |1.0000          |1.6174
13   |0.5389    |0.0750              |1.0000          |1.6139
17   |0.5619    |0.0500              |1.0000          |1.6119
1    |0.5640    |0.0417              |1.0000          |1.6057
20   |0.5082    |0.0667              |1.0000          |1.5749
30   |0.5133    |0.0500              |1.0000          |1.5633
32   |0.5002    |0.0417              |1.0000          |1.5419
21   |0.4972    |0.0417              |1.0000          |1.5389
28   |0.0475    |0.2667              |1.0000          |1.3141
27   |0.0004    |0.2667              |1.0000          |1.2671
23   |0.0454    |0.0667              |1.0000          |1.1121
26   |0.0004    |0.3500              |0.7527          |1.1031
29   |0.0488    |0.0417              |1.0000          |1.0904
25   |0.0004    |0.0500              |1.0000          |1.0504
31   |0.0004    |0.0500              |1.0000          |1.0504

Team Events (sorted, for dev use, diff check with others to ensure truly different schedules created):
------------------------------------------------------------
0, 100, 147, 208, 277, 318
1, 94, 149, 205, 250, 287
2, 97, 152, 187, 228, 292
3, 108, 154, 211, 254, 317
4, 101, 156, 189, 241, 303
5, 96, 143, 183, 235, 295
6, 109, 153, 175, 239, 301
7, 98, 145, 191, 240, 297
8, 103, 161, 178, 224, 293
9, 120, 162, 174, 223, 283
10, 119, 157, 192, 252, 309
11, 121, 164, 190, 261, 311
12, 123, 155, 207, 276, 324
13, 125, 163, 195, 236, 279
14, 122, 159, 182, 255, 322
15, 124, 150, 199, 262, 308
16, 115, 165, 202, 246, 302
17, 132, 160, 194, 269, 305
18, 70, 144, 214, 264, 307
20, 58, 146, 204, 256, 294
21, 61, 148, 219, 272, 310
22, 55, 158, 169, 215, 274
23, 78, 142, 196, 231, 273
24, 57, 151, 200, 249, 304
25, 72, 138, 203, 220, 275
26, 85, 130, 206, 226, 270
27, 95, 117, 218, 263, 284
28, 69, 90, 217, 258, 299
29, 64, 99, 210, 257, 300
30, 60, 91, 197, 233, 281
31, 88, 102, 221, 266, 285
32, 59, 86, 209, 260, 296
33, 77, 87, 213, 229, 271
34, 56, 89, 166, 216, 280
35, 54, 93, 179, 222, 290
36, 67, 110, 177, 237, 286
37, 63, 104, 212, 267, 316
38, 66, 114, 184, 268, 320
39, 68, 105, 201, 243, 282
40, 65, 112, 186, 251, 314
41, 74, 118, 172, 225, 278
42, 73, 113, 185, 238, 291
43, 76, 116, 188, 230, 288
44, 62, 111, 198, 247, 289
45, 92, 139, 173, 232, 306
46, 84, 137, 193, 265, 319
47, 75, 133, 167, 244, 312
48, 79, 134, 181, 245, 315
49, 71, 131, 176, 253, 321
50, 83, 140, 170, 234, 298
51, 82, 136, 180, 259, 323
52, 81, 135, 171, 248, 325
53, 80, 141, 168, 242, 313
