FLL Scheduler GA Summary Report (ID: 2132126142576 | Hash: 56741446100062489)

Attributes:
--------------------
rank: 0
origin: (C | KPoint(k=3))
mutations: 1
clones: 1
_hash: 56741446100062489
Length: 318

Fitness:
--------------------------
BreakTime           : 0.31062795876048954
LocationConsistency : 0.0
OpponentVariety     : 0.8754111684107535
-----------------------------------
Total               : 1.186039127171243
Percentage          : 39.53%

Per-Objective Statistics (Team Distribution):
-----------------------------------------------------------------
Objective                 | Min      | Max      | Avg      | Range   
-----------------------------------------------------------------
BreakTime                 | 0.0004   | 0.9193   | 0.5394   | 0.9189  
LocationConsistency       | 0.0417   | 0.9500   | 0.1855   | 0.9083  
OpponentVariety           | 0.7527   | 1.0000   | 0.9953   | 0.2473  

Team fitnesses (sorted by total fitness descending):
----------------------------------------------------
Max     : 2.623154
Min     : 0.794778
Range   : 1.828376
Average : 1.720251

Team |BreakTime |LocationConsistency |OpponentVariety |Sum
------------------------------------------------------------
40   |0.6732    |0.9500              |1.0000          |2.6232
48   |0.8630    |0.5250              |1.0000          |2.3880
47   |0.9193    |0.2667              |1.0000          |2.1860
51   |0.9185    |0.2667              |1.0000          |2.1852
49   |0.8865    |0.2667              |1.0000          |2.1531
46   |0.7914    |0.3500              |1.0000          |2.1414
45   |0.9139    |0.0750              |1.0000          |1.9889
6    |0.6329    |0.3500              |1.0000          |1.9829
53   |0.8925    |0.0417              |1.0000          |1.9342
31   |0.5616    |0.3667              |1.0000          |1.9282
50   |0.8793    |0.0417              |1.0000          |1.9210
52   |0.8672    |0.0500              |1.0000          |1.9172
1    |0.6485    |0.2667              |1.0000          |1.9152
39   |0.6257    |0.2667              |1.0000          |1.8923
17   |0.5389    |0.3500              |1.0000          |1.8889
2    |0.6216    |0.2667              |1.0000          |1.8883
13   |0.5379    |0.3500              |1.0000          |1.8879
36   |0.6044    |0.2667              |1.0000          |1.8710
10   |0.5920    |0.2667              |1.0000          |1.8586
18   |0.5901    |0.2667              |1.0000          |1.8568
8    |0.5895    |0.2667              |1.0000          |1.8562
42   |0.5809    |0.2667              |1.0000          |1.8476
5    |0.5719    |0.2667              |1.0000          |1.8385
12   |0.5619    |0.2667              |1.0000          |1.8286
3    |0.5474    |0.2667              |1.0000          |1.8141
20   |0.5397    |0.2667              |1.0000          |1.8064
32   |0.5133    |0.2667              |1.0000          |1.7800
22   |0.5082    |0.2667              |1.0000          |1.7749
38   |0.6764    |0.0500              |1.0000          |1.7264
41   |0.6673    |0.0500              |1.0000          |1.7173
43   |0.6637    |0.0500              |1.0000          |1.7137
15   |0.6158    |0.0667              |1.0000          |1.6825
37   |0.6273    |0.0417              |1.0000          |1.6689
44   |0.5936    |0.0750              |1.0000          |1.6686
25   |0.6013    |0.0667              |1.0000          |1.6680
9    |0.6005    |0.0500              |1.0000          |1.6505
16   |0.5758    |0.0500              |1.0000          |1.6258
11   |0.5556    |0.0667              |1.0000          |1.6223
4    |0.5774    |0.0417              |1.0000          |1.6190
7    |0.5640    |0.0417              |1.0000          |1.6057
14   |0.5543    |0.0500              |1.0000          |1.6043
35   |0.5515    |0.0417              |1.0000          |1.5931
26   |0.4972    |0.0750              |1.0000          |1.5722
29   |0.5002    |0.0417              |1.0000          |1.5419
23   |0.0465    |0.3500              |1.0000          |1.3965
24   |0.0004    |0.2667              |1.0000          |1.2671
19   |0.0454    |0.0750              |1.0000          |1.1204
28   |0.0488    |0.0500              |1.0000          |1.0988
33   |0.0475    |0.0417              |1.0000          |1.0891
30   |0.0045    |0.0750              |1.0000          |1.0795
27   |0.0004    |0.0500              |1.0000          |1.0504
34   |0.0004    |0.0417              |1.0000          |1.0421
21   |0.0004    |0.0417              |0.7527          |0.7948

Team Events (sorted, for dev use, diff check with others to ensure truly different schedules created):
------------------------------------------------------------
0, 103, 161, 177, 224, 293
1, 101, 156, 182, 241, 308
2, 94, 149, 205, 250, 287
3, 108, 153, 211, 261, 310
4, 98, 145, 191, 240, 297
5, 109, 155, 180, 244, 301
6, 100, 147, 208, 271, 325
7, 96, 142, 188, 232, 295
8, 97, 154, 184, 228, 292
9, 122, 163, 181, 223, 283
10, 125, 157, 192, 252, 302
11, 112, 165, 203, 246, 309
12, 120, 150, 198, 263, 303
13, 121, 162, 195, 231, 279
14, 119, 159, 189, 260, 321
15, 127, 160, 194, 269, 306
16, 118, 152, 207, 270, 319
17, 123, 164, 190, 255, 316
18, 79, 143, 196, 236, 275
19, 57, 151, 200, 249, 307
20, 85, 128, 206, 226, 276
21, 59, 146, 204, 259, 294
22, 77, 144, 214, 264, 304
23, 72, 138, 202, 220, 273
25, 54, 158, 171, 215, 272
26, 60, 148, 218, 274, 317
27, 89, 102, 221, 266, 285
28, 64, 99, 210, 258, 300
29, 58, 87, 209, 254, 296
30, 71, 86, 213, 229, 277
31, 56, 88, 173, 217, 280
32, 61, 91, 197, 234, 281
33, 69, 90, 216, 257, 299
34, 95, 117, 219, 262, 284
35, 55, 93, 176, 222, 290
36, 63, 104, 212, 267, 311
37, 70, 116, 183, 237, 288
38, 66, 113, 187, 268, 323
39, 73, 114, 186, 245, 291
40, 65, 115, 185, 251, 313
41, 67, 111, 178, 230, 286
42, 68, 105, 201, 243, 282
43, 74, 124, 166, 225, 278
44, 62, 110, 199, 247, 289
45, 81, 140, 170, 242, 314
46, 84, 136, 193, 265, 324
47, 75, 126, 172, 239, 315
48, 78, 134, 174, 238, 312
49, 92, 139, 167, 235, 305
50, 83, 141, 168, 233, 298
51, 80, 135, 169, 248, 318
52, 82, 137, 175, 256, 320
53, 76, 129, 179, 253, 322
