FLL Scheduler GA Summary Report (ID: 2132126149408 | Hash: -8607479931671071815)

Attributes:
--------------------
rank: 0
origin: (C | KPoint(k=2))
mutations: 0
clones: 0
_hash: -8607479931671071815
Length: 318

Fitness:
--------------------------
BreakTime           : 0.31062795876048954
LocationConsistency : 0.0
OpponentVariety     : 0.8754111684107535
-----------------------------------
Total               : 1.186039127171243
Percentage          : 39.53%

Per-Objective Statistics (Team Distribution):
-----------------------------------------------------------------
Objective                 | Min      | Max      | Avg      | Range   
-----------------------------------------------------------------
BreakTime                 | 0.0004   | 0.9193   | 0.5394   | 0.9189  
LocationConsistency       | 0.0417   | 0.6417   | 0.1836   | 0.6000  
OpponentVariety           | 0.7527   | 1.0000   | 0.9953   | 0.2473  

Team fitnesses (sorted by total fitness descending):
----------------------------------------------------
Max     : 2.267338
Min     : 0.794778
Range   : 1.472559
Average : 1.718364

Team |BreakTime |LocationConsistency |OpponentVariety |Sum
------------------------------------------------------------
39   |0.6257    |0.6417              |1.0000          |2.2673
49   |0.8630    |0.3667              |1.0000          |2.2297
50   |0.8865    |0.2667              |1.0000          |2.1531
45   |0.7914    |0.2667              |1.0000          |2.0581
40   |0.6732    |0.3667              |1.0000          |2.0398
51   |0.9139    |0.0500              |1.0000          |1.9639
46   |0.9193    |0.0417              |1.0000          |1.9610
47   |0.9185    |0.0417              |1.0000          |1.9602
38   |0.6044    |0.3500              |1.0000          |1.9544
23   |0.6013    |0.3500              |1.0000          |1.9513
1    |0.6005    |0.3500              |1.0000          |1.9505
2    |0.5895    |0.3500              |1.0000          |1.9395
7    |0.5719    |0.3667              |1.0000          |1.9385
52   |0.8925    |0.0417              |1.0000          |1.9342
44   |0.6673    |0.2667              |1.0000          |1.9339
41   |0.5809    |0.3500              |1.0000          |1.9309
48   |0.8793    |0.0417              |1.0000          |1.9210
53   |0.8672    |0.0417              |1.0000          |1.9088
21   |0.5397    |0.3500              |1.0000          |1.8897
12   |0.6158    |0.2667              |1.0000          |1.8825
43   |0.5936    |0.2667              |1.0000          |1.8603
11   |0.5758    |0.2667              |1.0000          |1.8424
4    |0.5640    |0.2667              |1.0000          |1.8307
15   |0.5619    |0.2667              |1.0000          |1.8286
28   |0.5616    |0.2667              |1.0000          |1.8282
34   |0.5133    |0.2667              |1.0000          |1.7800
32   |0.5002    |0.2667              |1.0000          |1.7669
42   |0.6764    |0.0750              |1.0000          |1.7514
37   |0.6637    |0.0417              |1.0000          |1.7054
9    |0.6485    |0.0417              |1.0000          |1.6902
36   |0.6273    |0.0500              |1.0000          |1.6773
8    |0.6329    |0.0417              |1.0000          |1.6745
5    |0.6216    |0.0417              |1.0000          |1.6633
30   |0.0045    |0.6417              |1.0000          |1.6461
14   |0.5920    |0.0417              |1.0000          |1.6336
16   |0.5901    |0.0417              |1.0000          |1.6318
13   |0.5543    |0.0750              |1.0000          |1.6293
10   |0.5556    |0.0667              |1.0000          |1.6223
3    |0.5774    |0.0417              |1.0000          |1.6190
33   |0.5515    |0.0667              |1.0000          |1.6181
6    |0.5474    |0.0667              |1.0000          |1.6141
17   |0.5389    |0.0750              |1.0000          |1.6139
18   |0.5379    |0.0500              |1.0000          |1.5879
20   |0.5082    |0.0500              |1.0000          |1.5582
26   |0.4972    |0.0417              |1.0000          |1.5389
27   |0.0475    |0.3500              |1.0000          |1.3975
19   |0.0004    |0.2667              |1.0000          |1.2671
31   |0.0004    |0.2667              |1.0000          |1.2671
29   |0.0488    |0.0750              |1.0000          |1.1238
22   |0.0465    |0.0500              |1.0000          |1.0965
24   |0.0454    |0.0500              |1.0000          |1.0954
35   |0.0004    |0.0500              |1.0000          |1.0504
25   |0.0004    |0.0417              |0.7527          |0.7948

Team Events (sorted, for dev use, diff check with others to ensure truly different schedules created):
------------------------------------------------------------
0, 98, 152, 186, 226, 287
1, 99, 143, 183, 232, 295
2, 103, 154, 208, 260, 310
3, 95, 147, 211, 277, 318
4, 94, 157, 188, 241, 303
5, 101, 149, 199, 249, 292
6, 97, 145, 191, 240, 297
7, 102, 153, 175, 244, 301
8, 105, 163, 178, 224, 286
9, 124, 156, 192, 247, 309
10, 127, 162, 194, 262, 304
11, 119, 158, 182, 261, 322
12, 121, 161, 195, 231, 279
13, 122, 160, 174, 223, 283
14, 115, 164, 201, 252, 302
15, 123, 165, 190, 255, 316
16, 118, 155, 212, 276, 324
17, 120, 151, 205, 268, 308
18, 72, 138, 200, 220, 275
19, 59, 146, 198, 256, 294
20, 57, 150, 202, 250, 305
21, 77, 144, 214, 267, 307
22, 60, 159, 170, 215, 274
24, 79, 142, 196, 236, 273
25, 83, 130, 213, 228, 270
26, 55, 148, 218, 272, 317
27, 69, 88, 216, 259, 299
28, 56, 91, 172, 217, 280
29, 64, 96, 209, 257, 300
30, 71, 86, 206, 227, 271
31, 100, 110, 219, 269, 284
32, 58, 87, 210, 254, 296
33, 61, 93, 179, 222, 289
34, 54, 89, 197, 234, 281
35, 90, 104, 221, 265, 285
36, 70, 111, 189, 237, 290
37, 74, 125, 167, 225, 278
38, 63, 107, 207, 264, 311
39, 73, 112, 185, 245, 288
40, 65, 113, 187, 248, 313
41, 68, 106, 203, 243, 282
42, 66, 114, 184, 263, 320
43, 62, 116, 204, 253, 291
44, 67, 117, 177, 230, 293
45, 82, 136, 193, 266, 319
46, 75, 126, 173, 239, 314
47, 80, 135, 169, 251, 325
48, 84, 141, 168, 233, 298
49, 78, 134, 181, 238, 312
50, 92, 139, 166, 235, 306
51, 81, 140, 171, 242, 315
52, 76, 131, 176, 246, 321
53, 85, 137, 180, 258, 323
