FLL Scheduler GA Summary Report (ID: 2132037137936 | Hash: -3691104805605913833)

Attributes:
--------------------
rank: 0
origin: (C | RoundTypeCrossover)
mutations: 0
clones: 0
_hash: -3691104805605913833
Length: 318

Fitness:
--------------------------
BreakTime           : 0.31062795876048954
LocationConsistency : 0.0
OpponentVariety     : 0.8754111684107535
-----------------------------------
Total               : 1.186039127171243
Percentage          : 39.53%

Per-Objective Statistics (Team Distribution):
-----------------------------------------------------------------
Objective                 | Min      | Max      | Avg      | Range   
-----------------------------------------------------------------
BreakTime                 | 0.0004   | 0.9193   | 0.5394   | 0.9189  
LocationConsistency       | 0.0417   | 0.6417   | 0.2483   | 0.6000  
OpponentVariety           | 0.7527   | 1.0000   | 0.9953   | 0.2473  

Team fitnesses (sorted by total fitness descending):
----------------------------------------------------
Max     : 2.433100
Min     : 1.042072
Range   : 1.391029
Average : 1.782986

Team |BreakTime |LocationConsistency |OpponentVariety |Sum
------------------------------------------------------------
52   |0.7914    |0.6417              |1.0000          |2.4331
42   |0.6764    |0.6417              |1.0000          |2.3181
40   |0.6732    |0.6417              |1.0000          |2.3148
38   |0.6273    |0.6417              |1.0000          |2.2689
45   |0.9139    |0.3500              |1.0000          |2.2639
11   |0.6158    |0.6417              |1.0000          |2.2575
37   |0.6044    |0.6417              |1.0000          |2.2460
50   |0.8793    |0.3500              |1.0000          |2.2293
34   |0.5616    |0.6417              |1.0000          |2.2032
16   |0.5379    |0.6417              |1.0000          |2.1796
49   |0.8925    |0.2667              |1.0000          |2.1592
53   |0.8672    |0.2667              |1.0000          |2.1338
6    |0.6329    |0.3500              |1.0000          |1.9829
47   |0.9193    |0.0500              |1.0000          |1.9693
46   |0.9185    |0.0417              |1.0000          |1.9602
24   |0.6013    |0.3500              |1.0000          |1.9513
12   |0.5901    |0.3500              |1.0000          |1.9401
36   |0.6673    |0.2667              |1.0000          |1.9339
41   |0.6637    |0.2667              |1.0000          |1.9304
48   |0.8865    |0.0417              |1.0000          |1.9281
9    |0.6485    |0.2667              |1.0000          |1.9152
51   |0.8630    |0.0500              |1.0000          |1.9130
3    |0.6216    |0.2667              |1.0000          |1.8883
43   |0.5936    |0.2667              |1.0000          |1.8603
13   |0.5920    |0.2667              |1.0000          |1.8586
44   |0.5809    |0.2667              |1.0000          |1.8476
18   |0.5758    |0.2667              |1.0000          |1.8424
15   |0.5556    |0.2667              |1.0000          |1.8223
21   |0.5082    |0.2667              |1.0000          |1.7749
39   |0.6257    |0.0500              |1.0000          |1.6757
1    |0.6005    |0.0667              |1.0000          |1.6672
5    |0.5719    |0.0750              |1.0000          |1.6469
4    |0.5895    |0.0500              |1.0000          |1.6395
8    |0.5774    |0.0500              |1.0000          |1.6274
7    |0.5474    |0.0750              |1.0000          |1.6224
2    |0.5640    |0.0500              |1.0000          |1.6140
10   |0.5389    |0.0750              |1.0000          |1.6139
14   |0.5543    |0.0500              |1.0000          |1.6043
17   |0.5619    |0.0417              |1.0000          |1.6036
35   |0.5515    |0.0417              |1.0000          |1.5931
23   |0.5397    |0.0500              |1.0000          |1.5897
30   |0.5133    |0.0500              |1.0000          |1.5633
32   |0.5002    |0.0417              |1.0000          |1.5419
26   |0.4972    |0.0417              |1.0000          |1.5389
29   |0.0488    |0.3667              |1.0000          |1.4154
22   |0.0004    |0.6417              |0.7527          |1.3948
19   |0.0004    |0.3667              |1.0000          |1.3671
25   |0.0465    |0.2667              |1.0000          |1.3132
33   |0.0045    |0.2667              |1.0000          |1.2711
27   |0.0475    |0.0417              |1.0000          |1.0891
20   |0.0454    |0.0417              |1.0000          |1.0871
31   |0.0004    |0.0500              |1.0000          |1.0504
28   |0.0004    |0.0417              |1.0000          |1.0421

Team Events (sorted, for dev use, diff check with others to ensure truly different schedules created):
------------------------------------------------------------
0, 96, 152, 187, 228, 287
1, 100, 145, 211, 277, 325
2, 101, 156, 189, 241, 303
3, 97, 148, 183, 234, 295
4, 98, 146, 196, 240, 296
5, 109, 153, 175, 239, 301
6, 94, 142, 205, 250, 293
7, 108, 154, 209, 261, 317
8, 102, 161, 178, 224, 286
9, 123, 155, 212, 276, 319
10, 122, 158, 182, 260, 322
11, 120, 165, 197, 255, 311
12, 121, 163, 174, 223, 283
13, 125, 162, 193, 231, 279
14, 118, 157, 195, 247, 309
15, 124, 150, 198, 263, 308
16, 113, 164, 203, 248, 302
17, 132, 160, 192, 269, 305
19, 74, 138, 202, 220, 275
20, 78, 149, 191, 236, 273
21, 58, 144, 204, 258, 294
22, 85, 130, 213, 226, 270
23, 57, 151, 200, 253, 304
24, 54, 159, 170, 215, 274
25, 71, 147, 214, 264, 307
26, 60, 143, 218, 272, 310
27, 62, 91, 216, 257, 298
28, 95, 117, 219, 262, 284
29, 67, 99, 208, 259, 300
30, 61, 90, 190, 233, 281
31, 88, 103, 221, 266, 285
32, 59, 87, 210, 254, 297
33, 76, 86, 206, 229, 271
34, 56, 89, 173, 217, 280
35, 55, 93, 179, 222, 289
36, 64, 110, 177, 230, 292
37, 68, 107, 207, 267, 316
38, 77, 116, 188, 237, 290
39, 75, 114, 184, 238, 288
40, 66, 115, 186, 251, 312
41, 72, 119, 167, 225, 278
42, 65, 112, 185, 268, 320
43, 69, 111, 199, 249, 291
44, 63, 106, 201, 243, 282
45, 83, 141, 171, 242, 314
46, 82, 135, 169, 252, 318
47, 73, 133, 172, 244, 315
48, 92, 139, 166, 232, 306
49, 70, 131, 176, 246, 321
50, 80, 140, 168, 235, 299
51, 79, 134, 181, 245, 313
52, 84, 137, 194, 265, 324
53, 81, 136, 180, 256, 323
