FLL Scheduler GA Summary Report (ID: 2132118895664 | Hash: -2414376775360574016)

Attributes:
--------------------
rank: 0
origin: (C | KPoint(k=1))
mutations: 0
clones: 0
_hash: -2414376775360574016
Length: 318

Fitness:
--------------------------
BreakTime           : 0.31062795876048954
LocationConsistency : 0.0
OpponentVariety     : 0.8754111684107535
-----------------------------------
Total               : 1.186039127171243
Percentage          : 39.53%

Per-Objective Statistics (Team Distribution):
-----------------------------------------------------------------
Objective                 | Min      | Max      | Avg      | Range   
-----------------------------------------------------------------
BreakTime                 | 0.0004   | 0.9193   | 0.5394   | 0.9189  
LocationConsistency       | 0.0417   | 0.6417   | 0.2484   | 0.6000  
OpponentVariety           | 0.7527   | 1.0000   | 0.9953   | 0.2473  

Team fitnesses (sorted by total fitness descending):
----------------------------------------------------
Max     : 2.528134
Min     : 0.794778
Range   : 1.733355
Average : 1.783144

Team |BreakTime |LocationConsistency |OpponentVariety |Sum
------------------------------------------------------------
46   |0.8865    |0.6417              |1.0000          |2.5281
49   |0.8630    |0.6417              |1.0000          |2.5047
40   |0.6732    |0.6417              |1.0000          |2.3148
9    |0.5719    |0.6417              |1.0000          |2.2135
4    |0.5640    |0.6417              |1.0000          |2.2057
51   |0.9139    |0.2667              |1.0000          |2.1805
52   |0.8925    |0.2667              |1.0000          |2.1592
48   |0.8793    |0.2667              |1.0000          |2.1460
50   |0.7914    |0.3500              |1.0000          |2.1414
53   |0.8672    |0.2667              |1.0000          |2.1338
42   |0.6764    |0.3500              |1.0000          |2.0264
5    |0.6216    |0.3667              |1.0000          |1.9883
47   |0.9193    |0.0417              |1.0000          |1.9610
39   |0.5936    |0.3667              |1.0000          |1.9603
45   |0.9185    |0.0417              |1.0000          |1.9602
13   |0.5901    |0.3500              |1.0000          |1.9401
38   |0.6673    |0.2667              |1.0000          |1.9339
34   |0.5616    |0.3667              |1.0000          |1.9282
37   |0.6273    |0.2667              |1.0000          |1.8939
44   |0.6257    |0.2667              |1.0000          |1.8923
36   |0.6044    |0.2667              |1.0000          |1.8710
6    |0.6005    |0.2667              |1.0000          |1.8672
41   |0.5809    |0.2667              |1.0000          |1.8476
1    |0.5774    |0.2667              |1.0000          |1.8440
15   |0.5758    |0.2667              |1.0000          |1.8424
17   |0.5619    |0.2667              |1.0000          |1.8286
3    |0.5474    |0.2667              |1.0000          |1.8141
19   |0.5397    |0.2667              |1.0000          |1.8064
28   |0.5133    |0.2667              |1.0000          |1.7800
21   |0.5082    |0.2667              |1.0000          |1.7749
31   |0.5002    |0.2667              |1.0000          |1.7669
7    |0.6485    |0.0667              |1.0000          |1.7152
43   |0.6637    |0.0417              |1.0000          |1.7054
10   |0.6158    |0.0750              |1.0000          |1.6908
2    |0.6329    |0.0417              |1.0000          |1.6745
12   |0.5920    |0.0667              |1.0000          |1.6586
22   |0.6013    |0.0417              |1.0000          |1.6430
30   |0.0004    |0.6417              |1.0000          |1.6421
8    |0.5895    |0.0500              |1.0000          |1.6395
18   |0.5389    |0.0750              |1.0000          |1.6139
14   |0.5543    |0.0500              |1.0000          |1.6043
16   |0.5556    |0.0417              |1.0000          |1.5973
35   |0.5515    |0.0417              |1.0000          |1.5931
11   |0.5379    |0.0500              |1.0000          |1.5879
23   |0.4972    |0.0667              |1.0000          |1.5639
33   |0.0045    |0.3667              |1.0000          |1.3711
29   |0.0488    |0.2667              |1.0000          |1.3154
24   |0.0454    |0.2667              |1.0000          |1.3121
25   |0.0004    |0.2667              |1.0000          |1.2671
27   |0.0004    |0.2667              |1.0000          |1.2671
32   |0.0475    |0.0500              |1.0000          |1.0975
20   |0.0465    |0.0500              |1.0000          |1.0965
26   |0.0004    |0.0417              |0.7527          |0.7948

Team Events (sorted, for dev use, diff check with others to ensure truly different schedules created):
------------------------------------------------------------
0, 103, 154, 209, 255, 310
1, 102, 152, 175, 244, 301
2, 101, 142, 205, 249, 292
3, 94, 147, 211, 277, 318
4, 95, 151, 189, 241, 303
5, 99, 153, 187, 226, 287
6, 105, 161, 178, 224, 286
7, 98, 148, 183, 232, 295
8, 96, 145, 196, 240, 297
9, 119, 159, 182, 254, 322
10, 120, 157, 198, 268, 308
11, 122, 162, 174, 223, 283
12, 123, 165, 197, 260, 316
13, 121, 163, 192, 231, 279
14, 132, 160, 193, 262, 304
15, 124, 150, 195, 247, 309
16, 113, 164, 203, 252, 302
17, 118, 155, 212, 276, 324
18, 57, 156, 200, 250, 305
19, 77, 144, 220, 267, 307
20, 59, 146, 204, 259, 294
21, 60, 158, 169, 221, 274
22, 55, 143, 217, 272, 317
24, 84, 149, 191, 236, 273
25, 72, 138, 202, 214, 275
26, 78, 129, 213, 228, 271
27, 89, 104, 215, 265, 285
28, 54, 91, 190, 234, 281
29, 64, 97, 208, 258, 300
30, 100, 117, 216, 269, 284
31, 58, 86, 210, 261, 296
32, 69, 90, 219, 256, 299
33, 71, 87, 207, 227, 270
34, 56, 88, 167, 218, 280
35, 61, 92, 179, 222, 289
36, 62, 107, 206, 264, 311
37, 70, 116, 188, 237, 290
38, 67, 110, 177, 230, 293
39, 63, 111, 199, 253, 291
40, 65, 114, 186, 248, 313
41, 68, 106, 201, 243, 282
42, 66, 112, 184, 263, 320
43, 74, 125, 172, 225, 278
44, 73, 115, 185, 245, 288
45, 81, 135, 170, 251, 325
46, 93, 139, 173, 235, 306
47, 75, 133, 166, 239, 314
48, 83, 141, 171, 233, 298
49, 85, 134, 181, 238, 312
50, 79, 136, 194, 266, 319
51, 80, 140, 168, 242, 315
52, 76, 128, 176, 246, 321
53, 82, 137, 180, 257, 323
