FLL Scheduler GA Summary Report (ID: 2132118895328 | Hash: -8774844301725392097)

Attributes:
--------------------
rank: 0
origin: (C | TimeSlotCrossover)
mutations: 0
clones: 0
_hash: -8774844301725392097
Length: 318

Fitness:
--------------------------
BreakTime           : 0.31062795876048954
LocationConsistency : 0.0
OpponentVariety     : 0.8754111684107535
-----------------------------------
Total               : 1.186039127171243
Percentage          : 39.53%

Per-Objective Statistics (Team Distribution):
-----------------------------------------------------------------
Objective                 | Min      | Max      | Avg      | Range   
-----------------------------------------------------------------
BreakTime                 | 0.0004   | 0.9193   | 0.5394   | 0.9189  
LocationConsistency       | 0.0417   | 0.6417   | 0.1958   | 0.6000  
OpponentVariety           | 0.7527   | 1.0000   | 0.9953   | 0.2473  

Team fitnesses (sorted by total fitness descending):
----------------------------------------------------
Max     : 2.263852
Min     : 1.067072
Range   : 1.196780
Average : 1.730471

Team |BreakTime |LocationConsistency |OpponentVariety |Sum
------------------------------------------------------------
53   |0.9139    |0.3500              |1.0000          |2.2639
50   |0.8793    |0.3500              |1.0000          |2.2293
47   |0.9193    |0.2667              |1.0000          |2.1860
28   |0.5133    |0.6417              |1.0000          |2.1550
45   |0.8865    |0.2667              |1.0000          |2.1531
51   |0.8672    |0.2667              |1.0000          |2.1338
48   |0.8630    |0.2667              |1.0000          |2.1297
5    |0.6216    |0.3667              |1.0000          |1.9883
52   |0.9185    |0.0417              |1.0000          |1.9602
49   |0.8925    |0.0667              |1.0000          |1.9592
38   |0.6044    |0.3500              |1.0000          |1.9544
42   |0.6764    |0.2667              |1.0000          |1.9431
40   |0.6732    |0.2667              |1.0000          |1.9398
44   |0.6637    |0.2667              |1.0000          |1.9304
7    |0.6329    |0.2667              |1.0000          |1.8995
4    |0.5474    |0.3500              |1.0000          |1.8974
37   |0.6273    |0.2667              |1.0000          |1.8939
43   |0.6257    |0.2667              |1.0000          |1.8923
16   |0.6158    |0.2667              |1.0000          |1.8825
39   |0.5936    |0.2667              |1.0000          |1.8603
13   |0.5920    |0.2667              |1.0000          |1.8586
33   |0.5002    |0.3500              |1.0000          |1.8502
41   |0.5809    |0.2667              |1.0000          |1.8476
15   |0.5758    |0.2667              |1.0000          |1.8424
46   |0.7914    |0.0417              |1.0000          |1.8331
29   |0.5515    |0.2667              |1.0000          |1.8181
21   |0.5397    |0.2667              |1.0000          |1.8064
36   |0.6673    |0.0417              |1.0000          |1.7089
1    |0.6485    |0.0417              |1.0000          |1.6902
23   |0.6013    |0.0667              |1.0000          |1.6680
3    |0.6005    |0.0667              |1.0000          |1.6672
19   |0.0004    |0.6417              |1.0000          |1.6421
12   |0.5901    |0.0417              |1.0000          |1.6318
6    |0.5895    |0.0417              |1.0000          |1.6312
9    |0.5719    |0.0500              |1.0000          |1.6219
2    |0.5774    |0.0417              |1.0000          |1.6190
8    |0.5640    |0.0500              |1.0000          |1.6140
14   |0.5543    |0.0500              |1.0000          |1.6043
17   |0.5619    |0.0417              |1.0000          |1.6036
31   |0.5616    |0.0417              |1.0000          |1.6032
10   |0.5556    |0.0417              |1.0000          |1.5973
18   |0.5389    |0.0500              |1.0000          |1.5889
11   |0.5379    |0.0500              |1.0000          |1.5879
20   |0.5082    |0.0667              |1.0000          |1.5749
26   |0.4972    |0.0667              |1.0000          |1.5639
25   |0.0004    |0.6417              |0.7527          |1.3948
35   |0.0045    |0.2667              |1.0000          |1.2711
32   |0.0004    |0.2667              |1.0000          |1.2671
34   |0.0488    |0.0500              |1.0000          |1.0988
27   |0.0475    |0.0500              |1.0000          |1.0975
22   |0.0465    |0.0500              |1.0000          |1.0965
24   |0.0454    |0.0500              |1.0000          |1.0954
30   |0.0004    |0.0667              |1.0000          |1.0671

Team Events (sorted, for dev use, diff check with others to ensure truly different schedules created):
------------------------------------------------------------
0, 109, 163, 178, 224, 286
1, 103, 154, 208, 260, 310
2, 96, 152, 187, 226, 287
3, 94, 149, 205, 249, 293
4, 101, 157, 189, 242, 303
5, 97, 142, 183, 232, 300
6, 102, 153, 175, 244, 294
7, 100, 146, 211, 277, 325
8, 98, 145, 191, 243, 299
9, 118, 156, 192, 247, 309
10, 121, 151, 198, 268, 308
11, 122, 165, 190, 255, 316
12, 123, 160, 174, 223, 283
13, 120, 161, 195, 231, 279
14, 132, 162, 194, 262, 304
15, 124, 158, 182, 261, 321
16, 113, 164, 203, 253, 302
17, 125, 155, 212, 276, 319
18, 72, 138, 202, 221, 272
19, 59, 147, 204, 256, 301
20, 56, 150, 200, 250, 305
21, 70, 144, 215, 267, 307
22, 55, 159, 170, 214, 273
24, 78, 143, 196, 236, 275
25, 84, 126, 213, 228, 270
26, 60, 148, 217, 274, 317
27, 68, 88, 219, 259, 297
28, 61, 89, 197, 234, 281
29, 54, 93, 179, 222, 289
30, 95, 111, 216, 269, 284
31, 57, 91, 172, 218, 280
32, 90, 108, 220, 265, 285
33, 58, 87, 210, 254, 298
34, 64, 99, 209, 257, 295
35, 77, 86, 206, 227, 271
36, 67, 117, 177, 230, 292
37, 76, 110, 188, 237, 290
38, 63, 107, 207, 264, 311
39, 62, 116, 199, 252, 291
40, 65, 115, 186, 248, 313
41, 69, 106, 201, 240, 282
42, 66, 112, 184, 263, 323
43, 73, 114, 185, 245, 288
44, 74, 119, 167, 225, 278
45, 92, 139, 166, 235, 306
46, 85, 136, 193, 266, 324
47, 75, 133, 173, 239, 314
48, 79, 134, 181, 238, 312
49, 71, 127, 176, 246, 322
50, 81, 141, 168, 233, 296
51, 80, 137, 180, 258, 320
52, 82, 135, 169, 251, 318
53, 83, 140, 171, 241, 315
