FLL Scheduler GA Summary Report (ID: 2132126147056 | Hash: -7400173902411287187)

Attributes:
--------------------
rank: 0
origin: (C | KPoint(k=3))
mutations: 0
clones: 0
_hash: -7400173902411287187
Length: 318

Fitness:
--------------------------
BreakTime           : 0.31062795876048954
LocationConsistency : 0.0
OpponentVariety     : 0.8754111684107535
-----------------------------------
Total               : 1.186039127171243
Percentage          : 39.53%

Per-Objective Statistics (Team Distribution):
-----------------------------------------------------------------
Objective                 | Min      | Max      | Avg      | Range   
-----------------------------------------------------------------
BreakTime                 | 0.0004   | 0.9193   | 0.5394   | 0.9189  
LocationConsistency       | 0.0417   | 0.6417   | 0.2181   | 0.6000  
OpponentVariety           | 0.7527   | 1.0000   | 0.9953   | 0.2473  

Team fitnesses (sorted by total fitness descending):
----------------------------------------------------
Max     : 2.528134
Min     : 1.019778
Range   : 1.508355
Average : 1.752798

Team |BreakTime |LocationConsistency |OpponentVariety |Sum
------------------------------------------------------------
45   |0.8865    |0.6417              |1.0000          |2.5281
37   |0.6273    |0.6417              |1.0000          |2.2689
43   |0.5936    |0.6417              |1.0000          |2.2353
7    |0.5719    |0.6417              |1.0000          |2.2135
4    |0.5640    |0.6417              |1.0000          |2.2057
46   |0.9185    |0.2667              |1.0000          |2.1852
49   |0.9139    |0.2667              |1.0000          |2.1805
53   |0.8925    |0.2667              |1.0000          |2.1592
31   |0.5002    |0.6417              |1.0000          |2.1419
48   |0.8630    |0.2667              |1.0000          |2.1297
5    |0.6216    |0.3667              |1.0000          |1.9883
47   |0.9193    |0.0417              |1.0000          |1.9610
40   |0.6732    |0.2667              |1.0000          |1.9398
2    |0.5895    |0.3500              |1.0000          |1.9395
51   |0.8672    |0.0667              |1.0000          |1.9338
50   |0.8793    |0.0500              |1.0000          |1.9293
33   |0.5616    |0.3667              |1.0000          |1.9282
39   |0.6257    |0.2667              |1.0000          |1.8923
19   |0.5397    |0.3500              |1.0000          |1.8897
41   |0.5809    |0.2667              |1.0000          |1.8476
14   |0.5758    |0.2667              |1.0000          |1.8424
52   |0.7914    |0.0417              |1.0000          |1.8331
18   |0.5619    |0.2667              |1.0000          |1.8286
16   |0.5556    |0.2667              |1.0000          |1.8223
15   |0.5543    |0.2667              |1.0000          |1.8210
11   |0.5379    |0.2667              |1.0000          |1.8046
42   |0.6764    |0.0750              |1.0000          |1.7514
38   |0.6673    |0.0500              |1.0000          |1.7173
1    |0.6485    |0.0667              |1.0000          |1.7152
44   |0.6637    |0.0417              |1.0000          |1.7054
17   |0.6158    |0.0667              |1.0000          |1.6825
8    |0.6329    |0.0417              |1.0000          |1.6745
13   |0.5920    |0.0667              |1.0000          |1.6586
36   |0.6044    |0.0500              |1.0000          |1.6544
9    |0.6005    |0.0500              |1.0000          |1.6505
23   |0.6013    |0.0417              |1.0000          |1.6430
12   |0.5901    |0.0417              |1.0000          |1.6318
6    |0.5474    |0.0750              |1.0000          |1.6224
3    |0.5774    |0.0417              |1.0000          |1.6190
10   |0.5389    |0.0750              |1.0000          |1.6139
34   |0.5515    |0.0417              |1.0000          |1.5931
28   |0.5133    |0.0500              |1.0000          |1.5633
21   |0.5082    |0.0417              |1.0000          |1.5499
25   |0.4972    |0.0417              |1.0000          |1.5389
29   |0.0488    |0.3500              |1.0000          |1.3988
35   |0.0045    |0.3667              |1.0000          |1.3711
30   |0.0004    |0.3667              |1.0000          |1.3671
27   |0.0004    |0.3500              |1.0000          |1.3504
22   |0.0454    |0.0667              |1.0000          |1.1121
32   |0.0475    |0.0500              |1.0000          |1.0975
26   |0.0465    |0.0500              |1.0000          |1.0965
24   |0.0004    |0.0500              |1.0000          |1.0504
20   |0.0004    |0.2667              |0.7527          |1.0198

Team Events (sorted, for dev use, diff check with others to ensure truly different schedules created):
------------------------------------------------------------
0, 105, 161, 178, 224, 286
1, 98, 143, 183, 235, 295
2, 103, 154, 208, 260, 310
3, 94, 147, 211, 277, 318
4, 95, 151, 188, 241, 303
5, 101, 149, 204, 249, 292
6, 96, 145, 191, 240, 297
7, 102, 152, 175, 244, 301
8, 99, 153, 186, 226, 287
9, 118, 155, 212, 276, 324
10, 120, 157, 198, 263, 309
11, 123, 165, 190, 255, 316
12, 122, 162, 174, 223, 283
13, 132, 160, 194, 269, 304
14, 121, 163, 195, 236, 279
15, 124, 150, 192, 247, 308
16, 119, 159, 182, 261, 322
17, 112, 164, 202, 252, 302
19, 57, 156, 201, 250, 305
20, 85, 129, 213, 228, 270
21, 59, 146, 205, 256, 294
22, 78, 142, 196, 231, 273
23, 60, 158, 169, 215, 274
24, 72, 138, 203, 220, 275
25, 55, 148, 218, 272, 317
26, 77, 144, 214, 266, 306
27, 89, 104, 221, 265, 285
28, 54, 91, 197, 233, 281
29, 67, 97, 209, 257, 300
30, 100, 116, 219, 262, 284
31, 58, 86, 210, 254, 296
32, 63, 90, 216, 259, 299
33, 56, 88, 167, 217, 280
34, 61, 92, 179, 222, 289
35, 71, 87, 206, 227, 271
36, 68, 107, 207, 264, 311
37, 70, 117, 189, 230, 290
38, 64, 110, 177, 237, 293
39, 73, 114, 185, 245, 288
40, 66, 115, 187, 248, 313
41, 62, 106, 200, 243, 282
42, 65, 113, 184, 268, 320
43, 69, 111, 199, 253, 291
44, 74, 125, 172, 225, 278
45, 93, 139, 173, 232, 307
46, 82, 135, 170, 251, 325
47, 75, 133, 166, 239, 314
48, 79, 134, 181, 238, 312
49, 83, 140, 168, 242, 315
50, 80, 141, 171, 234, 298
51, 81, 137, 180, 258, 323
52, 84, 136, 193, 267, 319
53, 76, 128, 176, 246, 321
