FLL Scheduler GA Summary Report (ID: 2132111933616 | Hash: -1208587400431281101)

Attributes:
--------------------
rank: 0
origin: (C | TimeSlotCrossover)
mutations: 1
clones: 0
_hash: -1208587400431281101
Length: 318

Fitness:
--------------------------
BreakTime           : 0.31062795876048954
LocationConsistency : 0.0
OpponentVariety     : 0.8754111684107535
-----------------------------------
Total               : 1.186039127171243
Percentage          : 39.53%

Per-Objective Statistics (Team Distribution):
-----------------------------------------------------------------
Objective                 | Min      | Max      | Avg      | Range   
-----------------------------------------------------------------
BreakTime                 | 0.0004   | 0.9193   | 0.5394   | 0.9189  
LocationConsistency       | 0.0417   | 0.9500   | 0.1893   | 0.9083  
OpponentVariety           | 0.7527   | 1.0000   | 0.9953   | 0.2473  

Team fitnesses (sorted by total fitness descending):
----------------------------------------------------
Max     : 2.528134
Min     : 0.828112
Range   : 1.700022
Average : 1.724024

Team |BreakTime |LocationConsistency |OpponentVariety |Sum
------------------------------------------------------------
46   |0.8865    |0.6417              |1.0000          |2.5281
31   |0.5002    |0.9500              |1.0000          |2.4502
37   |0.6732    |0.6417              |1.0000          |2.3148
47   |0.9193    |0.2667              |1.0000          |2.1860
45   |0.9185    |0.2667              |1.0000          |2.1852
50   |0.9139    |0.2667              |1.0000          |2.1805
48   |0.8793    |0.2667              |1.0000          |2.1460
52   |0.8630    |0.2667              |1.0000          |2.1297
39   |0.6273    |0.3500              |1.0000          |1.9773
23   |0.6013    |0.3500              |1.0000          |1.9513
51   |0.8925    |0.0417              |1.0000          |1.9342
43   |0.6673    |0.2667              |1.0000          |1.9339
49   |0.8672    |0.0667              |1.0000          |1.9338
41   |0.5809    |0.3500              |1.0000          |1.9309
42   |0.6637    |0.2667              |1.0000          |1.9304
34   |0.5616    |0.3667              |1.0000          |1.9282
8    |0.6329    |0.2667              |1.0000          |1.8995
36   |0.6257    |0.2667              |1.0000          |1.8923
5    |0.6216    |0.2667              |1.0000          |1.8883
17   |0.6158    |0.2667              |1.0000          |1.8825
53   |0.7914    |0.0417              |1.0000          |1.8331
4    |0.5640    |0.2667              |1.0000          |1.8307
18   |0.5619    |0.2667              |1.0000          |1.8286
6    |0.5474    |0.2667              |1.0000          |1.8141
40   |0.6764    |0.0750              |1.0000          |1.7514
1    |0.6485    |0.0417              |1.0000          |1.6902
38   |0.6044    |0.0500              |1.0000          |1.6544
44   |0.5936    |0.0500              |1.0000          |1.6436
9    |0.6005    |0.0417              |1.0000          |1.6422
13   |0.5920    |0.0417              |1.0000          |1.6336
12   |0.5901    |0.0417              |1.0000          |1.6318
2    |0.5895    |0.0417              |1.0000          |1.6312
10   |0.5543    |0.0750              |1.0000          |1.6293
7    |0.5719    |0.0500              |1.0000          |1.6219
3    |0.5774    |0.0417              |1.0000          |1.6190
14   |0.5758    |0.0417              |1.0000          |1.6174
11   |0.5379    |0.0750              |1.0000          |1.6129
16   |0.5556    |0.0417              |1.0000          |1.5973
35   |0.5515    |0.0417              |1.0000          |1.5931
15   |0.5389    |0.0500              |1.0000          |1.5889
20   |0.5397    |0.0417              |1.0000          |1.5814
32   |0.5133    |0.0417              |1.0000          |1.5550
22   |0.5082    |0.0417              |1.0000          |1.5499
26   |0.4972    |0.0500              |1.0000          |1.5472
19   |0.0465    |0.3500              |1.0000          |1.3965
27   |0.0004    |0.3500              |1.0000          |1.3504
28   |0.0488    |0.2667              |1.0000          |1.3154
33   |0.0045    |0.2667              |1.0000          |1.2711
24   |0.0454    |0.0667              |1.0000          |1.1121
30   |0.0475    |0.0417              |1.0000          |1.0891
29   |0.0004    |0.0667              |1.0000          |1.0671
25   |0.0004    |0.0417              |1.0000          |1.0421
21   |0.0004    |0.0750              |0.7527          |0.8281

Team Events (sorted, for dev use, diff check with others to ensure truly different schedules created):
------------------------------------------------------------
0, 105, 163, 178, 224, 286
1, 97, 143, 182, 232, 300
2, 103, 154, 209, 260, 310
3, 100, 147, 211, 277, 318
4, 101, 151, 188, 242, 303
5, 94, 149, 198, 249, 292
6, 98, 145, 191, 243, 299
7, 102, 152, 175, 244, 294
8, 96, 153, 187, 226, 287
9, 121, 161, 194, 231, 279
10, 120, 157, 204, 268, 308
11, 123, 165, 190, 255, 316
12, 122, 160, 174, 223, 283
13, 127, 162, 195, 262, 305
14, 118, 155, 213, 276, 324
15, 124, 150, 192, 247, 309
16, 119, 158, 183, 261, 322
17, 115, 164, 200, 252, 302
18, 70, 144, 214, 267, 307
19, 57, 156, 203, 250, 304
20, 85, 133, 212, 228, 270
21, 59, 146, 199, 256, 301
22, 60, 159, 169, 215, 273
23, 78, 142, 197, 236, 275
24, 75, 138, 201, 220, 272
25, 55, 148, 218, 274, 317
27, 89, 104, 221, 265, 285
28, 64, 99, 208, 257, 295
29, 95, 111, 219, 269, 284
30, 69, 90, 216, 259, 297
31, 58, 86, 210, 254, 298
32, 54, 91, 196, 234, 281
33, 76, 87, 206, 227, 271
34, 56, 88, 167, 217, 280
35, 61, 92, 179, 222, 289
36, 74, 113, 185, 245, 288
37, 65, 112, 186, 248, 313
38, 62, 107, 207, 264, 311
39, 77, 110, 189, 237, 290
40, 66, 114, 184, 263, 320
41, 68, 106, 202, 240, 282
42, 73, 125, 172, 225, 278
43, 67, 117, 177, 230, 293
44, 63, 116, 205, 253, 291
45, 82, 135, 170, 251, 325
46, 93, 139, 173, 235, 306
47, 72, 126, 166, 239, 314
48, 80, 141, 171, 233, 296
49, 81, 137, 180, 258, 323
50, 83, 140, 168, 241, 315
51, 71, 132, 176, 246, 321
52, 79, 134, 181, 238, 312
53, 84, 136, 193, 266, 319
