FLL Scheduler GA Summary Report (ID: 2132037135024 | Hash: 5476941439681779189)

Attributes:
--------------------
rank: 0
origin: (C | RoundTypeCrossover)
mutations: 0
clones: 0
_hash: 5476941439681779189
Length: 318

Fitness:
--------------------------
BreakTime           : 0.31062795876048954
LocationConsistency : 0.0
OpponentVariety     : 0.8754111684107535
-----------------------------------
Total               : 1.186039127171243
Percentage          : 39.53%

Per-Objective Statistics (Team Distribution):
-----------------------------------------------------------------
Objective                 | Min      | Max      | Avg      | Range   
-----------------------------------------------------------------
BreakTime                 | 0.0004   | 0.9193   | 0.5394   | 0.9189  
LocationConsistency       | 0.0417   | 0.9500   | 0.2228   | 0.9083  
OpponentVariety           | 0.7527   | 1.0000   | 0.9953   | 0.2473  

Team fitnesses (sorted by total fitness descending):
----------------------------------------------------
Max     : 2.539497
Min     : 0.803112
Range   : 1.736386
Average : 1.757515

Team |BreakTime |LocationConsistency |OpponentVariety |Sum
------------------------------------------------------------
4    |0.5895    |0.9500              |1.0000          |2.5395
52   |0.7914    |0.6417              |1.0000          |2.4331
47   |0.9193    |0.3500              |1.0000          |2.2693
53   |0.9139    |0.3500              |1.0000          |2.2639
36   |0.6044    |0.6417              |1.0000          |2.2460
14   |0.5758    |0.6417              |1.0000          |2.2174
49   |0.8925    |0.2667              |1.0000          |2.1592
50   |0.8793    |0.2667              |1.0000          |2.1460
51   |0.8672    |0.2667              |1.0000          |2.1338
40   |0.6732    |0.3500              |1.0000          |2.0232
3    |0.6329    |0.3500              |1.0000          |1.9829
10   |0.6158    |0.3667              |1.0000          |1.9825
46   |0.9185    |0.0500              |1.0000          |1.9685
39   |0.6637    |0.2667              |1.0000          |1.9304
45   |0.8865    |0.0417              |1.0000          |1.9281
16   |0.5556    |0.3667              |1.0000          |1.9223
48   |0.8630    |0.0500              |1.0000          |1.9130
6    |0.5474    |0.3500              |1.0000          |1.8974
37   |0.6273    |0.2667              |1.0000          |1.8939
15   |0.5389    |0.3500              |1.0000          |1.8889
5    |0.6216    |0.2667              |1.0000          |1.8883
13   |0.5920    |0.2667              |1.0000          |1.8586
12   |0.5901    |0.2667              |1.0000          |1.8568
34   |0.5002    |0.3500              |1.0000          |1.8502
41   |0.5809    |0.2667              |1.0000          |1.8476
8    |0.5774    |0.2667              |1.0000          |1.8440
9    |0.5719    |0.2667              |1.0000          |1.8385
32   |0.5616    |0.2667              |1.0000          |1.8282
11   |0.5379    |0.2667              |1.0000          |1.8046
27   |0.5133    |0.2667              |1.0000          |1.7800
42   |0.6764    |0.0417              |1.0000          |1.7181
38   |0.6673    |0.0417              |1.0000          |1.7089
43   |0.6257    |0.0750              |1.0000          |1.7007
1    |0.6485    |0.0417              |1.0000          |1.6902
25   |0.6013    |0.0500              |1.0000          |1.6513
44   |0.5936    |0.0500              |1.0000          |1.6436
7    |0.6005    |0.0417              |1.0000          |1.6422
19   |0.5397    |0.0750              |1.0000          |1.6147
2    |0.5640    |0.0500              |1.0000          |1.6140
17   |0.5619    |0.0500              |1.0000          |1.6119
18   |0.5543    |0.0500              |1.0000          |1.6043
31   |0.5515    |0.0417              |1.0000          |1.5931
20   |0.5082    |0.0667              |1.0000          |1.5749
26   |0.4972    |0.0667              |1.0000          |1.5639
30   |0.0475    |0.2667              |1.0000          |1.3141
21   |0.0465    |0.2667              |1.0000          |1.3132
24   |0.0004    |0.2667              |1.0000          |1.2671
23   |0.0454    |0.0667              |1.0000          |1.1121
28   |0.0488    |0.0500              |1.0000          |1.0988
33   |0.0004    |0.0750              |1.0000          |1.0754
29   |0.0045    |0.0500              |1.0000          |1.0545
35   |0.0004    |0.0417              |1.0000          |1.0421
22   |0.0004    |0.0500              |0.7527          |0.8031

Team Events (sorted, for dev use, diff check with others to ensure truly different schedules created):
------------------------------------------------------------
0, 103, 161, 178, 224, 286
1, 100, 147, 208, 277, 325
2, 109, 155, 175, 239, 301
3, 96, 143, 183, 232, 295
4, 101, 156, 189, 243, 303
5, 94, 149, 205, 251, 293
6, 97, 154, 187, 228, 287
7, 108, 153, 211, 260, 310
8, 98, 145, 196, 242, 296
9, 118, 158, 182, 261, 321
10, 122, 150, 198, 269, 308
11, 120, 165, 197, 254, 316
12, 121, 163, 174, 223, 283
13, 127, 160, 192, 263, 305
14, 119, 152, 207, 276, 319
15, 125, 157, 195, 252, 309
16, 113, 164, 203, 246, 302
17, 123, 162, 193, 231, 279
18, 57, 151, 200, 248, 304
19, 58, 146, 204, 259, 294
20, 70, 144, 221, 264, 307
21, 85, 129, 206, 226, 270
22, 78, 142, 191, 236, 273
23, 75, 137, 202, 214, 275
24, 54, 159, 170, 220, 274
25, 60, 148, 217, 272, 317
27, 61, 90, 190, 234, 281
28, 64, 99, 210, 258, 300
29, 76, 86, 213, 229, 271
30, 69, 91, 219, 256, 298
31, 55, 93, 179, 222, 289
32, 56, 89, 173, 218, 280
33, 95, 111, 216, 268, 284
34, 59, 87, 209, 255, 297
35, 88, 102, 215, 266, 285
36, 63, 107, 212, 267, 311
37, 77, 110, 188, 237, 290
38, 67, 117, 177, 230, 292
39, 73, 124, 167, 225, 278
40, 65, 115, 186, 250, 315
41, 68, 106, 201, 240, 282
42, 66, 112, 185, 262, 323
43, 74, 114, 184, 238, 288
44, 62, 116, 199, 247, 291
45, 92, 136, 166, 235, 306
46, 82, 135, 169, 249, 318
47, 72, 126, 172, 244, 312
48, 79, 134, 181, 245, 314
49, 71, 128, 176, 253, 322
50, 80, 140, 168, 233, 299
51, 81, 139, 180, 257, 320
52, 84, 138, 194, 265, 324
53, 83, 141, 171, 241, 313
