FLL Scheduler GA Summary Report (ID: 2132111949296 | Hash: 4331397463245280333)

Attributes:
--------------------
rank: 0
origin: (C | KPoint(k=1))
mutations: 0
clones: 0
_hash: 4331397463245280333
Length: 318

Fitness:
--------------------------
BreakTime           : 0.31062795876048954
LocationConsistency : 0.0
OpponentVariety     : 0.8754111684107535
-----------------------------------
Total               : 1.186039127171243
Percentage          : 39.53%

Per-Objective Statistics (Team Distribution):
-----------------------------------------------------------------
Objective                 | Min      | Max      | Avg      | Range   
-----------------------------------------------------------------
BreakTime                 | 0.0004   | 0.9193   | 0.5394   | 0.9189  
LocationConsistency       | 0.0417   | 0.6417   | 0.2112   | 0.6000  
OpponentVariety           | 0.7527   | 1.0000   | 0.9953   | 0.2473  

Team fitnesses (sorted by total fitness descending):
----------------------------------------------------
Max     : 2.528134
Min     : 1.019778
Range   : 1.508355
Average : 1.745880

Team |BreakTime |LocationConsistency |OpponentVariety |Sum
------------------------------------------------------------
45   |0.8865    |0.6417              |1.0000          |2.5281
40   |0.6732    |0.6417              |1.0000          |2.3148
37   |0.6273    |0.6417              |1.0000          |2.2689
11   |0.5758    |0.6417              |1.0000          |2.2174
4    |0.5640    |0.6417              |1.0000          |2.2057
47   |0.9193    |0.2667              |1.0000          |2.1860
46   |0.9185    |0.2667              |1.0000          |2.1852
49   |0.9139    |0.2667              |1.0000          |2.1805
53   |0.8925    |0.2667              |1.0000          |2.1592
31   |0.5002    |0.6417              |1.0000          |2.1419
44   |0.6257    |0.3667              |1.0000          |1.9923
5    |0.6216    |0.3667              |1.0000          |1.9883
36   |0.6044    |0.3500              |1.0000          |1.9544
2    |0.5895    |0.3500              |1.0000          |1.9395
51   |0.8672    |0.0667              |1.0000          |1.9338
41   |0.5809    |0.3500              |1.0000          |1.9309
50   |0.8793    |0.0500              |1.0000          |1.9293
32   |0.5616    |0.3667              |1.0000          |1.9282
48   |0.8630    |0.0417              |1.0000          |1.9047
8    |0.6329    |0.2667              |1.0000          |1.8995
21   |0.5397    |0.3500              |1.0000          |1.8897
12   |0.6158    |0.2667              |1.0000          |1.8825
39   |0.5936    |0.2667              |1.0000          |1.8603
7    |0.5719    |0.2667              |1.0000          |1.8385
52   |0.7914    |0.0417              |1.0000          |1.8331
15   |0.5619    |0.2667              |1.0000          |1.8286
42   |0.6764    |0.0750              |1.0000          |1.7514
38   |0.6673    |0.0500              |1.0000          |1.7173
43   |0.6637    |0.0500              |1.0000          |1.7137
1    |0.6485    |0.0417              |1.0000          |1.6902
9    |0.6005    |0.0500              |1.0000          |1.6505
24   |0.6013    |0.0417              |1.0000          |1.6430
14   |0.5920    |0.0417              |1.0000          |1.6336
18   |0.5901    |0.0417              |1.0000          |1.6318
6    |0.5474    |0.0750              |1.0000          |1.6224
13   |0.5543    |0.0667              |1.0000          |1.6210
3    |0.5774    |0.0417              |1.0000          |1.6190
17   |0.5389    |0.0750              |1.0000          |1.6139
16   |0.5556    |0.0417              |1.0000          |1.5973
27   |0.5515    |0.0417              |1.0000          |1.5931
10   |0.5379    |0.0500              |1.0000          |1.5879
30   |0.5133    |0.0500              |1.0000          |1.5633
20   |0.5082    |0.0417              |1.0000          |1.5499
23   |0.4972    |0.0417              |1.0000          |1.5389
34   |0.0488    |0.3500              |1.0000          |1.3988
35   |0.0004    |0.3500              |1.0000          |1.3504
22   |0.0454    |0.0667              |1.0000          |1.1121
28   |0.0475    |0.0500              |1.0000          |1.0975
26   |0.0465    |0.0500              |1.0000          |1.0965
29   |0.0045    |0.0750              |1.0000          |1.0795
33   |0.0004    |0.0667              |1.0000          |1.0671
19   |0.0004    |0.0500              |1.0000          |1.0504
25   |0.0004    |0.2667              |0.7527          |1.0198

Team Events (sorted, for dev use, diff check with others to ensure truly different schedules created):
------------------------------------------------------------
0, 105, 163, 178, 224, 286
1, 98, 143, 183, 235, 295
2, 103, 154, 208, 260, 310
3, 94, 147, 211, 277, 318
4, 95, 151, 188, 242, 303
5, 101, 149, 204, 249, 292
6, 96, 145, 191, 243, 297
7, 102, 152, 175, 238, 301
8, 99, 153, 186, 226, 287
9, 120, 157, 198, 262, 308
10, 132, 162, 194, 268, 304
11, 119, 158, 182, 261, 322
12, 121, 161, 195, 236, 285
13, 122, 160, 174, 223, 283
14, 115, 164, 202, 252, 302
15, 124, 150, 192, 247, 309
16, 118, 155, 212, 276, 324
17, 123, 165, 190, 255, 316
18, 72, 138, 203, 214, 275
19, 59, 146, 205, 256, 294
20, 57, 156, 201, 250, 305
21, 78, 142, 196, 231, 273
22, 55, 148, 218, 272, 317
23, 60, 159, 169, 221, 274
24, 85, 129, 213, 228, 271
26, 77, 144, 220, 266, 306
27, 61, 92, 179, 222, 289
28, 69, 90, 216, 259, 299
29, 71, 87, 206, 227, 270
30, 54, 91, 197, 233, 281
31, 58, 86, 210, 254, 296
32, 56, 88, 167, 217, 280
33, 100, 116, 219, 263, 278
34, 64, 97, 209, 257, 300
35, 89, 104, 215, 265, 279
36, 63, 107, 207, 264, 311
37, 70, 117, 189, 230, 290
38, 67, 110, 177, 237, 293
39, 62, 111, 199, 253, 291
40, 65, 112, 187, 248, 313
41, 68, 106, 200, 240, 282
42, 66, 114, 184, 269, 320
43, 74, 125, 172, 225, 284
44, 73, 113, 185, 239, 288
45, 93, 139, 173, 232, 307
46, 82, 135, 170, 251, 325
47, 75, 133, 166, 245, 314
48, 79, 134, 181, 244, 312
49, 83, 140, 168, 241, 315
50, 80, 141, 171, 234, 298
51, 81, 137, 180, 258, 323
52, 84, 136, 193, 267, 319
53, 76, 128, 176, 246, 321
