FLL Scheduler GA Summary Report (ID: 2132111946944 | Hash: 1198754840674512662)

Attributes:
--------------------
rank: 0
origin: (C | RoundTypeCrossover)
mutations: 0
clones: 0
_hash: 1198754840674512662
Length: 318

Fitness:
--------------------------
BreakTime           : 0.31062795876048954
LocationConsistency : 0.0
OpponentVariety     : 0.8754111684107535
-----------------------------------
Total               : 1.186039127171243
Percentage          : 39.53%

Per-Objective Statistics (Team Distribution):
-----------------------------------------------------------------
Objective                 | Min      | Max      | Avg      | Range   
-----------------------------------------------------------------
BreakTime                 | 0.0004   | 0.9193   | 0.5394   | 0.9189  
LocationConsistency       | 0.0417   | 0.6417   | 0.1998   | 0.6000  
OpponentVariety           | 0.7527   | 1.0000   | 0.9953   | 0.2473  

Team fitnesses (sorted by total fitness descending):
----------------------------------------------------
Max     : 2.528134
Min     : 0.803112
Range   : 1.725022
Average : 1.734559

Team |BreakTime |LocationConsistency |OpponentVariety |Sum
------------------------------------------------------------
46   |0.8865    |0.6417              |1.0000          |2.5281
9    |0.5719    |0.6417              |1.0000          |2.2135
8    |0.5640    |0.6417              |1.0000          |2.2057
18   |0.5619    |0.6417              |1.0000          |2.2036
45   |0.9185    |0.2667              |1.0000          |2.1852
51   |0.9139    |0.2667              |1.0000          |2.1805
52   |0.8925    |0.2667              |1.0000          |2.1592
31   |0.5002    |0.6417              |1.0000          |2.1419
49   |0.8630    |0.2667              |1.0000          |2.1297
5    |0.6216    |0.3667              |1.0000          |1.9883
16   |0.6158    |0.3667              |1.0000          |1.9825
39   |0.6273    |0.3500              |1.0000          |1.9773
47   |0.9193    |0.0417              |1.0000          |1.9610
44   |0.5936    |0.3500              |1.0000          |1.9436
37   |0.6732    |0.2667              |1.0000          |1.9398
43   |0.6673    |0.2667              |1.0000          |1.9339
53   |0.8672    |0.0667              |1.0000          |1.9338
41   |0.5809    |0.3500              |1.0000          |1.9309
34   |0.5616    |0.3667              |1.0000          |1.9282
48   |0.8793    |0.0417              |1.0000          |1.9210
14   |0.5543    |0.3500              |1.0000          |1.9043
36   |0.6257    |0.2667              |1.0000          |1.8923
3    |0.6005    |0.2667              |1.0000          |1.8672
6    |0.5895    |0.2667              |1.0000          |1.8562
50   |0.7914    |0.0417              |1.0000          |1.8331
40   |0.6764    |0.0750              |1.0000          |1.7514
1    |0.6485    |0.0667              |1.0000          |1.7152
42   |0.6637    |0.0417              |1.0000          |1.7054
7    |0.6329    |0.0417              |1.0000          |1.6745
13   |0.5920    |0.0667              |1.0000          |1.6586
38   |0.6044    |0.0500              |1.0000          |1.6544
23   |0.6013    |0.0417              |1.0000          |1.6430
12   |0.5901    |0.0417              |1.0000          |1.6318
2    |0.5774    |0.0417              |1.0000          |1.6190
11   |0.5758    |0.0417              |1.0000          |1.6174
4    |0.5474    |0.0667              |1.0000          |1.6141
15   |0.5379    |0.0750              |1.0000          |1.6129
10   |0.5556    |0.0417              |1.0000          |1.5973
35   |0.5515    |0.0417              |1.0000          |1.5931
17   |0.5389    |0.0500              |1.0000          |1.5889
20   |0.5397    |0.0417              |1.0000          |1.5814
32   |0.5133    |0.0417              |1.0000          |1.5550
22   |0.5082    |0.0417              |1.0000          |1.5499
26   |0.4972    |0.0500              |1.0000          |1.5472
29   |0.0004    |0.3667              |1.0000          |1.3671
27   |0.0004    |0.3500              |1.0000          |1.3504
28   |0.0488    |0.2667              |1.0000          |1.3154
24   |0.0454    |0.0750              |1.0000          |1.1204
30   |0.0475    |0.0500              |1.0000          |1.0975
19   |0.0465    |0.0500              |1.0000          |1.0965
33   |0.0045    |0.0750              |1.0000          |1.0795
25   |0.0004    |0.0500              |1.0000          |1.0504
21   |0.0004    |0.0500              |0.7527          |0.8031

Team Events (sorted, for dev use, diff check with others to ensure truly different schedules created):
------------------------------------------------------------
0, 105, 161, 178, 224, 286
1, 103, 154, 209, 260, 310
2, 99, 153, 187, 226, 287
3, 101, 149, 198, 249, 292
4, 95, 151, 188, 241, 303
5, 98, 143, 182, 232, 295
6, 102, 152, 175, 244, 301
7, 94, 147, 211, 277, 318
8, 96, 145, 191, 240, 297
9, 124, 150, 192, 247, 309
10, 132, 160, 194, 262, 305
11, 123, 165, 190, 255, 316
12, 122, 162, 174, 223, 283
13, 121, 163, 195, 231, 279
14, 120, 157, 204, 268, 308
15, 119, 159, 183, 261, 322
16, 118, 155, 213, 276, 324
17, 112, 164, 200, 252, 302
18, 77, 144, 214, 267, 307
19, 57, 156, 203, 250, 304
20, 85, 129, 212, 228, 271
21, 59, 146, 199, 256, 294
22, 60, 158, 169, 215, 272
23, 78, 142, 196, 236, 275
24, 72, 138, 201, 220, 273
25, 55, 148, 218, 274, 317
27, 89, 104, 221, 265, 285
28, 67, 97, 208, 257, 300
29, 100, 116, 219, 269, 284
30, 62, 90, 216, 259, 299
31, 58, 86, 210, 254, 296
32, 54, 91, 197, 234, 281
33, 71, 87, 206, 227, 270
34, 56, 88, 167, 217, 280
35, 61, 92, 179, 222, 289
36, 73, 114, 185, 245, 288
37, 66, 115, 186, 248, 313
38, 68, 107, 207, 264, 311
39, 70, 117, 189, 237, 290
40, 65, 113, 184, 263, 320
41, 63, 106, 202, 243, 282
42, 74, 125, 172, 225, 278
43, 64, 110, 177, 230, 293
44, 69, 111, 205, 253, 291
45, 82, 135, 170, 251, 325
46, 93, 139, 173, 235, 306
47, 75, 133, 166, 239, 314
48, 80, 141, 171, 233, 298
49, 79, 134, 181, 238, 312
50, 84, 136, 193, 266, 319
51, 83, 140, 168, 242, 315
52, 76, 128, 176, 246, 321
53, 81, 137, 180, 258, 323
