FLL Scheduler GA Summary Report (ID: 2132111943024 | Hash: 2602542097939598187)

Attributes:
--------------------
rank: 0
origin: (C | KPoint(k=2))
mutations: 2
clones: 1
_hash: 2602542097939598187
Length: 318

Fitness:
--------------------------
BreakTime           : 0.31062795876048954
LocationConsistency : 0.0
OpponentVariety     : 0.8754111684107535
-----------------------------------
Total               : 1.186039127171243
Percentage          : 39.53%

Per-Objective Statistics (Team Distribution):
-----------------------------------------------------------------
Objective                 | Min      | Max      | Avg      | Range   
-----------------------------------------------------------------
BreakTime                 | 0.0004   | 0.9193   | 0.5394   | 0.9189  
LocationConsistency       | 0.0417   | 0.6417   | 0.2135   | 0.6000  
OpponentVariety           | 0.7527   | 1.0000   | 0.9953   | 0.2473  

Team fitnesses (sorted by total fitness descending):
----------------------------------------------------
Max     : 2.263852
Min     : 1.019778
Range   : 1.244073
Average : 1.748238

Team |BreakTime |LocationConsistency |OpponentVariety |Sum
------------------------------------------------------------
49   |0.9139    |0.3500              |1.0000          |2.2639
45   |0.8865    |0.3500              |1.0000          |2.2365
51   |0.8672    |0.3667              |1.0000          |2.2338
7    |0.5719    |0.6417              |1.0000          |2.2135
15   |0.5619    |0.6417              |1.0000          |2.2036
47   |0.9193    |0.2667              |1.0000          |2.1860
53   |0.8925    |0.2667              |1.0000          |2.1592
50   |0.8793    |0.2667              |1.0000          |2.1460
48   |0.8630    |0.2667              |1.0000          |2.1297
52   |0.7914    |0.2667              |1.0000          |2.0581
5    |0.6216    |0.3667              |1.0000          |1.9883
37   |0.6273    |0.3500              |1.0000          |1.9773
46   |0.9185    |0.0417              |1.0000          |1.9602
43   |0.5936    |0.3500              |1.0000          |1.9436
40   |0.6732    |0.2667              |1.0000          |1.9398
2    |0.5895    |0.3500              |1.0000          |1.9395
38   |0.6673    |0.2667              |1.0000          |1.9339
44   |0.6637    |0.2667              |1.0000          |1.9304
4    |0.5640    |0.3500              |1.0000          |1.9140
39   |0.6257    |0.2667              |1.0000          |1.8923
10   |0.5379    |0.3500              |1.0000          |1.8879
41   |0.5809    |0.2667              |1.0000          |1.8476
3    |0.5774    |0.2667              |1.0000          |1.8440
11   |0.5758    |0.2667              |1.0000          |1.8424
16   |0.5556    |0.2667              |1.0000          |1.8223
13   |0.5543    |0.2667              |1.0000          |1.8210
21   |0.5397    |0.2667              |1.0000          |1.8064
20   |0.5082    |0.2667              |1.0000          |1.7749
31   |0.5002    |0.2667              |1.0000          |1.7669
42   |0.6764    |0.0667              |1.0000          |1.7431
1    |0.6485    |0.0667              |1.0000          |1.7152
12   |0.6158    |0.0750              |1.0000          |1.6908
8    |0.6329    |0.0417              |1.0000          |1.6745
14   |0.5920    |0.0667              |1.0000          |1.6586
36   |0.6044    |0.0500              |1.0000          |1.6544
24   |0.6013    |0.0500              |1.0000          |1.6513
9    |0.6005    |0.0500              |1.0000          |1.6505
18   |0.5901    |0.0500              |1.0000          |1.6401
33   |0.5616    |0.0667              |1.0000          |1.6282
6    |0.5474    |0.0667              |1.0000          |1.6141
34   |0.5515    |0.0417              |1.0000          |1.5931
17   |0.5389    |0.0500              |1.0000          |1.5889
28   |0.5133    |0.0500              |1.0000          |1.5633
23   |0.4972    |0.0417              |1.0000          |1.5389
29   |0.0045    |0.3667              |1.0000          |1.3711
35   |0.0488    |0.2667              |1.0000          |1.3154
27   |0.0004    |0.2667              |1.0000          |1.2671
22   |0.0454    |0.0750              |1.0000          |1.1204
32   |0.0475    |0.0500              |1.0000          |1.0975
26   |0.0465    |0.0417              |1.0000          |1.0882
30   |0.0004    |0.0667              |1.0000          |1.0671
19   |0.0004    |0.0417              |1.0000          |1.0421
25   |0.0004    |0.2667              |0.7527          |1.0198

Team Events (sorted, for dev use, diff check with others to ensure truly different schedules created):
------------------------------------------------------------
0, 105, 161, 178, 224, 286
1, 98, 143, 183, 232, 295
2, 103, 154, 208, 255, 310
3, 94, 147, 211, 277, 325
4, 95, 151, 188, 241, 303
5, 101, 149, 198, 249, 292
6, 96, 145, 191, 240, 297
7, 102, 152, 175, 244, 301
8, 99, 153, 186, 226, 287
9, 120, 157, 204, 268, 309
10, 132, 160, 194, 262, 304
11, 119, 159, 182, 254, 321
12, 121, 163, 195, 231, 284
13, 122, 162, 174, 223, 280
14, 112, 164, 200, 252, 302
15, 124, 150, 192, 247, 308
16, 118, 155, 212, 276, 319
17, 123, 165, 190, 260, 316
18, 72, 138, 201, 220, 275
19, 59, 146, 199, 259, 294
20, 57, 156, 203, 250, 305
21, 78, 142, 196, 236, 273
22, 55, 148, 218, 272, 317
23, 60, 158, 170, 215, 274
24, 85, 129, 213, 228, 270
26, 77, 144, 214, 267, 306
27, 89, 104, 221, 265, 278
28, 54, 91, 197, 234, 282
29, 71, 87, 206, 227, 271
30, 100, 116, 219, 269, 279
31, 58, 86, 210, 261, 296
32, 62, 90, 216, 256, 299
33, 56, 88, 172, 217, 283
34, 61, 92, 179, 222, 289
35, 67, 97, 209, 258, 300
36, 68, 107, 207, 264, 311
37, 70, 117, 189, 237, 290
38, 64, 110, 177, 230, 293
39, 73, 114, 185, 245, 288
40, 66, 115, 187, 248, 313
41, 63, 106, 202, 243, 281
42, 65, 113, 184, 263, 323
43, 69, 111, 205, 253, 291
44, 74, 125, 167, 225, 285
45, 93, 139, 166, 235, 307
46, 82, 135, 169, 251, 318
47, 75, 133, 173, 239, 314
48, 79, 134, 181, 238, 312
49, 83, 140, 171, 242, 315
50, 80, 141, 168, 233, 298
51, 81, 137, 180, 257, 320
52, 84, 136, 193, 266, 324
53, 76, 128, 176, 246, 322
