FLL Scheduler GA Summary Report (ID: 2132037136816 | Hash: 2275602832813812588)

Attributes:
--------------------
rank: 0
origin: (C | KPoint(k=3))
mutations: 0
clones: 0
_hash: 2275602832813812588
Length: 318

Fitness:
--------------------------
BreakTime           : 0.31062795876048954
LocationConsistency : 0.0
OpponentVariety     : 0.8754111684107535
-----------------------------------
Total               : 1.186039127171243
Percentage          : 39.53%

Per-Objective Statistics (Team Distribution):
-----------------------------------------------------------------
Objective                 | Min      | Max      | Avg      | Range   
-----------------------------------------------------------------
BreakTime                 | 0.0004   | 0.9193   | 0.5394   | 0.9189  
LocationConsistency       | 0.0417   | 0.6417   | 0.1954   | 0.6000  
OpponentVariety           | 0.7527   | 1.0000   | 0.9953   | 0.2473  

Team fitnesses (sorted by total fitness descending):
----------------------------------------------------
Max     : 2.263852
Min     : 1.019778
Range   : 1.244073
Average : 1.730156

Team |BreakTime |LocationConsistency |OpponentVariety |Sum
------------------------------------------------------------
53   |0.9139    |0.3500              |1.0000          |2.2639
45   |0.8865    |0.2667              |1.0000          |2.1531
50   |0.8793    |0.2667              |1.0000          |2.1460
52   |0.7914    |0.3500              |1.0000          |2.1414
51   |0.8672    |0.2667              |1.0000          |2.1338
8    |0.6329    |0.3500              |1.0000          |1.9829
47   |0.9193    |0.0417              |1.0000          |1.9610
46   |0.9185    |0.0417              |1.0000          |1.9602
36   |0.6044    |0.3500              |1.0000          |1.9544
23   |0.6013    |0.3500              |1.0000          |1.9513
2    |0.5895    |0.3500              |1.0000          |1.9395
48   |0.8630    |0.0750              |1.0000          |1.9380
49   |0.8925    |0.0417              |1.0000          |1.9342
39   |0.6637    |0.2667              |1.0000          |1.9304
1    |0.6485    |0.2667              |1.0000          |1.9152
37   |0.6273    |0.2667              |1.0000          |1.8939
43   |0.6257    |0.2667              |1.0000          |1.8923
24   |0.5397    |0.3500              |1.0000          |1.8897
18   |0.5389    |0.3500              |1.0000          |1.8889
11   |0.6158    |0.2667              |1.0000          |1.8825
9    |0.6005    |0.2667              |1.0000          |1.8672
7    |0.5719    |0.2667              |1.0000          |1.8385
35   |0.5515    |0.2667              |1.0000          |1.8181
6    |0.5474    |0.2667              |1.0000          |1.8141
16   |0.5379    |0.2667              |1.0000          |1.8046
30   |0.5133    |0.2667              |1.0000          |1.7800
22   |0.5082    |0.2667              |1.0000          |1.7749
44   |0.6732    |0.0750              |1.0000          |1.7482
42   |0.6764    |0.0500              |1.0000          |1.7264
38   |0.6673    |0.0500              |1.0000          |1.7173
25   |0.0465    |0.6417              |1.0000          |1.6882
5    |0.6216    |0.0417              |1.0000          |1.6633
40   |0.5936    |0.0500              |1.0000          |1.6436
13   |0.5920    |0.0417              |1.0000          |1.6336
15   |0.5901    |0.0417              |1.0000          |1.6318
41   |0.5809    |0.0500              |1.0000          |1.6309
14   |0.5543    |0.0750              |1.0000          |1.6293
3    |0.5774    |0.0417              |1.0000          |1.6190
17   |0.5758    |0.0417              |1.0000          |1.6174
12   |0.5619    |0.0500              |1.0000          |1.6119
4    |0.5640    |0.0417              |1.0000          |1.6057
10   |0.5556    |0.0500              |1.0000          |1.6056
34   |0.5616    |0.0417              |1.0000          |1.6032
26   |0.4972    |0.0667              |1.0000          |1.5639
32   |0.5002    |0.0417              |1.0000          |1.5419
28   |0.0004    |0.3667              |1.0000          |1.3671
33   |0.0045    |0.3500              |1.0000          |1.3545
27   |0.0475    |0.2667              |1.0000          |1.3141
21   |0.0454    |0.2667              |1.0000          |1.3121
20   |0.0004    |0.2667              |1.0000          |1.2671
31   |0.0488    |0.0417              |1.0000          |1.0904
29   |0.0004    |0.0417              |1.0000          |1.0421
19   |0.0004    |0.2667              |0.7527          |1.0198

Team Events (sorted, for dev use, diff check with others to ensure truly different schedules created):
------------------------------------------------------------
0, 102, 161, 178, 224, 286
1, 96, 143, 183, 235, 295
2, 108, 153, 208, 261, 310
3, 100, 147, 210, 277, 318
4, 101, 150, 188, 242, 303
5, 95, 149, 205, 250, 292
6, 98, 145, 191, 243, 297
7, 109, 155, 175, 239, 301
8, 97, 154, 186, 228, 287
9, 118, 151, 192, 252, 308
10, 125, 158, 182, 260, 322
11, 112, 164, 203, 246, 302
12, 121, 163, 174, 223, 280
13, 123, 162, 196, 236, 284
14, 120, 165, 190, 255, 316
15, 122, 157, 198, 263, 309
16, 126, 160, 194, 269, 305
17, 124, 152, 213, 276, 324
19, 85, 130, 212, 226, 271
20, 73, 138, 202, 220, 275
21, 79, 142, 195, 231, 272
22, 59, 146, 204, 259, 294
23, 54, 159, 170, 214, 274
24, 57, 156, 200, 249, 304
25, 71, 144, 215, 264, 306
26, 60, 148, 219, 273, 317
27, 69, 89, 216, 257, 298
28, 94, 110, 218, 262, 279
29, 91, 103, 221, 266, 278
30, 61, 88, 197, 233, 282
31, 64, 99, 209, 258, 300
32, 58, 92, 211, 254, 296
33, 76, 93, 206, 229, 270
34, 56, 90, 172, 217, 283
35, 55, 86, 179, 222, 289
36, 63, 106, 207, 267, 311
37, 77, 111, 189, 230, 290
38, 67, 116, 177, 237, 293
39, 75, 119, 167, 225, 285
40, 62, 117, 199, 247, 291
41, 68, 107, 201, 240, 281
42, 66, 113, 184, 268, 320
43, 72, 115, 185, 238, 288
44, 65, 114, 187, 251, 315
45, 87, 139, 166, 232, 307
46, 82, 135, 169, 248, 325
47, 74, 131, 173, 244, 312
48, 78, 134, 181, 245, 314
49, 70, 127, 176, 253, 321
50, 80, 140, 168, 234, 299
51, 81, 136, 180, 256, 323
52, 84, 137, 193, 265, 319
53, 83, 141, 171, 241, 313
