FLL Scheduler GA Summary Report (ID: 2132111948848 | Hash: -2501967916836741870)

Attributes:
--------------------
rank: 0
origin: (C | KPoint(k=1))
mutations: 0
clones: 0
_hash: -2501967916836741870
Length: 318

Fitness:
--------------------------
BreakTime           : 0.31062795876048954
LocationConsistency : 0.0
OpponentVariety     : 0.8754111684107535
-----------------------------------
Total               : 1.186039127171243
Percentage          : 39.53%

Per-Objective Statistics (Team Distribution):
-----------------------------------------------------------------
Objective                 | Min      | Max      | Avg      | Range   
-----------------------------------------------------------------
BreakTime                 | 0.0004   | 0.9193   | 0.5394   | 0.9189  
LocationConsistency       | 0.0417   | 0.9500   | 0.2436   | 0.9083  
OpponentVariety           | 0.7527   | 1.0000   | 0.9953   | 0.2473  

Team fitnesses (sorted by total fitness descending):
----------------------------------------------------
Max     : 2.554359
Min     : 1.042102
Range   : 1.512257
Average : 1.778269

Team |BreakTime |LocationConsistency |OpponentVariety |Sum
------------------------------------------------------------
38   |0.6044    |0.9500              |1.0000          |2.5544
40   |0.6732    |0.6417              |1.0000          |2.3148
37   |0.6273    |0.6417              |1.0000          |2.2689
46   |0.9139    |0.3500              |1.0000          |2.2639
39   |0.5936    |0.6417              |1.0000          |2.2353
51   |0.9193    |0.2667              |1.0000          |2.1860
49   |0.8672    |0.2667              |1.0000          |2.1338
52   |0.8630    |0.2667              |1.0000          |2.1297
4    |0.5474    |0.5250              |1.0000          |2.0724
42   |0.6764    |0.3500              |1.0000          |2.0264
50   |0.9185    |0.0417              |1.0000          |1.9602
45   |0.8925    |0.0667              |1.0000          |1.9592
8    |0.5895    |0.3500              |1.0000          |1.9395
9    |0.5719    |0.3667              |1.0000          |1.9385
36   |0.6673    |0.2667              |1.0000          |1.9339
47   |0.8793    |0.0500              |1.0000          |1.9293
48   |0.8865    |0.0417              |1.0000          |1.9281
32   |0.5515    |0.3667              |1.0000          |1.9181
43   |0.6257    |0.2667              |1.0000          |1.8923
21   |0.5397    |0.3500              |1.0000          |1.8897
5    |0.6216    |0.2667              |1.0000          |1.8883
12   |0.6158    |0.2667              |1.0000          |1.8825
20   |0.5082    |0.3667              |1.0000          |1.8749
6    |0.6005    |0.2667              |1.0000          |1.8672
27   |0.5133    |0.3500              |1.0000          |1.8633
41   |0.5809    |0.2667              |1.0000          |1.8476
13   |0.5758    |0.2667              |1.0000          |1.8424
53   |0.7914    |0.0500              |1.0000          |1.8414
34   |0.5616    |0.2667              |1.0000          |1.8282
14   |0.5543    |0.2667              |1.0000          |1.8210
35   |0.5002    |0.2667              |1.0000          |1.7669
44   |0.6637    |0.0417              |1.0000          |1.7054
2    |0.6329    |0.0667              |1.0000          |1.6995
7    |0.6485    |0.0417              |1.0000          |1.6902
23   |0.6013    |0.0667              |1.0000          |1.6680
15   |0.5920    |0.0667              |1.0000          |1.6586
16   |0.5901    |0.0417              |1.0000          |1.6318
18   |0.5556    |0.0667              |1.0000          |1.6223
1    |0.5774    |0.0417              |1.0000          |1.6190
10   |0.5389    |0.0750              |1.0000          |1.6139
3    |0.5640    |0.0417              |1.0000          |1.6057
11   |0.5619    |0.0417              |1.0000          |1.6036
17   |0.5379    |0.0500              |1.0000          |1.5879
26   |0.4972    |0.0667              |1.0000          |1.5639
31   |0.0475    |0.3500              |1.0000          |1.3975
25   |0.0004    |0.6417              |0.7527          |1.3948
22   |0.0465    |0.2667              |1.0000          |1.3132
24   |0.0454    |0.2667              |1.0000          |1.3121
28   |0.0004    |0.2667              |1.0000          |1.2671
33   |0.0004    |0.2667              |1.0000          |1.2671
29   |0.0488    |0.0667              |1.0000          |1.1154
30   |0.0045    |0.0667              |1.0000          |1.0711
19   |0.0004    |0.0417              |1.0000          |1.0421

Team Events (sorted, for dev use, diff check with others to ensure truly different schedules created):
------------------------------------------------------------
0, 105, 154, 208, 261, 310
1, 104, 152, 175, 244, 301
2, 95, 146, 211, 277, 318
3, 101, 149, 205, 250, 293
4, 94, 156, 189, 242, 302
5, 98, 153, 187, 226, 287
6, 109, 163, 178, 224, 286
7, 99, 142, 183, 235, 295
8, 97, 145, 191, 243, 297
9, 118, 155, 212, 276, 324
10, 113, 164, 202, 253, 303
11, 119, 158, 182, 260, 322
12, 132, 162, 194, 269, 305
13, 123, 161, 195, 236, 279
14, 120, 160, 174, 223, 283
15, 121, 165, 190, 255, 316
16, 122, 150, 199, 263, 309
17, 125, 157, 192, 247, 308
18, 73, 138, 203, 221, 272
19, 59, 147, 204, 259, 294
20, 56, 151, 200, 249, 304
21, 70, 144, 215, 264, 307
22, 55, 159, 170, 214, 273
24, 78, 143, 196, 231, 275
25, 84, 126, 213, 228, 270
26, 60, 148, 217, 274, 317
27, 61, 90, 197, 233, 281
28, 89, 108, 220, 266, 285
29, 64, 96, 209, 258, 300
30, 77, 93, 206, 227, 271
31, 68, 91, 219, 257, 299
32, 54, 86, 179, 222, 289
33, 100, 111, 216, 262, 284
34, 57, 88, 172, 218, 280
35, 58, 92, 210, 254, 296
36, 67, 117, 177, 237, 292
37, 76, 110, 188, 230, 290
38, 63, 107, 207, 267, 311
39, 62, 116, 198, 252, 291
40, 65, 115, 186, 251, 313
41, 69, 106, 201, 240, 282
42, 66, 112, 184, 268, 320
43, 72, 114, 185, 245, 288
44, 74, 124, 167, 225, 278
45, 71, 127, 176, 246, 321
46, 83, 140, 171, 241, 315
47, 81, 141, 168, 234, 298
48, 87, 139, 166, 232, 306
49, 80, 137, 180, 256, 323
50, 82, 135, 169, 248, 325
51, 75, 133, 173, 239, 314
52, 79, 134, 181, 238, 312
53, 85, 136, 193, 265, 319
