FLL Scheduler GA Summary Report (ID: 2132118886368 | Hash: -1117564992150453192)

Attributes:
--------------------
rank: 0
origin: (C | RoundTypeCrossover)
mutations: 0
clones: 0
_hash: -1117564992150453192
Length: 318

Fitness:
--------------------------
BreakTime           : 0.31062795876048954
LocationConsistency : 0.0
OpponentVariety     : 0.8754111684107535
-----------------------------------
Total               : 1.186039127171243
Percentage          : 39.53%

Per-Objective Statistics (Team Distribution):
-----------------------------------------------------------------
Objective                 | Min      | Max      | Avg      | Range   
-----------------------------------------------------------------
BreakTime                 | 0.0004   | 0.9193   | 0.5394   | 0.9189  
LocationConsistency       | 0.0417   | 0.6417   | 0.2396   | 0.6000  
OpponentVariety           | 0.7527   | 1.0000   | 0.9953   | 0.2473  

Team fitnesses (sorted by total fitness descending):
----------------------------------------------------
Max     : 2.263852
Min     : 1.019778
Range   : 1.244073
Average : 1.774339

Team |BreakTime |LocationConsistency |OpponentVariety |Sum
------------------------------------------------------------
53   |0.9139    |0.3500              |1.0000          |2.2639
36   |0.6044    |0.6417              |1.0000          |2.2460
50   |0.8793    |0.3500              |1.0000          |2.2293
47   |0.9193    |0.2667              |1.0000          |2.1860
30   |0.5133    |0.6417              |1.0000          |2.1550
51   |0.8672    |0.2667              |1.0000          |2.1338
38   |0.6673    |0.3500              |1.0000          |2.0173
5    |0.6216    |0.3667              |1.0000          |1.9883
10   |0.6158    |0.3500              |1.0000          |1.9658
46   |0.9185    |0.0417              |1.0000          |1.9602
11   |0.5920    |0.3500              |1.0000          |1.9420
12   |0.5901    |0.3500              |1.0000          |1.9401
4    |0.5895    |0.3500              |1.0000          |1.9395
49   |0.8925    |0.0417              |1.0000          |1.9342
39   |0.6637    |0.2667              |1.0000          |1.9304
48   |0.8630    |0.0667              |1.0000          |1.9297
45   |0.8865    |0.0417              |1.0000          |1.9281
2    |0.5640    |0.3500              |1.0000          |1.9140
14   |0.5619    |0.3500              |1.0000          |1.9119
18   |0.5543    |0.3500              |1.0000          |1.9043
3    |0.6329    |0.2667              |1.0000          |1.8995
43   |0.6257    |0.2667              |1.0000          |1.8923
13   |0.5379    |0.3500              |1.0000          |1.8879
24   |0.6013    |0.2667              |1.0000          |1.8680
8    |0.5774    |0.2667              |1.0000          |1.8440
16   |0.5758    |0.2667              |1.0000          |1.8424
7    |0.5719    |0.2667              |1.0000          |1.8385
52   |0.7914    |0.0417              |1.0000          |1.8331
34   |0.5616    |0.2667              |1.0000          |1.8282
15   |0.5556    |0.2667              |1.0000          |1.8223
35   |0.5515    |0.2667              |1.0000          |1.8181
6    |0.5474    |0.2667              |1.0000          |1.8141
27   |0.5002    |0.2667              |1.0000          |1.7669
42   |0.6764    |0.0667              |1.0000          |1.7431
40   |0.6732    |0.0667              |1.0000          |1.7398
1    |0.6485    |0.0417              |1.0000          |1.6902
37   |0.6273    |0.0417              |1.0000          |1.6689
9    |0.6005    |0.0667              |1.0000          |1.6672
19   |0.0004    |0.6417              |1.0000          |1.6421
28   |0.0004    |0.6417              |1.0000          |1.6421
44   |0.5936    |0.0417              |1.0000          |1.6353
41   |0.5809    |0.0500              |1.0000          |1.6309
17   |0.5389    |0.0500              |1.0000          |1.5889
20   |0.5397    |0.0417              |1.0000          |1.5814
22   |0.5082    |0.0417              |1.0000          |1.5499
25   |0.4972    |0.0417              |1.0000          |1.5389
26   |0.0465    |0.3500              |1.0000          |1.3965
23   |0.0454    |0.3500              |1.0000          |1.3954
29   |0.0488    |0.2667              |1.0000          |1.3154
32   |0.0475    |0.0500              |1.0000          |1.0975
33   |0.0045    |0.0750              |1.0000          |1.0795
31   |0.0004    |0.0417              |1.0000          |1.0421
21   |0.0004    |0.2667              |0.7527          |1.0198

Team Events (sorted, for dev use, diff check with others to ensure truly different schedules created):
------------------------------------------------------------
0, 105, 163, 178, 224, 286
1, 100, 147, 211, 277, 325
2, 102, 153, 174, 239, 301
3, 97, 143, 183, 235, 295
4, 101, 157, 189, 243, 308
5, 94, 149, 205, 249, 292
6, 98, 145, 196, 242, 296
7, 103, 154, 209, 255, 310
8, 96, 152, 187, 228, 287
9, 124, 158, 182, 254, 321
10, 122, 160, 175, 223, 280
11, 123, 165, 197, 261, 316
12, 121, 151, 198, 263, 303
13, 115, 164, 203, 251, 309
14, 118, 156, 195, 247, 302
15, 127, 162, 192, 269, 306
16, 125, 155, 212, 276, 319
17, 120, 161, 193, 236, 284
18, 75, 138, 202, 214, 275
19, 57, 150, 200, 253, 307
20, 84, 130, 213, 226, 270
21, 59, 146, 204, 256, 294
22, 79, 142, 191, 231, 273
24, 60, 159, 169, 220, 274
25, 55, 148, 217, 272, 317
26, 70, 144, 221, 264, 304
27, 58, 93, 210, 260, 297
28, 95, 110, 216, 262, 279
29, 64, 99, 208, 257, 300
30, 54, 89, 190, 233, 282
31, 91, 104, 215, 266, 278
32, 69, 88, 219, 259, 298
33, 76, 92, 207, 229, 271
34, 56, 90, 166, 218, 283
35, 61, 86, 179, 222, 289
36, 63, 107, 206, 267, 311
37, 77, 111, 188, 230, 290
38, 67, 117, 177, 237, 293
39, 73, 119, 172, 225, 285
40, 65, 113, 186, 248, 315
41, 68, 106, 201, 240, 281
42, 66, 114, 184, 268, 323
43, 74, 112, 185, 238, 288
44, 62, 116, 199, 250, 291
45, 87, 139, 173, 232, 305
46, 80, 135, 170, 252, 318
47, 72, 126, 167, 244, 312
48, 78, 134, 180, 245, 314
49, 71, 131, 176, 246, 322
50, 83, 141, 171, 234, 299
51, 82, 137, 181, 258, 320
52, 85, 136, 194, 265, 324
53, 81, 140, 168, 241, 313
