FLL Scheduler GA Summary Report (ID: 2132037133904 | Hash: -6919525202099911717)

Attributes:
--------------------
rank: 0
origin: (C | KPoint(k=3))
mutations: 0
clones: 0
_hash: -6919525202099911717
Length: 318

Fitness:
--------------------------
BreakTime           : 0.31062795876048954
LocationConsistency : 0.0
OpponentVariety     : 0.8754111684107535
-----------------------------------
Total               : 1.186039127171243
Percentage          : 39.53%

Per-Objective Statistics (Team Distribution):
-----------------------------------------------------------------
Objective                 | Min      | Max      | Avg      | Range   
-----------------------------------------------------------------
BreakTime                 | 0.0004   | 0.9193   | 0.5394   | 0.9189  
LocationConsistency       | 0.0417   | 0.6417   | 0.2014   | 0.6000  
OpponentVariety           | 0.7527   | 1.0000   | 0.9953   | 0.2473  

Team fitnesses (sorted by total fitness descending):
----------------------------------------------------
Max     : 2.560213
Min     : 0.794778
Range   : 1.765434
Average : 1.736131

Team |BreakTime |LocationConsistency |OpponentVariety |Sum
------------------------------------------------------------
46   |0.9185    |0.6417              |1.0000          |2.5602
15   |0.6158    |0.6417              |1.0000          |2.2575
4    |0.5895    |0.6417              |1.0000          |2.2312
47   |0.9193    |0.2667              |1.0000          |2.1860
49   |0.8925    |0.2667              |1.0000          |2.1592
45   |0.8865    |0.2667              |1.0000          |2.1531
50   |0.8793    |0.2667              |1.0000          |2.1460
52   |0.7914    |0.2667              |1.0000          |2.0581
40   |0.6732    |0.3500              |1.0000          |2.0232
37   |0.6273    |0.3667              |1.0000          |1.9939
53   |0.9139    |0.0417              |1.0000          |1.9555
44   |0.5936    |0.3500              |1.0000          |1.9436
38   |0.6673    |0.2667              |1.0000          |1.9339
7    |0.5719    |0.3500              |1.0000          |1.9219
51   |0.8672    |0.0500              |1.0000          |1.9172
1    |0.6485    |0.2667              |1.0000          |1.9152
2    |0.5640    |0.3500              |1.0000          |1.9140
48   |0.8630    |0.0500              |1.0000          |1.9130
43   |0.6257    |0.2667              |1.0000          |1.8923
23   |0.5397    |0.3500              |1.0000          |1.8897
36   |0.6044    |0.2667              |1.0000          |1.8710
27   |0.5133    |0.3500              |1.0000          |1.8633
12   |0.5901    |0.2667              |1.0000          |1.8568
16   |0.5758    |0.2667              |1.0000          |1.8424
8    |0.5474    |0.2667              |1.0000          |1.8141
42   |0.6764    |0.0500              |1.0000          |1.7264
39   |0.6637    |0.0417              |1.0000          |1.7054
5    |0.6329    |0.0500              |1.0000          |1.6829
3    |0.6216    |0.0417              |1.0000          |1.6633
24   |0.6013    |0.0417              |1.0000          |1.6430
9    |0.6005    |0.0417              |1.0000          |1.6422
11   |0.5920    |0.0500              |1.0000          |1.6420
41   |0.5809    |0.0500              |1.0000          |1.6309
10   |0.5556    |0.0750              |1.0000          |1.6306
6    |0.5774    |0.0417              |1.0000          |1.6190
14   |0.5619    |0.0500              |1.0000          |1.6119
34   |0.5616    |0.0417              |1.0000          |1.6032
18   |0.5543    |0.0417              |1.0000          |1.5960
35   |0.5515    |0.0417              |1.0000          |1.5931
17   |0.5389    |0.0500              |1.0000          |1.5889
13   |0.5379    |0.0417              |1.0000          |1.5796
25   |0.4972    |0.0750              |1.0000          |1.5722
20   |0.5082    |0.0417              |1.0000          |1.5499
31   |0.5002    |0.0417              |1.0000          |1.5419
33   |0.0045    |0.3500              |1.0000          |1.3545
30   |0.0475    |0.2667              |1.0000          |1.3141
26   |0.0465    |0.2667              |1.0000          |1.3132
19   |0.0454    |0.2667              |1.0000          |1.3121
21   |0.0004    |0.2667              |1.0000          |1.2671
29   |0.0004    |0.2667              |1.0000          |1.2671
32   |0.0004    |0.2667              |1.0000          |1.2671
28   |0.0488    |0.0417              |1.0000          |1.0904
22   |0.0004    |0.0417              |0.7527          |0.7948

Team Events (sorted, for dev use, diff check with others to ensure truly different schedules created):
------------------------------------------------------------
0, 102, 161, 178, 224, 286
1, 101, 147, 208, 277, 325
2, 100, 150, 189, 243, 303
3, 96, 143, 183, 232, 300
4, 109, 155, 174, 239, 294
5, 108, 153, 211, 261, 310
6, 98, 145, 196, 242, 298
7, 94, 149, 205, 251, 292
8, 97, 154, 187, 228, 287
9, 119, 151, 195, 253, 309
10, 121, 163, 175, 223, 280
11, 120, 165, 197, 255, 316
12, 122, 157, 198, 263, 308
13, 112, 164, 203, 246, 302
14, 124, 158, 182, 260, 322
15, 127, 160, 192, 269, 305
16, 125, 152, 207, 276, 319
17, 123, 162, 193, 231, 284
18, 79, 142, 191, 236, 272
19, 59, 146, 204, 256, 301
20, 72, 138, 202, 214, 275
21, 84, 129, 206, 226, 271
22, 57, 156, 200, 249, 304
24, 54, 159, 169, 220, 274
25, 60, 148, 217, 273, 317
26, 70, 144, 221, 264, 307
27, 61, 90, 190, 234, 282
28, 64, 99, 210, 257, 295
29, 88, 103, 215, 266, 278
30, 69, 91, 219, 258, 297
31, 58, 87, 209, 254, 299
32, 95, 116, 216, 262, 279
33, 76, 86, 213, 229, 270
34, 56, 89, 166, 218, 283
35, 55, 93, 179, 222, 289
36, 63, 106, 212, 267, 311
37, 77, 117, 188, 237, 290
38, 67, 110, 177, 230, 293
39, 74, 118, 172, 225, 285
40, 65, 115, 186, 250, 313
41, 68, 107, 201, 240, 281
42, 66, 113, 184, 268, 320
43, 73, 114, 185, 238, 288
44, 62, 111, 199, 247, 291
45, 92, 139, 173, 235, 306
46, 82, 134, 170, 248, 318
47, 75, 126, 167, 244, 315
48, 78, 135, 181, 245, 312
49, 71, 128, 176, 252, 321
50, 80, 140, 171, 233, 296
51, 81, 136, 180, 259, 323
52, 85, 137, 194, 265, 324
53, 83, 141, 168, 241, 314
