FLL Scheduler GA Summary Report (ID: 2132111942800 | Hash: -2702850856437061421)

Attributes:
--------------------
rank: 0
origin: (C | TimeSlotCrossover)
mutations: 1
clones: 0
_hash: -2702850856437061421
Length: 318

Fitness:
--------------------------
BreakTime           : 0.31062795876048954
LocationConsistency : 0.0
OpponentVariety     : 0.8754111684107535
-----------------------------------
Total               : 1.186039127171243
Percentage          : 39.53%

Per-Objective Statistics (Team Distribution):
-----------------------------------------------------------------
Objective                 | Min      | Max      | Avg      | Range   
-----------------------------------------------------------------
BreakTime                 | 0.0004   | 0.9193   | 0.5394   | 0.9189  
LocationConsistency       | 0.0417   | 0.9500   | 0.2187   | 0.9083  
OpponentVariety           | 0.7527   | 1.0000   | 0.9953   | 0.2473  

Team fitnesses (sorted by total fitness descending):
----------------------------------------------------
Max     : 2.554359
Min     : 1.042085
Range   : 1.512274
Average : 1.753427

Team |BreakTime |LocationConsistency |OpponentVariety |Sum
------------------------------------------------------------
38   |0.6044    |0.9500              |1.0000          |2.5544
34   |0.5133    |0.9500              |1.0000          |2.4633
52   |0.8793    |0.3500              |1.0000          |2.2293
27   |0.5616    |0.6417              |1.0000          |2.2032
42   |0.6732    |0.5250              |1.0000          |2.1982
47   |0.9193    |0.2667              |1.0000          |2.1860
53   |0.9139    |0.2667              |1.0000          |2.1805
49   |0.8925    |0.2667              |1.0000          |2.1592
50   |0.7914    |0.2667              |1.0000          |2.0581
43   |0.6673    |0.3500              |1.0000          |2.0173
41   |0.6257    |0.3667              |1.0000          |1.9923
5    |0.6216    |0.3667              |1.0000          |1.9883
46   |0.9185    |0.0417              |1.0000          |1.9602
48   |0.8630    |0.0750              |1.0000          |1.9380
45   |0.8865    |0.0417              |1.0000          |1.9281
51   |0.8672    |0.0417              |1.0000          |1.9088
23   |0.6013    |0.2667              |1.0000          |1.8680
6    |0.5895    |0.2667              |1.0000          |1.8562
17   |0.5758    |0.2667              |1.0000          |1.8424
3    |0.5719    |0.2667              |1.0000          |1.8385
12   |0.5619    |0.2667              |1.0000          |1.8286
14   |0.5543    |0.2667              |1.0000          |1.8210
33   |0.5515    |0.2667              |1.0000          |1.8181
8    |0.5474    |0.2667              |1.0000          |1.8141
15   |0.5389    |0.2667              |1.0000          |1.8056
16   |0.5379    |0.2667              |1.0000          |1.8046
39   |0.6764    |0.0667              |1.0000          |1.7431
37   |0.6637    |0.0500              |1.0000          |1.7137
1    |0.6485    |0.0417              |1.0000          |1.6902
2    |0.6329    |0.0500              |1.0000          |1.6829
36   |0.6273    |0.0417              |1.0000          |1.6689
7    |0.6005    |0.0667              |1.0000          |1.6672
11   |0.6158    |0.0417              |1.0000          |1.6575
30   |0.0004    |0.6417              |1.0000          |1.6421
18   |0.5901    |0.0500              |1.0000          |1.6401
44   |0.5936    |0.0417              |1.0000          |1.6353
13   |0.5920    |0.0417              |1.0000          |1.6336
40   |0.5809    |0.0417              |1.0000          |1.6226
4    |0.5774    |0.0417              |1.0000          |1.6190
9    |0.5640    |0.0500              |1.0000          |1.6140
10   |0.5556    |0.0417              |1.0000          |1.5973
25   |0.5397    |0.0500              |1.0000          |1.5897
26   |0.4972    |0.0667              |1.0000          |1.5639
19   |0.5082    |0.0417              |1.0000          |1.5499
31   |0.5002    |0.0417              |1.0000          |1.5419
24   |0.0004    |0.6417              |0.7527          |1.3948
20   |0.0465    |0.2667              |1.0000          |1.3132
22   |0.0454    |0.2667              |1.0000          |1.3121
21   |0.0004    |0.2667              |1.0000          |1.2671
29   |0.0488    |0.0500              |1.0000          |1.0988
28   |0.0475    |0.0500              |1.0000          |1.0975
32   |0.0045    |0.0667              |1.0000          |1.0711
35   |0.0004    |0.0417              |1.0000          |1.0421

Team Events (sorted, for dev use, diff check with others to ensure truly different schedules created):
------------------------------------------------------------
0, 105, 163, 178, 224, 286
1, 102, 153, 175, 239, 301
2, 98, 145, 190, 243, 297
3, 103, 154, 208, 261, 310
4, 101, 157, 189, 242, 303
5, 97, 143, 182, 235, 295
6, 96, 152, 186, 228, 287
7, 94, 149, 205, 250, 292
8, 100, 147, 210, 277, 325
9, 118, 156, 193, 247, 309
10, 125, 158, 183, 260, 321
11, 115, 164, 203, 248, 302
12, 121, 160, 174, 223, 282
13, 123, 161, 195, 236, 285
14, 124, 155, 213, 276, 319
15, 122, 151, 198, 263, 308
16, 126, 162, 194, 269, 305
17, 120, 165, 191, 255, 316
18, 59, 146, 204, 256, 294
19, 71, 144, 220, 264, 307
20, 73, 138, 202, 214, 275
21, 79, 142, 196, 231, 273
23, 54, 159, 167, 221, 274
24, 84, 130, 212, 226, 270
25, 57, 150, 200, 253, 304
26, 60, 148, 217, 272, 317
27, 56, 90, 169, 218, 280
28, 69, 88, 219, 258, 299
29, 64, 99, 209, 257, 300
30, 95, 110, 216, 262, 279
31, 58, 93, 211, 254, 296
32, 76, 92, 206, 229, 271
33, 55, 86, 179, 222, 289
34, 61, 89, 197, 233, 281
35, 91, 104, 215, 266, 278
36, 77, 111, 188, 230, 290
37, 75, 119, 172, 225, 284
38, 63, 107, 207, 267, 311
39, 66, 114, 184, 268, 323
40, 68, 106, 201, 240, 283
41, 72, 112, 185, 238, 288
42, 65, 113, 187, 251, 313
43, 67, 117, 177, 237, 293
44, 62, 116, 199, 249, 291
45, 87, 139, 173, 232, 306
46, 80, 135, 170, 252, 318
47, 74, 131, 168, 244, 314
48, 78, 134, 181, 245, 312
49, 70, 127, 176, 246, 322
50, 85, 136, 192, 265, 324
51, 82, 137, 180, 259, 320
52, 83, 141, 171, 234, 298
53, 81, 140, 166, 241, 315
