FLL Scheduler GA Summary Report (ID: 2132037129984 | Hash: -8811008226126746987)

Attributes:
--------------------
rank: 0
origin: (C | KPoint(k=3))
mutations: 0
clones: 0
_hash: -8811008226126746987
Length: 318

Fitness:
--------------------------
BreakTime           : 0.31062795876048954
LocationConsistency : 0.0
OpponentVariety     : 0.8754111684107535
-----------------------------------
Total               : 1.186039127171243
Percentage          : 39.53%

Per-Objective Statistics (Team Distribution):
-----------------------------------------------------------------
Objective                 | Min      | Max      | Avg      | Range   
-----------------------------------------------------------------
BreakTime                 | 0.0004   | 0.9193   | 0.5394   | 0.9189  
LocationConsistency       | 0.0417   | 0.9500   | 0.2385   | 0.9083  
OpponentVariety           | 0.7527   | 1.0000   | 0.9953   | 0.2473  

Team fitnesses (sorted by total fitness descending):
----------------------------------------------------
Max     : 2.623154
Min     : 1.042072
Range   : 1.581083
Average : 1.773238

Team |BreakTime |LocationConsistency |OpponentVariety |Sum
------------------------------------------------------------
40   |0.6732    |0.9500              |1.0000          |2.6232
42   |0.6764    |0.6417              |1.0000          |2.3181
37   |0.6273    |0.6417              |1.0000          |2.2689
10   |0.6158    |0.6417              |1.0000          |2.2575
50   |0.8793    |0.3500              |1.0000          |2.2293
34   |0.5616    |0.6417              |1.0000          |2.2032
53   |0.9139    |0.2667              |1.0000          |2.1805
11   |0.5379    |0.6417              |1.0000          |2.1796
49   |0.8925    |0.2667              |1.0000          |2.1592
51   |0.8672    |0.2667              |1.0000          |2.1338
52   |0.7914    |0.2667              |1.0000          |2.0581
3    |0.6329    |0.3500              |1.0000          |1.9829
47   |0.9193    |0.0500              |1.0000          |1.9693
46   |0.9185    |0.0417              |1.0000          |1.9602
36   |0.6044    |0.3500              |1.0000          |1.9544
25   |0.6013    |0.3500              |1.0000          |1.9513
38   |0.6673    |0.2667              |1.0000          |1.9339
39   |0.6637    |0.2667              |1.0000          |1.9304
45   |0.8865    |0.0417              |1.0000          |1.9281
6    |0.6485    |0.2667              |1.0000          |1.9152
48   |0.8630    |0.0500              |1.0000          |1.9130
5    |0.6216    |0.2667              |1.0000          |1.8883
44   |0.5936    |0.2667              |1.0000          |1.8603
13   |0.5920    |0.2667              |1.0000          |1.8586
12   |0.5901    |0.2667              |1.0000          |1.8568
41   |0.5809    |0.2667              |1.0000          |1.8476
14   |0.5758    |0.2667              |1.0000          |1.8424
16   |0.5556    |0.2667              |1.0000          |1.8223
20   |0.5082    |0.2667              |1.0000          |1.7749
43   |0.6257    |0.0500              |1.0000          |1.6757
7    |0.6005    |0.0667              |1.0000          |1.6672
9    |0.5719    |0.0750              |1.0000          |1.6469
4    |0.5895    |0.0500              |1.0000          |1.6395
15   |0.5389    |0.1000              |1.0000          |1.6389
1    |0.5474    |0.0750              |1.0000          |1.6224
8    |0.5774    |0.0417              |1.0000          |1.6190
2    |0.5640    |0.0417              |1.0000          |1.6057
18   |0.5543    |0.0500              |1.0000          |1.6043
17   |0.5619    |0.0417              |1.0000          |1.6036
35   |0.5515    |0.0417              |1.0000          |1.5931
19   |0.5397    |0.0500              |1.0000          |1.5897
30   |0.5133    |0.0500              |1.0000          |1.5633
32   |0.5002    |0.0417              |1.0000          |1.5419
26   |0.4972    |0.0417              |1.0000          |1.5389
28   |0.0488    |0.3667              |1.0000          |1.4154
22   |0.0004    |0.6417              |0.7527          |1.3948
24   |0.0004    |0.3667              |1.0000          |1.3671
21   |0.0465    |0.2667              |1.0000          |1.3132
33   |0.0045    |0.2667              |1.0000          |1.2711
29   |0.0475    |0.0417              |1.0000          |1.0891
23   |0.0454    |0.0417              |1.0000          |1.0871
31   |0.0004    |0.0500              |1.0000          |1.0504
27   |0.0004    |0.0417              |1.0000          |1.0421

Team Events (sorted, for dev use, diff check with others to ensure truly different schedules created):
------------------------------------------------------------
0, 94, 142, 205, 250, 293
1, 100, 145, 211, 277, 318
2, 109, 153, 175, 239, 301
3, 97, 148, 183, 234, 295
4, 101, 156, 189, 241, 303
5, 102, 161, 178, 224, 286
6, 96, 152, 187, 228, 287
7, 108, 154, 209, 261, 310
8, 98, 146, 196, 240, 296
9, 122, 158, 182, 260, 322
10, 124, 150, 198, 263, 308
11, 120, 165, 197, 255, 316
12, 121, 163, 174, 223, 283
13, 132, 160, 192, 269, 305
14, 123, 155, 212, 276, 324
15, 118, 157, 195, 247, 309
16, 113, 164, 203, 248, 302
17, 125, 162, 193, 231, 279
18, 57, 151, 200, 253, 304
19, 58, 144, 204, 258, 294
20, 71, 147, 214, 264, 307
21, 85, 130, 213, 226, 270
22, 78, 149, 191, 236, 273
23, 74, 138, 202, 220, 275
24, 54, 159, 170, 215, 274
25, 60, 143, 218, 272, 317
27, 95, 117, 219, 262, 284
28, 67, 99, 208, 259, 300
29, 62, 91, 216, 257, 298
30, 61, 90, 190, 233, 281
31, 88, 103, 221, 266, 285
32, 59, 87, 210, 254, 297
33, 76, 86, 206, 229, 271
34, 56, 89, 173, 217, 280
35, 55, 93, 179, 222, 289
36, 68, 107, 207, 267, 311
37, 77, 116, 188, 237, 290
38, 64, 110, 177, 230, 292
39, 72, 119, 167, 225, 278
40, 66, 115, 186, 251, 315
41, 63, 106, 201, 243, 282
42, 65, 112, 185, 268, 320
43, 75, 114, 184, 238, 288
44, 69, 111, 199, 249, 291
45, 92, 139, 166, 232, 306
46, 82, 135, 169, 252, 325
47, 73, 133, 172, 244, 312
48, 79, 134, 181, 245, 314
49, 70, 131, 176, 246, 321
50, 80, 140, 168, 235, 299
51, 81, 136, 180, 256, 323
52, 84, 137, 194, 265, 319
53, 83, 141, 171, 242, 313
