FLL Scheduler GA Summary Report (ID: 2132118896224 | Hash: -4241220017291168390)

Attributes:
--------------------
rank: 0
origin: (C | KPoint(k=3))
mutations: 0
clones: 0
_hash: -4241220017291168390
Length: 318

Fitness:
--------------------------
BreakTime           : 0.31062795876048954
LocationConsistency : 0.0
OpponentVariety     : 0.8754111684107535
-----------------------------------
Total               : 1.186039127171243
Percentage          : 39.53%

Per-Objective Statistics (Team Distribution):
-----------------------------------------------------------------
Objective                 | Min      | Max      | Avg      | Range   
-----------------------------------------------------------------
BreakTime                 | 0.0004   | 0.9193   | 0.5394   | 0.9189  
LocationConsistency       | 0.0417   | 0.6417   | 0.1921   | 0.6000  
OpponentVariety           | 0.7527   | 1.0000   | 0.9953   | 0.2473  

Team fitnesses (sorted by total fitness descending):
----------------------------------------------------
Max     : 2.314821
Min     : 0.803112
Range   : 1.511709
Average : 1.726854

Team |BreakTime |LocationConsistency |OpponentVariety |Sum
------------------------------------------------------------
37   |0.6732    |0.6417              |1.0000          |2.3148
45   |0.9185    |0.2667              |1.0000          |2.1852
51   |0.9139    |0.2667              |1.0000          |2.1805
52   |0.8925    |0.2667              |1.0000          |2.1592
46   |0.8865    |0.2667              |1.0000          |2.1531
48   |0.8793    |0.2667              |1.0000          |2.1460
49   |0.8630    |0.2667              |1.0000          |2.1297
39   |0.6273    |0.3500              |1.0000          |1.9773
47   |0.9193    |0.0417              |1.0000          |1.9610
38   |0.6044    |0.3500              |1.0000          |1.9544
23   |0.6013    |0.3500              |1.0000          |1.9513
43   |0.6673    |0.2667              |1.0000          |1.9339
53   |0.8672    |0.0667              |1.0000          |1.9338
41   |0.5809    |0.3500              |1.0000          |1.9309
42   |0.6637    |0.2667              |1.0000          |1.9304
3    |0.6329    |0.2667              |1.0000          |1.8995
36   |0.6257    |0.2667              |1.0000          |1.8923
5    |0.6216    |0.2667              |1.0000          |1.8883
16   |0.6158    |0.2667              |1.0000          |1.8825
31   |0.5002    |0.3500              |1.0000          |1.8502
11   |0.5758    |0.2667              |1.0000          |1.8424
50   |0.7914    |0.0500              |1.0000          |1.8414
4    |0.5640    |0.2667              |1.0000          |1.8307
17   |0.5619    |0.2667              |1.0000          |1.8286
34   |0.5616    |0.2667              |1.0000          |1.8282
32   |0.5133    |0.2667              |1.0000          |1.7800
40   |0.6764    |0.0750              |1.0000          |1.7514
9    |0.6485    |0.0417              |1.0000          |1.6902
24   |0.0465    |0.6417              |1.0000          |1.6882
44   |0.5936    |0.0500              |1.0000          |1.6436
1    |0.6005    |0.0417              |1.0000          |1.6422
13   |0.5920    |0.0417              |1.0000          |1.6336
12   |0.5901    |0.0417              |1.0000          |1.6318
2    |0.5895    |0.0417              |1.0000          |1.6312
14   |0.5543    |0.0750              |1.0000          |1.6293
8    |0.5774    |0.0417              |1.0000          |1.6190
35   |0.5515    |0.0667              |1.0000          |1.6181
7    |0.5719    |0.0417              |1.0000          |1.6135
10   |0.5556    |0.0417              |1.0000          |1.5973
6    |0.5474    |0.0417              |1.0000          |1.5891
18   |0.5389    |0.0500              |1.0000          |1.5889
15   |0.5379    |0.0500              |1.0000          |1.5879
19   |0.5397    |0.0417              |1.0000          |1.5814
20   |0.5082    |0.0417              |1.0000          |1.5499
26   |0.4972    |0.0500              |1.0000          |1.5472
27   |0.0004    |0.3500              |1.0000          |1.3504
28   |0.0488    |0.2667              |1.0000          |1.3154
30   |0.0475    |0.2667              |1.0000          |1.3141
33   |0.0045    |0.2667              |1.0000          |1.2711
29   |0.0004    |0.2667              |1.0000          |1.2671
22   |0.0454    |0.0750              |1.0000          |1.1204
25   |0.0004    |0.0417              |1.0000          |1.0421
21   |0.0004    |0.0500              |0.7527          |0.8031

Team Events (sorted, for dev use, diff check with others to ensure truly different schedules created):
------------------------------------------------------------
0, 96, 153, 187, 226, 286
1, 97, 143, 182, 232, 300
2, 102, 152, 175, 244, 294
3, 100, 147, 211, 277, 318
4, 101, 151, 188, 241, 303
5, 95, 149, 198, 249, 292
6, 98, 145, 191, 240, 299
7, 103, 154, 209, 260, 310
8, 105, 163, 178, 224, 287
9, 124, 150, 192, 247, 309
10, 132, 162, 194, 269, 305
11, 123, 165, 190, 255, 316
12, 122, 160, 174, 223, 283
13, 121, 161, 195, 231, 279
14, 120, 157, 204, 263, 308
15, 119, 158, 183, 261, 322
16, 115, 164, 200, 252, 302
17, 118, 155, 213, 276, 324
18, 57, 156, 203, 250, 304
19, 59, 146, 199, 256, 301
20, 85, 129, 212, 228, 270
21, 78, 142, 196, 236, 275
22, 60, 159, 169, 215, 273
23, 70, 144, 214, 264, 307
24, 75, 138, 201, 220, 272
25, 55, 148, 218, 274, 317
27, 90, 104, 221, 266, 285
28, 64, 99, 208, 257, 295
29, 94, 111, 219, 262, 284
30, 69, 88, 216, 259, 297
31, 58, 87, 210, 254, 298
32, 54, 89, 197, 234, 281
33, 76, 86, 206, 227, 271
34, 56, 91, 167, 217, 280
35, 61, 93, 179, 222, 289
36, 74, 113, 185, 245, 288
37, 65, 112, 186, 248, 313
38, 62, 107, 207, 267, 311
39, 77, 110, 189, 237, 291
40, 66, 114, 184, 268, 320
41, 68, 106, 202, 243, 282
42, 73, 125, 172, 225, 278
43, 67, 117, 177, 230, 293
44, 63, 116, 205, 253, 290
45, 82, 135, 170, 251, 325
46, 92, 139, 173, 235, 306
47, 72, 133, 166, 239, 314
48, 80, 141, 171, 233, 296
49, 79, 134, 181, 238, 312
50, 84, 136, 193, 265, 319
51, 83, 140, 168, 242, 315
52, 71, 128, 176, 246, 321
53, 81, 137, 180, 258, 323
