FLL Scheduler GA Summary Report (ID: 2132118884352 | Hash: 4219861771290328046)

Attributes:
--------------------
rank: 0
origin: (C | RoundTypeCrossover)
mutations: 0
clones: 0
_hash: 4219861771290328046
Length: 318

Fitness:
--------------------------
BreakTime           : 0.31062795876048954
LocationConsistency : 0.0
OpponentVariety     : 0.8754111684107535
-----------------------------------
Total               : 1.186039127171243
Percentage          : 39.53%

Per-Objective Statistics (Team Distribution):
-----------------------------------------------------------------
Objective                 | Min      | Max      | Avg      | Range   
-----------------------------------------------------------------
BreakTime                 | 0.0004   | 0.9193   | 0.5394   | 0.9189  
LocationConsistency       | 0.0417   | 0.6417   | 0.2456   | 0.6000  
OpponentVariety           | 0.7527   | 1.0000   | 0.9953   | 0.2473  

Team fitnesses (sorted by total fitness descending):
----------------------------------------------------
Max     : 2.504678
Min     : 1.050419
Range   : 1.454259
Average : 1.780313

Team |BreakTime |LocationConsistency |OpponentVariety |Sum
------------------------------------------------------------
50   |0.8630    |0.6417              |1.0000          |2.5047
41   |0.6732    |0.6417              |1.0000          |2.3148
40   |0.6257    |0.6417              |1.0000          |2.2673
45   |0.9139    |0.3500              |1.0000          |2.2639
16   |0.6158    |0.6417              |1.0000          |2.2575
47   |0.8672    |0.3500              |1.0000          |2.2172
51   |0.9193    |0.2667              |1.0000          |2.1860
48   |0.8793    |0.2667              |1.0000          |2.1460
53   |0.7914    |0.2667              |1.0000          |2.0581
46   |0.9185    |0.0417              |1.0000          |1.9602
42   |0.6764    |0.2667              |1.0000          |1.9431
49   |0.8925    |0.0500              |1.0000          |1.9425
10   |0.5920    |0.3500              |1.0000          |1.9420
17   |0.5901    |0.3500              |1.0000          |1.9401
4    |0.5895    |0.3500              |1.0000          |1.9395
52   |0.8865    |0.0500              |1.0000          |1.9365
15   |0.5556    |0.3667              |1.0000          |1.9223
1    |0.6485    |0.2667              |1.0000          |1.9152
13   |0.5543    |0.3500              |1.0000          |1.9043
9    |0.6329    |0.2667              |1.0000          |1.8995
3    |0.6216    |0.2667              |1.0000          |1.8883
11   |0.5379    |0.3500              |1.0000          |1.8879
36   |0.6044    |0.2667              |1.0000          |1.8710
25   |0.6013    |0.2667              |1.0000          |1.8680
7    |0.6005    |0.2667              |1.0000          |1.8672
38   |0.5809    |0.2667              |1.0000          |1.8476
18   |0.5758    |0.2667              |1.0000          |1.8424
5    |0.5719    |0.2667              |1.0000          |1.8385
12   |0.5619    |0.2667              |1.0000          |1.8286
28   |0.5616    |0.2667              |1.0000          |1.8282
6    |0.5474    |0.2667              |1.0000          |1.8141
30   |0.5133    |0.2667              |1.0000          |1.7800
22   |0.5082    |0.2667              |1.0000          |1.7749
32   |0.5002    |0.2667              |1.0000          |1.7669
43   |0.6673    |0.0417              |1.0000          |1.7089
39   |0.6637    |0.0417              |1.0000          |1.7054
37   |0.6273    |0.0417              |1.0000          |1.6689
44   |0.5936    |0.0667              |1.0000          |1.6603
8    |0.5774    |0.0500              |1.0000          |1.6274
2    |0.5640    |0.0500              |1.0000          |1.6140
35   |0.5515    |0.0417              |1.0000          |1.5931
26   |0.5397    |0.0500              |1.0000          |1.5897
14   |0.5389    |0.0500              |1.0000          |1.5889
24   |0.4972    |0.0417              |1.0000          |1.5389
23   |0.0004    |0.6417              |0.7527          |1.3948
27   |0.0475    |0.2667              |1.0000          |1.3141
21   |0.0454    |0.2667              |1.0000          |1.3121
20   |0.0004    |0.2667              |1.0000          |1.2671
34   |0.0004    |0.2667              |1.0000          |1.2671
29   |0.0488    |0.0667              |1.0000          |1.1154
19   |0.0465    |0.0500              |1.0000          |1.0965
33   |0.0045    |0.0750              |1.0000          |1.0795
31   |0.0004    |0.0500              |1.0000          |1.0504

Team Events (sorted, for dev use, diff check with others to ensure truly different schedules created):
------------------------------------------------------------
0, 102, 161, 178, 224, 286
1, 101, 146, 208, 270, 318
2, 100, 157, 189, 241, 302
3, 97, 143, 183, 232, 295
4, 98, 145, 196, 240, 297
5, 94, 149, 205, 250, 292
6, 96, 155, 187, 228, 287
7, 108, 153, 211, 254, 310
8, 109, 154, 174, 244, 301
9, 122, 163, 175, 223, 283
10, 120, 150, 198, 262, 309
11, 115, 164, 203, 253, 303
12, 121, 162, 193, 231, 279
13, 118, 152, 207, 271, 324
14, 124, 156, 195, 247, 308
15, 119, 158, 182, 255, 322
16, 123, 165, 197, 261, 316
17, 132, 160, 192, 269, 305
18, 76, 144, 214, 266, 306
19, 72, 137, 202, 220, 272
20, 79, 142, 191, 236, 274
21, 56, 147, 204, 256, 294
22, 85, 130, 206, 226, 277
23, 55, 148, 218, 275, 317
24, 61, 159, 170, 215, 273
25, 59, 151, 200, 249, 304
27, 62, 90, 216, 258, 299
28, 58, 89, 172, 217, 280
29, 67, 99, 210, 257, 300
30, 54, 91, 190, 234, 281
31, 88, 103, 221, 265, 285
32, 57, 86, 209, 260, 296
33, 71, 87, 213, 229, 276
34, 95, 110, 219, 263, 284
35, 60, 93, 179, 222, 289
36, 68, 106, 212, 264, 311
37, 70, 111, 188, 237, 290
38, 63, 107, 201, 243, 282
39, 75, 125, 167, 225, 278
40, 73, 112, 185, 245, 288
41, 66, 113, 186, 251, 313
42, 65, 114, 184, 268, 321
43, 64, 116, 177, 230, 293
44, 69, 117, 199, 252, 291
45, 83, 134, 171, 242, 314
46, 82, 140, 169, 248, 325
47, 81, 139, 180, 259, 323
48, 80, 135, 168, 233, 298
49, 77, 131, 176, 246, 320
50, 78, 141, 181, 238, 312
51, 74, 133, 173, 239, 315
52, 92, 136, 166, 235, 307
53, 84, 138, 194, 267, 319
