FLL Scheduler GA Summary Report (ID: 2132037138160 | Hash: 9050997918756328983)

Attributes:
--------------------
rank: 0
origin: (C | RoundTypeCrossover)
mutations: 0
clones: 0
_hash: 9050997918756328983
Length: 318

Fitness:
--------------------------
BreakTime           : 0.31062795876048954
LocationConsistency : 0.0
OpponentVariety     : 0.8754111684107535
-----------------------------------
Total               : 1.186039127171243
Percentage          : 39.53%

Per-Objective Statistics (Team Distribution):
-----------------------------------------------------------------
Objective                 | Min      | Max      | Avg      | Range   
-----------------------------------------------------------------
BreakTime                 | 0.0004   | 0.9193   | 0.5394   | 0.9189  
LocationConsistency       | 0.0417   | 0.6417   | 0.1869   | 0.6000  
OpponentVariety           | 0.7527   | 1.0000   | 0.9953   | 0.2473  

Team fitnesses (sorted by total fitness descending):
----------------------------------------------------
Max     : 2.263852
Min     : 1.050419
Range   : 1.213433
Average : 1.721666

Team |BreakTime |LocationConsistency |OpponentVariety |Sum
------------------------------------------------------------
53   |0.9139    |0.3500              |1.0000          |2.2639
10   |0.6158    |0.6417              |1.0000          |2.2575
50   |0.8793    |0.3500              |1.0000          |2.2293
27   |0.5133    |0.6417              |1.0000          |2.1550
45   |0.8865    |0.2667              |1.0000          |2.1531
52   |0.7914    |0.3500              |1.0000          |2.1414
32   |0.5616    |0.5250              |1.0000          |2.0866
43   |0.6257    |0.3500              |1.0000          |1.9757
47   |0.9193    |0.0500              |1.0000          |1.9693
46   |0.9185    |0.0417              |1.0000          |1.9602
36   |0.6044    |0.3500              |1.0000          |1.9544
42   |0.6764    |0.2667              |1.0000          |1.9431
40   |0.6732    |0.2667              |1.0000          |1.9398
49   |0.8925    |0.0417              |1.0000          |1.9342
16   |0.5556    |0.3667              |1.0000          |1.9223
51   |0.8672    |0.0500              |1.0000          |1.9172
1    |0.6485    |0.2667              |1.0000          |1.9152
48   |0.8630    |0.0500              |1.0000          |1.9130
6    |0.5474    |0.3500              |1.0000          |1.8974
19   |0.5397    |0.3500              |1.0000          |1.8897
5    |0.6216    |0.2667              |1.0000          |1.8883
12   |0.5901    |0.2667              |1.0000          |1.8568
4    |0.5895    |0.2667              |1.0000          |1.8562
11   |0.5379    |0.2667              |1.0000          |1.8046
34   |0.5002    |0.2667              |1.0000          |1.7669
38   |0.6673    |0.0417              |1.0000          |1.7089
39   |0.6637    |0.0417              |1.0000          |1.7054
37   |0.6273    |0.0667              |1.0000          |1.6939
3    |0.6329    |0.0500              |1.0000          |1.6829
25   |0.6013    |0.0750              |1.0000          |1.6763
7    |0.6005    |0.0417              |1.0000          |1.6422
44   |0.5936    |0.0417              |1.0000          |1.6353
13   |0.5920    |0.0417              |1.0000          |1.6336
41   |0.5809    |0.0500              |1.0000          |1.6309
8    |0.5774    |0.0417              |1.0000          |1.6190
14   |0.5758    |0.0417              |1.0000          |1.6174
9    |0.5719    |0.0417              |1.0000          |1.6135
2    |0.5640    |0.0417              |1.0000          |1.6057
18   |0.5543    |0.0500              |1.0000          |1.6043
17   |0.5619    |0.0417              |1.0000          |1.6036
31   |0.5515    |0.0417              |1.0000          |1.5931
15   |0.5389    |0.0500              |1.0000          |1.5889
26   |0.4972    |0.0667              |1.0000          |1.5639
20   |0.5082    |0.0417              |1.0000          |1.5499
29   |0.0045    |0.3500              |1.0000          |1.3545
28   |0.0488    |0.2667              |1.0000          |1.3154
21   |0.0465    |0.2667              |1.0000          |1.3132
24   |0.0004    |0.2667              |1.0000          |1.2671
23   |0.0454    |0.0750              |1.0000          |1.1204
22   |0.0004    |0.3500              |0.7527          |1.1031
30   |0.0475    |0.0417              |1.0000          |1.0891
33   |0.0004    |0.0750              |1.0000          |1.0754
35   |0.0004    |0.0500              |1.0000          |1.0504

Team Events (sorted, for dev use, diff check with others to ensure truly different schedules created):
------------------------------------------------------------
0, 102, 161, 178, 224, 286
1, 100, 147, 208, 277, 318
2, 109, 155, 175, 239, 294
3, 97, 143, 183, 232, 300
4, 101, 156, 189, 241, 303
5, 94, 149, 205, 250, 293
6, 96, 154, 187, 228, 287
7, 108, 153, 211, 254, 317
8, 98, 145, 191, 240, 299
9, 122, 159, 182, 255, 322
10, 119, 150, 198, 269, 308
11, 120, 164, 190, 260, 311
12, 121, 163, 174, 223, 282
13, 132, 160, 194, 263, 305
14, 123, 152, 207, 276, 324
15, 125, 157, 192, 247, 309
16, 113, 165, 203, 252, 302
17, 118, 162, 195, 231, 279
18, 56, 151, 200, 249, 304
19, 59, 146, 204, 257, 301
20, 76, 144, 214, 264, 307
21, 85, 130, 206, 226, 270
22, 78, 142, 196, 236, 273
23, 73, 138, 202, 220, 275
24, 54, 158, 170, 215, 274
25, 60, 148, 218, 272, 310
27, 61, 90, 197, 234, 280
28, 64, 99, 210, 256, 295
29, 71, 86, 213, 229, 271
30, 69, 91, 216, 258, 297
31, 55, 93, 179, 222, 289
32, 57, 89, 173, 217, 281
33, 95, 111, 219, 268, 284
34, 58, 87, 209, 261, 298
35, 88, 103, 221, 266, 285
36, 63, 107, 212, 267, 316
37, 70, 110, 188, 237, 290
38, 67, 117, 177, 230, 292
39, 75, 124, 167, 225, 278
40, 65, 115, 186, 251, 312
41, 68, 106, 201, 243, 283
42, 66, 112, 185, 262, 320
43, 72, 114, 184, 238, 288
44, 62, 116, 199, 253, 291
45, 92, 139, 166, 235, 306
46, 82, 135, 169, 248, 325
47, 74, 133, 172, 244, 315
48, 79, 134, 181, 245, 313
49, 77, 131, 176, 246, 321
50, 80, 140, 168, 233, 296
51, 81, 136, 180, 259, 323
52, 84, 137, 193, 265, 319
53, 83, 141, 171, 242, 314
