FLL Scheduler GA Summary Report (ID: 2132126138992 | Hash: 3432902564934655648)

Attributes:
--------------------
rank: 0
origin: (C | TimeSlotCrossover)
mutations: 1
clones: 0
_hash: 3432902564934655648
Length: 318

Fitness:
--------------------------
BreakTime           : 0.31062795876048954
LocationConsistency : 0.0
OpponentVariety     : 0.8754111684107535
-----------------------------------
Total               : 1.186039127171243
Percentage          : 39.53%

Per-Objective Statistics (Team Distribution):
-----------------------------------------------------------------
Objective                 | Min      | Max      | Avg      | Range   
-----------------------------------------------------------------
BreakTime                 | 0.0004   | 0.9193   | 0.5394   | 0.9189  
LocationConsistency       | 0.0417   | 0.9500   | 0.2124   | 0.9083  
OpponentVariety           | 0.7527   | 1.0000   | 0.9953   | 0.2473  

Team fitnesses (sorted by total fitness descending):
----------------------------------------------------
Max     : 2.539497
Min     : 1.019778
Range   : 1.519719
Average : 1.747137

Team |BreakTime |LocationConsistency |OpponentVariety |Sum
------------------------------------------------------------
4    |0.5895    |0.9500              |1.0000          |2.5395
14   |0.5758    |0.9500              |1.0000          |2.5258
44   |0.6732    |0.6417              |1.0000          |2.3148
1    |0.6485    |0.6417              |1.0000          |2.2902
47   |0.9193    |0.2667              |1.0000          |2.1860
53   |0.9139    |0.2667              |1.0000          |2.1805
45   |0.8865    |0.2667              |1.0000          |2.1531
50   |0.8793    |0.2667              |1.0000          |2.1460
6    |0.6329    |0.3500              |1.0000          |1.9829
37   |0.6273    |0.3500              |1.0000          |1.9773
46   |0.9185    |0.0417              |1.0000          |1.9602
36   |0.6044    |0.3500              |1.0000          |1.9544
48   |0.8630    |0.0750              |1.0000          |1.9380
49   |0.8925    |0.0417              |1.0000          |1.9342
39   |0.6637    |0.2667              |1.0000          |1.9304
16   |0.5556    |0.3667              |1.0000          |1.9223
51   |0.8672    |0.0500              |1.0000          |1.9172
43   |0.6257    |0.2667              |1.0000          |1.8923
23   |0.5397    |0.3500              |1.0000          |1.8897
30   |0.5133    |0.3500              |1.0000          |1.8633
40   |0.5936    |0.2667              |1.0000          |1.8603
5    |0.5719    |0.2667              |1.0000          |1.8385
52   |0.7914    |0.0417              |1.0000          |1.8331
34   |0.5616    |0.2667              |1.0000          |1.8282
18   |0.5543    |0.2667              |1.0000          |1.8210
7    |0.5474    |0.2667              |1.0000          |1.8141
11   |0.5379    |0.2667              |1.0000          |1.8046
42   |0.6764    |0.0500              |1.0000          |1.7264
38   |0.6673    |0.0417              |1.0000          |1.7089
3    |0.6216    |0.0667              |1.0000          |1.6883
10   |0.6158    |0.0667              |1.0000          |1.6825
24   |0.6013    |0.0750              |1.0000          |1.6763
13   |0.5920    |0.0667              |1.0000          |1.6586
9    |0.6005    |0.0417              |1.0000          |1.6422
12   |0.5901    |0.0500              |1.0000          |1.6401
41   |0.5809    |0.0500              |1.0000          |1.6309
8    |0.5774    |0.0417              |1.0000          |1.6190
15   |0.5619    |0.0500              |1.0000          |1.6119
2    |0.5640    |0.0417              |1.0000          |1.6057
35   |0.5515    |0.0417              |1.0000          |1.5931
17   |0.5389    |0.0500              |1.0000          |1.5889
25   |0.4972    |0.0667              |1.0000          |1.5639
22   |0.5082    |0.0417              |1.0000          |1.5499
32   |0.5002    |0.0417              |1.0000          |1.5419
33   |0.0045    |0.3500              |1.0000          |1.3545
21   |0.0454    |0.2667              |1.0000          |1.3121
26   |0.0004    |0.2667              |1.0000          |1.2671
29   |0.0004    |0.2667              |1.0000          |1.2671
31   |0.0488    |0.0500              |1.0000          |1.0988
27   |0.0475    |0.0500              |1.0000          |1.0975
19   |0.0465    |0.0417              |1.0000          |1.0882
28   |0.0004    |0.0667              |1.0000          |1.0671
20   |0.0004    |0.2667              |0.7527          |1.0198

Team Events (sorted, for dev use, diff check with others to ensure truly different schedules created):
------------------------------------------------------------
0, 102, 160, 178, 224, 286
1, 100, 147, 210, 277, 318
2, 101, 157, 188, 242, 302
3, 96, 143, 183, 232, 295
4, 98, 145, 197, 243, 297
5, 109, 154, 175, 239, 301
6, 95, 149, 205, 251, 292
7, 108, 153, 208, 261, 310
8, 97, 155, 186, 228, 287
9, 119, 159, 182, 260, 322
10, 121, 150, 198, 268, 309
11, 122, 165, 196, 255, 316
12, 123, 163, 174, 223, 280
13, 126, 161, 193, 262, 305
14, 112, 164, 203, 247, 303
15, 124, 156, 195, 253, 308
16, 118, 152, 213, 276, 324
17, 120, 162, 192, 231, 284
18, 71, 144, 214, 266, 307
19, 85, 130, 212, 226, 271
20, 79, 142, 190, 236, 272
21, 59, 146, 204, 256, 294
22, 57, 151, 200, 249, 304
24, 54, 158, 170, 215, 274
25, 60, 148, 218, 273, 317
26, 73, 138, 202, 220, 275
27, 69, 91, 216, 258, 298
28, 94, 110, 219, 269, 279
29, 88, 103, 221, 264, 278
30, 61, 90, 191, 234, 282
31, 64, 99, 209, 257, 300
32, 58, 87, 211, 254, 296
33, 76, 86, 206, 229, 270
34, 56, 89, 172, 217, 283
35, 55, 93, 179, 222, 289
36, 63, 107, 207, 265, 311
37, 77, 111, 189, 237, 290
38, 67, 116, 177, 230, 293
39, 75, 125, 167, 225, 285
40, 62, 117, 199, 246, 291
41, 68, 106, 201, 240, 281
42, 66, 113, 184, 263, 320
43, 72, 115, 185, 238, 288
44, 65, 114, 187, 250, 313
45, 92, 139, 166, 235, 306
46, 82, 135, 169, 248, 325
47, 74, 131, 173, 244, 315
48, 78, 134, 181, 245, 312
49, 70, 127, 176, 252, 321
50, 80, 140, 168, 233, 299
51, 81, 136, 180, 259, 323
52, 84, 137, 194, 267, 319
53, 83, 141, 171, 241, 314
