FLL Scheduler GA Summary Report (ID: 2132118880880 | Hash: 6992908558933489514)

Attributes:
--------------------
rank: 0
origin: (C | KPoint(k=3))
mutations: 0
clones: 0
_hash: 6992908558933489514
Length: 318

Fitness:
--------------------------
BreakTime           : 0.31062795876048954
LocationConsistency : 0.0
OpponentVariety     : 0.8754111684107535
-----------------------------------
Total               : 1.186039127171243
Percentage          : 39.53%

Per-Objective Statistics (Team Distribution):
-----------------------------------------------------------------
Objective                 | Min      | Max      | Avg      | Range   
-----------------------------------------------------------------
BreakTime                 | 0.0004   | 0.9193   | 0.5394   | 0.9189  
LocationConsistency       | 0.0417   | 0.9500   | 0.2079   | 0.9083  
OpponentVariety           | 0.7527   | 1.0000   | 0.9953   | 0.2473  

Team fitnesses (sorted by total fitness descending):
----------------------------------------------------
Max     : 2.554359
Min     : 0.794778
Range   : 1.759581
Average : 1.742578

Team |BreakTime |LocationConsistency |OpponentVariety |Sum
------------------------------------------------------------
43   |0.6044    |0.9500              |1.0000          |2.5544
32   |0.5133    |0.9500              |1.0000          |2.4633
51   |0.9193    |0.3500              |1.0000          |2.2693
46   |0.9139    |0.3500              |1.0000          |2.2639
52   |0.8630    |0.3667              |1.0000          |2.2297
45   |0.8925    |0.2667              |1.0000          |2.1592
48   |0.8865    |0.2667              |1.0000          |2.1531
49   |0.8672    |0.2667              |1.0000          |2.1338
50   |0.9185    |0.0417              |1.0000          |1.9602
12   |0.5920    |0.3667              |1.0000          |1.9586
42   |0.6764    |0.2667              |1.0000          |1.9431
40   |0.6732    |0.2667              |1.0000          |1.9398
5    |0.5719    |0.3667              |1.0000          |1.9385
41   |0.5809    |0.3500              |1.0000          |1.9309
47   |0.8793    |0.0500              |1.0000          |1.9293
16   |0.6158    |0.2667              |1.0000          |1.8825
20   |0.5082    |0.3667              |1.0000          |1.8749
7    |0.5895    |0.2667              |1.0000          |1.8562
15   |0.5758    |0.2667              |1.0000          |1.8424
53   |0.7914    |0.0500              |1.0000          |1.8414
10   |0.5556    |0.2667              |1.0000          |1.8223
27   |0.5515    |0.2667              |1.0000          |1.8181
2    |0.5474    |0.2667              |1.0000          |1.8141
35   |0.5002    |0.2667              |1.0000          |1.7669
39   |0.6673    |0.0417              |1.0000          |1.7089
44   |0.6637    |0.0417              |1.0000          |1.7054
38   |0.6273    |0.0750              |1.0000          |1.7023
6    |0.6216    |0.0750              |1.0000          |1.6966
37   |0.6257    |0.0667              |1.0000          |1.6923
9    |0.6485    |0.0417              |1.0000          |1.6902
4    |0.6329    |0.0417              |1.0000          |1.6745
23   |0.6013    |0.0667              |1.0000          |1.6680
1    |0.6005    |0.0667              |1.0000          |1.6672
30   |0.0045    |0.6417              |1.0000          |1.6461
28   |0.0004    |0.6417              |1.0000          |1.6421
36   |0.5936    |0.0417              |1.0000          |1.6353
13   |0.5901    |0.0417              |1.0000          |1.6318
3    |0.5774    |0.0417              |1.0000          |1.6190
18   |0.5389    |0.0750              |1.0000          |1.6139
8    |0.5640    |0.0417              |1.0000          |1.6057
17   |0.5619    |0.0417              |1.0000          |1.6036
34   |0.5616    |0.0417              |1.0000          |1.6032
14   |0.5543    |0.0417              |1.0000          |1.5960
21   |0.5397    |0.0500              |1.0000          |1.5897
11   |0.5379    |0.0500              |1.0000          |1.5879
26   |0.4972    |0.0667              |1.0000          |1.5639
24   |0.0454    |0.3667              |1.0000          |1.4121
22   |0.0465    |0.2667              |1.0000          |1.3132
29   |0.0488    |0.0667              |1.0000          |1.1154
31   |0.0475    |0.0417              |1.0000          |1.0891
19   |0.0004    |0.0750              |1.0000          |1.0754
33   |0.0004    |0.0667              |1.0000          |1.0671
25   |0.0004    |0.0417              |0.7527          |0.7948

Team Events (sorted, for dev use, diff check with others to ensure truly different schedules created):
------------------------------------------------------------
0, 98, 154, 185, 228, 287
1, 100, 149, 198, 250, 293
2, 103, 153, 208, 261, 310
3, 102, 155, 175, 244, 301
4, 97, 145, 191, 243, 297
5, 94, 150, 183, 242, 303
6, 99, 142, 188, 235, 295
7, 95, 146, 211, 277, 318
8, 109, 161, 178, 224, 286
9, 118, 151, 192, 247, 309
10, 121, 157, 204, 263, 308
11, 123, 163, 174, 223, 283
12, 122, 165, 190, 255, 316
13, 120, 162, 195, 236, 279
14, 126, 160, 194, 269, 304
15, 124, 158, 189, 260, 322
16, 113, 164, 199, 253, 302
17, 125, 152, 212, 276, 324
18, 74, 138, 200, 221, 272
19, 59, 147, 201, 259, 294
20, 56, 156, 203, 249, 305
21, 70, 144, 215, 264, 307
22, 55, 159, 168, 214, 273
24, 79, 143, 196, 231, 275
25, 84, 129, 213, 226, 270
26, 60, 148, 217, 274, 317
27, 54, 93, 179, 222, 289
28, 90, 108, 220, 266, 285
29, 64, 96, 209, 258, 300
30, 77, 86, 206, 229, 271
31, 68, 88, 219, 257, 298
32, 61, 89, 197, 233, 281
33, 101, 117, 216, 262, 284
34, 57, 91, 166, 218, 280
35, 58, 87, 210, 254, 296
36, 62, 111, 205, 252, 291
37, 75, 115, 186, 245, 288
38, 76, 116, 182, 230, 290
39, 67, 110, 177, 237, 292
40, 65, 114, 184, 251, 313
41, 69, 106, 202, 240, 282
42, 66, 112, 187, 268, 320
43, 63, 107, 207, 267, 311
44, 72, 119, 173, 225, 278
45, 71, 128, 176, 246, 321
46, 83, 140, 169, 241, 315
47, 81, 141, 170, 234, 299
48, 92, 139, 172, 232, 306
49, 80, 137, 180, 256, 323
50, 82, 135, 171, 248, 325
51, 73, 127, 167, 239, 314
52, 78, 134, 181, 238, 312
53, 85, 136, 193, 265, 319
