FLL Scheduler GA Summary Report (ID: 2132111945600 | Hash: -137700477555967950)

Attributes:
--------------------
rank: 0
origin: (C | KPoint(k=3))
mutations: 1
clones: 1
_hash: -137700477555967950
Length: 318

Fitness:
--------------------------
BreakTime           : 0.31062795876048954
LocationConsistency : 0.0
OpponentVariety     : 0.8754111684107535
-----------------------------------
Total               : 1.186039127171243
Percentage          : 39.53%

Per-Objective Statistics (Team Distribution):
-----------------------------------------------------------------
Objective                 | Min      | Max      | Avg      | Range   
-----------------------------------------------------------------
BreakTime                 | 0.0004   | 0.9193   | 0.5394   | 0.9189  
LocationConsistency       | 0.0417   | 0.6417   | 0.2228   | 0.6000  
OpponentVariety           | 0.7527   | 1.0000   | 0.9953   | 0.2473  

Team fitnesses (sorted by total fitness descending):
----------------------------------------------------
Max     : 2.534208
Min     : 0.803112
Range   : 1.731096
Average : 1.757515

Team |BreakTime |LocationConsistency |OpponentVariety |Sum
------------------------------------------------------------
49   |0.8925    |0.6417              |1.0000          |2.5342
46   |0.7914    |0.6417              |1.0000          |2.4331
36   |0.6044    |0.6417              |1.0000          |2.2460
39   |0.6732    |0.5250              |1.0000          |2.1982
52   |0.9185    |0.2667              |1.0000          |2.1852
27   |0.5133    |0.6417              |1.0000          |2.1550
47   |0.8672    |0.2667              |1.0000          |2.1338
53   |0.9139    |0.0500              |1.0000          |1.9639
51   |0.9193    |0.0417              |1.0000          |1.9610
42   |0.6764    |0.2667              |1.0000          |1.9431
4    |0.5895    |0.3500              |1.0000          |1.9395
38   |0.6673    |0.2667              |1.0000          |1.9339
41   |0.6637    |0.2667              |1.0000          |1.9304
48   |0.8793    |0.0500              |1.0000          |1.9293
45   |0.8865    |0.0417              |1.0000          |1.9281
16   |0.5556    |0.3667              |1.0000          |1.9223
1    |0.6485    |0.2667              |1.0000          |1.9152
50   |0.8630    |0.0500              |1.0000          |1.9130
3    |0.6329    |0.2667              |1.0000          |1.8995
15   |0.5389    |0.3500              |1.0000          |1.8889
5    |0.6216    |0.2667              |1.0000          |1.8883
10   |0.6158    |0.2667              |1.0000          |1.8825
12   |0.5901    |0.2667              |1.0000          |1.8568
32   |0.5002    |0.3500              |1.0000          |1.8502
14   |0.5758    |0.2667              |1.0000          |1.8424
9    |0.5719    |0.2667              |1.0000          |1.8385
34   |0.5616    |0.2667              |1.0000          |1.8282
6    |0.5474    |0.2667              |1.0000          |1.8141
11   |0.5379    |0.2667              |1.0000          |1.8046
20   |0.5082    |0.2667              |1.0000          |1.7749
40   |0.6257    |0.0750              |1.0000          |1.7007
37   |0.6273    |0.0417              |1.0000          |1.6689
25   |0.6013    |0.0417              |1.0000          |1.6430
7    |0.6005    |0.0417              |1.0000          |1.6422
13   |0.5920    |0.0500              |1.0000          |1.6420
43   |0.5936    |0.0417              |1.0000          |1.6353
44   |0.5809    |0.0500              |1.0000          |1.6309
8    |0.5774    |0.0417              |1.0000          |1.6190
2    |0.5640    |0.0500              |1.0000          |1.6140
17   |0.5619    |0.0417              |1.0000          |1.6036
18   |0.5543    |0.0417              |1.0000          |1.5960
35   |0.5515    |0.0417              |1.0000          |1.5931
19   |0.5397    |0.0500              |1.0000          |1.5897
26   |0.4972    |0.0417              |1.0000          |1.5389
23   |0.0454    |0.3667              |1.0000          |1.4121
30   |0.0475    |0.3500              |1.0000          |1.3975
24   |0.0004    |0.3667              |1.0000          |1.3671
29   |0.0004    |0.3667              |1.0000          |1.3671
21   |0.0465    |0.2667              |1.0000          |1.3132
31   |0.0004    |0.2667              |1.0000          |1.2671
28   |0.0488    |0.0667              |1.0000          |1.1154
33   |0.0045    |0.0500              |1.0000          |1.0545
22   |0.0004    |0.0500              |0.7527          |0.8031

Team Events (sorted, for dev use, diff check with others to ensure truly different schedules created):
------------------------------------------------------------
0, 102, 161, 178, 224, 286
1, 100, 147, 208, 277, 325
2, 109, 155, 174, 239, 301
3, 97, 143, 183, 235, 295
4, 101, 156, 189, 243, 303
5, 94, 149, 205, 250, 292
6, 96, 154, 187, 228, 287
7, 108, 153, 211, 261, 310
8, 98, 145, 196, 242, 296
9, 118, 159, 182, 260, 321
10, 122, 150, 198, 263, 308
11, 120, 164, 197, 255, 316
12, 121, 163, 175, 223, 280
13, 132, 160, 192, 269, 305
14, 119, 152, 207, 276, 319
15, 125, 157, 195, 247, 309
16, 113, 165, 203, 248, 302
17, 123, 162, 193, 237, 284
18, 59, 151, 200, 253, 304
19, 56, 146, 204, 256, 294
20, 71, 144, 221, 264, 307
21, 85, 131, 206, 226, 270
22, 78, 142, 191, 230, 273
23, 74, 138, 202, 214, 275
24, 61, 158, 169, 220, 274
25, 55, 148, 217, 272, 317
27, 54, 90, 190, 232, 282
28, 67, 99, 210, 257, 300
29, 95, 111, 216, 262, 279
30, 62, 91, 219, 258, 298
31, 88, 103, 215, 266, 278
32, 57, 87, 209, 254, 297
33, 76, 86, 213, 229, 271
34, 58, 89, 166, 218, 283
35, 60, 93, 179, 222, 289
36, 68, 107, 212, 267, 311
37, 77, 110, 188, 231, 290
38, 64, 117, 177, 236, 293
39, 66, 114, 186, 251, 315
40, 75, 115, 184, 238, 288
41, 72, 124, 172, 225, 285
42, 65, 112, 185, 268, 323
43, 69, 116, 199, 249, 291
44, 63, 106, 201, 240, 281
45, 92, 139, 173, 233, 306
46, 84, 137, 194, 265, 324
47, 81, 136, 180, 259, 320
48, 80, 140, 171, 234, 299
49, 70, 130, 176, 246, 322
50, 79, 134, 181, 245, 314
51, 73, 133, 167, 244, 312
52, 82, 135, 170, 252, 318
53, 83, 141, 168, 241, 313
