FLL Scheduler GA Summary Report (ID: 2132118887488 | Hash: -4838623550231009660)

Attributes:
--------------------
rank: 0
origin: (C | TimeSlotCrossover)
mutations: 0
clones: 0
_hash: -4838623550231009660
Length: 318

Fitness:
--------------------------
BreakTime           : 0.31062795876048954
LocationConsistency : 0.0
OpponentVariety     : 0.8754111684107535
-----------------------------------
Total               : 1.186039127171243
Percentage          : 39.53%

Per-Objective Statistics (Team Distribution):
-----------------------------------------------------------------
Objective                 | Min      | Max      | Avg      | Range   
-----------------------------------------------------------------
BreakTime                 | 0.0004   | 0.9193   | 0.5394   | 0.9189  
LocationConsistency       | 0.0417   | 0.9500   | 0.2407   | 0.9083  
OpponentVariety           | 0.7527   | 1.0000   | 0.9953   | 0.2473  

Team fitnesses (sorted by total fitness descending):
----------------------------------------------------
Max     : 2.741434
Min     : 1.050419
Range   : 1.691015
Average : 1.775439

Team |BreakTime |LocationConsistency |OpponentVariety |Sum
------------------------------------------------------------
52   |0.7914    |0.9500              |1.0000          |2.7414
5    |0.6216    |0.6417              |1.0000          |2.2633
18   |0.6158    |0.6417              |1.0000          |2.2575
36   |0.6044    |0.6417              |1.0000          |2.2460
11   |0.5619    |0.6417              |1.0000          |2.2036
53   |0.9139    |0.2667              |1.0000          |2.1805
45   |0.8865    |0.2667              |1.0000          |2.1531
50   |0.8793    |0.2667              |1.0000          |2.1460
4    |0.6329    |0.3500              |1.0000          |1.9829
43   |0.6257    |0.3500              |1.0000          |1.9757
47   |0.9193    |0.0500              |1.0000          |1.9693
46   |0.9185    |0.0417              |1.0000          |1.9602
25   |0.6013    |0.3500              |1.0000          |1.9513
16   |0.5901    |0.3500              |1.0000          |1.9401
6    |0.5895    |0.3500              |1.0000          |1.9395
49   |0.8925    |0.0417              |1.0000          |1.9342
38   |0.6673    |0.2667              |1.0000          |1.9339
51   |0.8672    |0.0500              |1.0000          |1.9172
9    |0.6485    |0.2667              |1.0000          |1.9152
48   |0.8630    |0.0500              |1.0000          |1.9130
34   |0.5616    |0.3500              |1.0000          |1.9116
10   |0.5543    |0.3500              |1.0000          |1.9043
1    |0.5474    |0.3500              |1.0000          |1.8974
37   |0.6273    |0.2667              |1.0000          |1.8939
19   |0.5397    |0.3500              |1.0000          |1.8897
13   |0.5389    |0.3500              |1.0000          |1.8889
17   |0.5379    |0.3500              |1.0000          |1.8879
40   |0.5936    |0.2667              |1.0000          |1.8603
35   |0.5515    |0.2667              |1.0000          |1.8181
30   |0.5133    |0.2667              |1.0000          |1.7800
26   |0.4972    |0.2667              |1.0000          |1.7639
44   |0.6732    |0.0750              |1.0000          |1.7482
42   |0.6764    |0.0667              |1.0000          |1.7431
39   |0.6637    |0.0500              |1.0000          |1.7137
21   |0.0465    |0.6417              |1.0000          |1.6882
7    |0.6005    |0.0417              |1.0000          |1.6422
15   |0.5920    |0.0417              |1.0000          |1.6336
41   |0.5809    |0.0500              |1.0000          |1.6309
8    |0.5774    |0.0500              |1.0000          |1.6274
12   |0.5556    |0.0667              |1.0000          |1.6223
3    |0.5719    |0.0500              |1.0000          |1.6219
14   |0.5758    |0.0417              |1.0000          |1.6174
2    |0.5640    |0.0500              |1.0000          |1.6140
20   |0.5082    |0.0667              |1.0000          |1.5749
32   |0.5002    |0.0500              |1.0000          |1.5502
24   |0.0004    |0.2667              |1.0000          |1.2671
28   |0.0004    |0.2667              |1.0000          |1.2671
23   |0.0454    |0.0750              |1.0000          |1.1204
22   |0.0004    |0.3500              |0.7527          |1.1031
27   |0.0475    |0.0500              |1.0000          |1.0975
29   |0.0488    |0.0417              |1.0000          |1.0904
33   |0.0045    |0.0500              |1.0000          |1.0545
31   |0.0004    |0.0500              |1.0000          |1.0504

Team Events (sorted, for dev use, diff check with others to ensure truly different schedules created):
------------------------------------------------------------
0, 94, 149, 205, 250, 293
1, 100, 147, 208, 277, 325
2, 98, 145, 191, 240, 296
3, 109, 155, 175, 239, 301
4, 101, 156, 189, 241, 308
5, 97, 143, 183, 232, 295
6, 96, 154, 187, 228, 287
7, 108, 153, 211, 254, 310
8, 102, 161, 178, 224, 286
9, 123, 162, 195, 231, 279
10, 115, 165, 203, 252, 309
11, 125, 157, 192, 247, 302
12, 119, 152, 207, 276, 319
13, 132, 160, 194, 269, 305
14, 121, 163, 174, 223, 282
15, 120, 164, 190, 260, 316
16, 122, 150, 198, 263, 303
17, 118, 159, 182, 255, 322
18, 57, 151, 200, 249, 304
19, 58, 146, 204, 256, 294
20, 70, 144, 214, 264, 307
21, 85, 130, 206, 226, 270
22, 78, 142, 196, 236, 273
23, 72, 138, 202, 220, 275
24, 55, 158, 170, 215, 274
25, 61, 148, 218, 272, 317
27, 69, 91, 216, 258, 298
28, 95, 110, 219, 262, 284
29, 64, 99, 210, 257, 300
30, 60, 90, 197, 234, 280
31, 88, 103, 221, 266, 285
32, 59, 87, 209, 261, 297
33, 76, 86, 213, 229, 271
34, 56, 89, 173, 217, 281
35, 54, 93, 179, 222, 289
36, 63, 107, 212, 267, 311
37, 77, 111, 188, 237, 290
38, 67, 116, 177, 230, 292
39, 74, 124, 166, 225, 278
40, 62, 117, 199, 253, 291
41, 68, 106, 201, 243, 283
42, 66, 114, 185, 268, 320
43, 73, 112, 184, 238, 288
44, 65, 113, 186, 251, 315
45, 92, 139, 167, 235, 306
46, 82, 135, 169, 248, 318
47, 75, 133, 172, 244, 312
48, 79, 134, 181, 245, 314
49, 71, 131, 176, 246, 321
50, 80, 140, 168, 233, 299
51, 81, 136, 180, 259, 323
52, 84, 137, 193, 265, 324
53, 83, 141, 171, 242, 313
