FLL Scheduler GA Summary Report (ID: 2132118894992 | Hash: -8034474791133910534)

Attributes:
--------------------
rank: 0
origin: (C | TimeSlotCrossover)
mutations: 0
clones: 0
_hash: -8034474791133910534
Length: 318

Fitness:
--------------------------
BreakTime           : 0.31062795876048954
LocationConsistency : 0.0
OpponentVariety     : 0.8754111684107535
-----------------------------------
Total               : 1.186039127171243
Percentage          : 39.53%

Per-Objective Statistics (Team Distribution):
-----------------------------------------------------------------
Objective                 | Min      | Max      | Avg      | Range   
-----------------------------------------------------------------
BreakTime                 | 0.0004   | 0.9193   | 0.5394   | 0.9189  
LocationConsistency       | 0.0417   | 0.9500   | 0.2357   | 0.9083  
OpponentVariety           | 0.7527   | 1.0000   | 0.9953   | 0.2473  

Team fitnesses (sorted by total fitness descending):
----------------------------------------------------
Max     : 2.836467
Min     : 1.019778
Range   : 1.816689
Average : 1.770408

Team |BreakTime |LocationConsistency |OpponentVariety |Sum
------------------------------------------------------------
50   |0.8865    |0.9500              |1.0000          |2.8365
49   |0.8630    |0.3667              |1.0000          |2.2297
1    |0.5719    |0.6417              |1.0000          |2.2135
3    |0.5640    |0.6417              |1.0000          |2.2057
17   |0.5619    |0.6417              |1.0000          |2.2036
51   |0.9139    |0.2667              |1.0000          |2.1805
52   |0.8925    |0.2667              |1.0000          |2.1592
48   |0.8793    |0.2667              |1.0000          |2.1460
31   |0.5002    |0.6417              |1.0000          |2.1419
53   |0.8672    |0.2667              |1.0000          |2.1338
5    |0.6216    |0.3667              |1.0000          |1.9883
37   |0.6273    |0.3500              |1.0000          |1.9773
46   |0.9193    |0.0417              |1.0000          |1.9610
47   |0.9185    |0.0417              |1.0000          |1.9602
38   |0.6044    |0.3500              |1.0000          |1.9544
40   |0.6732    |0.2667              |1.0000          |1.9398
36   |0.6673    |0.2667              |1.0000          |1.9339
41   |0.5809    |0.3500              |1.0000          |1.9309
28   |0.5616    |0.3667              |1.0000          |1.9282
44   |0.6257    |0.2667              |1.0000          |1.8923
11   |0.5379    |0.3500              |1.0000          |1.8879
16   |0.6158    |0.2667              |1.0000          |1.8825
23   |0.6013    |0.2667              |1.0000          |1.8680
7    |0.6005    |0.2667              |1.0000          |1.8672
6    |0.5895    |0.2667              |1.0000          |1.8562
15   |0.5758    |0.2667              |1.0000          |1.8424
45   |0.7914    |0.0417              |1.0000          |1.8331
10   |0.5556    |0.2667              |1.0000          |1.8223
20   |0.5397    |0.2667              |1.0000          |1.8064
42   |0.6764    |0.0500              |1.0000          |1.7264
43   |0.6637    |0.0417              |1.0000          |1.7054
9    |0.6485    |0.0417              |1.0000          |1.6902
2    |0.6329    |0.0417              |1.0000          |1.6745
39   |0.5936    |0.0500              |1.0000          |1.6436
13   |0.5920    |0.0417              |1.0000          |1.6336
12   |0.5901    |0.0417              |1.0000          |1.6318
14   |0.5543    |0.0750              |1.0000          |1.6293
8    |0.5774    |0.0417              |1.0000          |1.6190
4    |0.5474    |0.0667              |1.0000          |1.6141
18   |0.5389    |0.0750              |1.0000          |1.6139
27   |0.5515    |0.0417              |1.0000          |1.5931
33   |0.5133    |0.0417              |1.0000          |1.5550
25   |0.5082    |0.0417              |1.0000          |1.5499
21   |0.4972    |0.0417              |1.0000          |1.5389
29   |0.0488    |0.3500              |1.0000          |1.3988
35   |0.0045    |0.3667              |1.0000          |1.3711
30   |0.0004    |0.3667              |1.0000          |1.3671
34   |0.0004    |0.3500              |1.0000          |1.3504
32   |0.0475    |0.0500              |1.0000          |1.0975
22   |0.0454    |0.0500              |1.0000          |1.0954
26   |0.0465    |0.0417              |1.0000          |1.0882
24   |0.0004    |0.0417              |1.0000          |1.0421
19   |0.0004    |0.2667              |0.7527          |1.0198

Team Events (sorted, for dev use, diff check with others to ensure truly different schedules created):
------------------------------------------------------------
0, 96, 145, 191, 240, 297
1, 102, 152, 175, 244, 301
2, 94, 147, 211, 277, 318
3, 101, 149, 198, 249, 292
4, 95, 151, 188, 241, 303
5, 98, 143, 182, 232, 295
6, 99, 153, 187, 226, 287
7, 103, 154, 208, 260, 310
8, 105, 163, 178, 224, 286
9, 124, 150, 192, 247, 308
10, 120, 157, 204, 268, 309
11, 123, 165, 190, 255, 316
12, 122, 160, 174, 223, 283
13, 121, 161, 195, 231, 279
14, 132, 162, 194, 262, 304
15, 119, 158, 183, 261, 322
16, 112, 164, 200, 252, 302
17, 118, 155, 212, 276, 324
18, 85, 129, 213, 228, 270
19, 57, 156, 203, 250, 305
20, 55, 148, 218, 272, 317
21, 79, 142, 196, 236, 273
22, 60, 159, 169, 215, 274
23, 72, 138, 201, 220, 275
24, 59, 146, 199, 256, 294
26, 77, 144, 214, 267, 306
27, 61, 92, 179, 222, 289
28, 56, 88, 167, 217, 280
29, 64, 97, 209, 257, 300
30, 100, 116, 219, 269, 284
31, 58, 86, 210, 254, 296
32, 69, 90, 216, 259, 299
33, 54, 91, 197, 234, 281
34, 89, 104, 221, 265, 285
35, 71, 87, 206, 227, 271
36, 67, 110, 177, 230, 293
37, 70, 117, 189, 237, 290
38, 63, 107, 207, 264, 311
39, 62, 111, 205, 253, 291
40, 65, 115, 186, 248, 313
41, 68, 106, 202, 243, 282
42, 66, 113, 184, 263, 320
43, 74, 125, 172, 225, 278
44, 73, 114, 185, 245, 288
45, 84, 136, 193, 266, 319
46, 75, 133, 166, 239, 314
47, 81, 135, 170, 251, 325
48, 82, 141, 171, 233, 298
49, 78, 134, 181, 238, 312
50, 93, 139, 173, 235, 307
51, 80, 140, 168, 242, 315
52, 76, 128, 176, 246, 321
53, 83, 137, 180, 258, 323
