FLL Scheduler GA Summary Report (ID: 2132037130656 | Hash: -6955381651441554787)

Attributes:
--------------------
rank: 0
origin: (C | KPoint(k=3))
mutations: 0
clones: 0
_hash: -6955381651441554787
Length: 318

Fitness:
--------------------------
BreakTime           : 0.31062795876048954
LocationConsistency : 0.0
OpponentVariety     : 0.8754111684107535
-----------------------------------
Total               : 1.186039127171243
Percentage          : 39.53%

Per-Objective Statistics (Team Distribution):
-----------------------------------------------------------------
Objective                 | Min      | Max      | Avg      | Range   
-----------------------------------------------------------------
BreakTime                 | 0.0004   | 0.9193   | 0.5394   | 0.9189  
LocationConsistency       | 0.0417   | 0.6417   | 0.2208   | 0.6000  
OpponentVariety           | 0.7527   | 1.0000   | 0.9953   | 0.2473  

Team fitnesses (sorted by total fitness descending):
----------------------------------------------------
Max     : 2.268933
Min     : 1.067072
Range   : 1.201861
Average : 1.755471

Team |BreakTime |LocationConsistency |OpponentVariety |Sum
------------------------------------------------------------
37   |0.6273    |0.6417              |1.0000          |2.2689
5    |0.6216    |0.6417              |1.0000          |2.2633
10   |0.6158    |0.6417              |1.0000          |2.2575
52   |0.8630    |0.3667              |1.0000          |2.2297
47   |0.8793    |0.3500              |1.0000          |2.2293
46   |0.9139    |0.2667              |1.0000          |2.1805
45   |0.8925    |0.2667              |1.0000          |2.1592
42   |0.6764    |0.3500              |1.0000          |2.0264
51   |0.9193    |0.0417              |1.0000          |1.9610
50   |0.9185    |0.0417              |1.0000          |1.9602
38   |0.6044    |0.3500              |1.0000          |1.9544
40   |0.6732    |0.2667              |1.0000          |1.9398
36   |0.6673    |0.2667              |1.0000          |1.9339
48   |0.8865    |0.0417              |1.0000          |1.9281
32   |0.5515    |0.3667              |1.0000          |1.9181
53   |0.8672    |0.0417              |1.0000          |1.9088
1    |0.5474    |0.3500              |1.0000          |1.8974
43   |0.6257    |0.2667              |1.0000          |1.8923
25   |0.5397    |0.3500              |1.0000          |1.8897
26   |0.5082    |0.3667              |1.0000          |1.8749
7    |0.6005    |0.2667              |1.0000          |1.8672
31   |0.5002    |0.3667              |1.0000          |1.8669
39   |0.5936    |0.2667              |1.0000          |1.8603
12   |0.5920    |0.2667              |1.0000          |1.8586
41   |0.5809    |0.2667              |1.0000          |1.8476
15   |0.5758    |0.2667              |1.0000          |1.8424
49   |0.7914    |0.0500              |1.0000          |1.8414
2    |0.5719    |0.2667              |1.0000          |1.8385
17   |0.5619    |0.2667              |1.0000          |1.8286
30   |0.5616    |0.2667              |1.0000          |1.8282
29   |0.5133    |0.2667              |1.0000          |1.7800
44   |0.6637    |0.0417              |1.0000          |1.7054
4    |0.6485    |0.0417              |1.0000          |1.6902
6    |0.6329    |0.0417              |1.0000          |1.6745
22   |0.6013    |0.0667              |1.0000          |1.6680
9    |0.5895    |0.0500              |1.0000          |1.6395
13   |0.5901    |0.0417              |1.0000          |1.6318
16   |0.5556    |0.0667              |1.0000          |1.6223
3    |0.5774    |0.0417              |1.0000          |1.6190
8    |0.5640    |0.0500              |1.0000          |1.6140
14   |0.5543    |0.0417              |1.0000          |1.5960
18   |0.5389    |0.0500              |1.0000          |1.5889
11   |0.5379    |0.0417              |1.0000          |1.5796
24   |0.4972    |0.0750              |1.0000          |1.5722
20   |0.0454    |0.3667              |1.0000          |1.4121
21   |0.0465    |0.2667              |1.0000          |1.3132
27   |0.0045    |0.2667              |1.0000          |1.2711
19   |0.0004    |0.2667              |1.0000          |1.2671
35   |0.0004    |0.2667              |1.0000          |1.2671
28   |0.0488    |0.0667              |1.0000          |1.1154
23   |0.0004    |0.3500              |0.7527          |1.1031
33   |0.0475    |0.0417              |1.0000          |1.0891
34   |0.0004    |0.0667              |1.0000          |1.0671

Team Events (sorted, for dev use, diff check with others to ensure truly different schedules created):
------------------------------------------------------------
0, 94, 149, 205, 249, 293
1, 98, 145, 191, 243, 297
2, 103, 153, 208, 261, 310
3, 109, 163, 178, 224, 286
4, 101, 151, 189, 242, 303
5, 102, 155, 175, 244, 301
6, 96, 154, 187, 226, 287
7, 100, 146, 211, 270, 318
8, 97, 142, 183, 235, 295
9, 124, 158, 182, 260, 322
10, 121, 157, 198, 263, 308
11, 123, 160, 174, 223, 283
12, 122, 165, 190, 255, 316
13, 120, 161, 195, 236, 279
14, 132, 162, 194, 269, 305
15, 118, 150, 192, 247, 309
16, 113, 164, 203, 252, 302
17, 125, 152, 212, 271, 324
18, 72, 138, 202, 221, 275
20, 79, 143, 196, 231, 272
21, 70, 144, 215, 264, 307
22, 55, 159, 169, 214, 274
23, 85, 129, 213, 228, 277
24, 60, 148, 217, 273, 317
25, 56, 156, 200, 250, 304
26, 59, 147, 204, 259, 294
27, 77, 91, 206, 227, 276
28, 67, 99, 209, 258, 300
29, 61, 92, 197, 233, 280
30, 57, 88, 167, 218, 281
31, 58, 90, 210, 254, 296
32, 54, 86, 179, 222, 289
33, 63, 93, 219, 257, 298
34, 95, 111, 216, 262, 284
35, 89, 108, 220, 266, 285
36, 64, 117, 177, 237, 292
37, 76, 110, 188, 230, 290
38, 68, 107, 207, 267, 311
39, 69, 116, 199, 253, 291
40, 66, 115, 186, 248, 313
41, 62, 106, 201, 240, 282
42, 65, 112, 184, 268, 320
43, 73, 114, 185, 245, 288
44, 74, 119, 172, 225, 278
45, 71, 128, 176, 246, 321
46, 81, 140, 168, 241, 315
47, 83, 141, 171, 234, 299
48, 87, 139, 173, 232, 306
49, 84, 136, 193, 265, 319
50, 80, 135, 170, 251, 325
51, 75, 133, 166, 239, 314
52, 78, 134, 181, 238, 312
53, 82, 137, 180, 256, 323
