FLL Scheduler GA Summary Report (ID: 2132118888048 | Hash: 115863180876902970)

Attributes:
--------------------
rank: 0
origin: (C | KPoint(k=2))
mutations: 0
clones: 0
_hash: 115863180876902970
Length: 318

Fitness:
--------------------------
BreakTime           : 0.31062795876048954
LocationConsistency : 0.0
OpponentVariety     : 0.8754111684107535
-----------------------------------
Total               : 1.186039127171243
Percentage          : 39.53%

Per-Objective Statistics (Team Distribution):
-----------------------------------------------------------------
Objective                 | Min      | Max      | Avg      | Range   
-----------------------------------------------------------------
BreakTime                 | 0.0004   | 0.9193   | 0.5394   | 0.9189  
LocationConsistency       | 0.0417   | 0.9500   | 0.2077   | 0.9083  
OpponentVariety           | 0.7527   | 1.0000   | 0.9953   | 0.2473  

Team fitnesses (sorted by total fitness descending):
----------------------------------------------------
Max     : 2.623154
Min     : 0.803112
Range   : 1.820043
Average : 1.742420

Team |BreakTime |LocationConsistency |OpponentVariety |Sum
------------------------------------------------------------
44   |0.6732    |0.9500              |1.0000          |2.6232
3    |0.6216    |0.6417              |1.0000          |2.2633
47   |0.9193    |0.2667              |1.0000          |2.1860
46   |0.9185    |0.2667              |1.0000          |2.1852
50   |0.7914    |0.2667              |1.0000          |2.0581
5    |0.6329    |0.3500              |1.0000          |1.9829
53   |0.9139    |0.0417              |1.0000          |1.9555
36   |0.6044    |0.3500              |1.0000          |1.9544
24   |0.6013    |0.3500              |1.0000          |1.9513
4    |0.5895    |0.3500              |1.0000          |1.9395
48   |0.8630    |0.0750              |1.0000          |1.9380
49   |0.8925    |0.0417              |1.0000          |1.9342
52   |0.8793    |0.0500              |1.0000          |1.9293
45   |0.8865    |0.0417              |1.0000          |1.9281
51   |0.8672    |0.0500              |1.0000          |1.9172
1    |0.6485    |0.2667              |1.0000          |1.9152
34   |0.5616    |0.3500              |1.0000          |1.9116
37   |0.6273    |0.2667              |1.0000          |1.8939
43   |0.6257    |0.2667              |1.0000          |1.8923
23   |0.5397    |0.3500              |1.0000          |1.8897
17   |0.5389    |0.3500              |1.0000          |1.8889
18   |0.6158    |0.2667              |1.0000          |1.8825
9    |0.6005    |0.2667              |1.0000          |1.8672
40   |0.5936    |0.2667              |1.0000          |1.8603
12   |0.5920    |0.2667              |1.0000          |1.8586
11   |0.5901    |0.2667              |1.0000          |1.8568
8    |0.5719    |0.2667              |1.0000          |1.8385
35   |0.5515    |0.2667              |1.0000          |1.8181
7    |0.5474    |0.2667              |1.0000          |1.8141
10   |0.5379    |0.2667              |1.0000          |1.8046
30   |0.5133    |0.2667              |1.0000          |1.7800
42   |0.6764    |0.0500              |1.0000          |1.7264
38   |0.6673    |0.0500              |1.0000          |1.7173
39   |0.6637    |0.0417              |1.0000          |1.7054
21   |0.0454    |0.6417              |1.0000          |1.6871
41   |0.5809    |0.0500              |1.0000          |1.6309
14   |0.5758    |0.0500              |1.0000          |1.6258
6    |0.5774    |0.0417              |1.0000          |1.6190
16   |0.5619    |0.0500              |1.0000          |1.6119
2    |0.5640    |0.0417              |1.0000          |1.6057
13   |0.5543    |0.0500              |1.0000          |1.6043
15   |0.5556    |0.0417              |1.0000          |1.5973
25   |0.4972    |0.0667              |1.0000          |1.5639
22   |0.5082    |0.0417              |1.0000          |1.5499
32   |0.5002    |0.0417              |1.0000          |1.5419
28   |0.0004    |0.3667              |1.0000          |1.3671
19   |0.0465    |0.2667              |1.0000          |1.3132
26   |0.0004    |0.2667              |1.0000          |1.2671
31   |0.0488    |0.0500              |1.0000          |1.0988
27   |0.0475    |0.0500              |1.0000          |1.0975
33   |0.0045    |0.0500              |1.0000          |1.0545
29   |0.0004    |0.0417              |1.0000          |1.0421
20   |0.0004    |0.0500              |0.7527          |0.8031

Team Events (sorted, for dev use, diff check with others to ensure truly different schedules created):
------------------------------------------------------------
0, 102, 163, 178, 224, 286
1, 100, 147, 210, 277, 318
2, 101, 150, 189, 242, 302
3, 96, 143, 183, 235, 295
4, 109, 155, 175, 239, 301
5, 108, 153, 208, 261, 310
6, 95, 149, 205, 251, 292
7, 98, 145, 196, 243, 297
8, 97, 154, 187, 226, 287
9, 122, 157, 198, 263, 309
10, 120, 165, 197, 255, 316
11, 121, 160, 174, 223, 280
12, 123, 161, 192, 236, 284
13, 126, 162, 193, 269, 305
14, 118, 151, 195, 253, 308
15, 112, 164, 203, 247, 303
16, 124, 152, 213, 276, 324
17, 125, 158, 182, 260, 322
18, 71, 144, 214, 264, 307
19, 85, 130, 212, 228, 271
20, 79, 142, 191, 230, 272
21, 59, 146, 204, 256, 294
22, 57, 156, 200, 249, 304
24, 54, 159, 167, 215, 274
25, 60, 148, 218, 273, 317
26, 73, 138, 202, 220, 275
27, 69, 91, 216, 258, 298
28, 94, 110, 219, 262, 279
29, 88, 103, 221, 266, 278
30, 61, 90, 190, 232, 282
31, 64, 99, 209, 257, 300
32, 58, 92, 211, 254, 296
33, 76, 93, 206, 227, 270
34, 56, 89, 169, 217, 283
35, 55, 86, 179, 222, 289
36, 63, 106, 207, 267, 311
37, 77, 111, 188, 231, 290
38, 67, 116, 177, 237, 293
39, 75, 119, 172, 225, 285
40, 62, 117, 199, 246, 291
41, 68, 107, 201, 240, 281
42, 66, 113, 184, 268, 320
43, 72, 115, 185, 238, 288
44, 65, 114, 186, 250, 313
45, 87, 139, 173, 233, 306
46, 82, 135, 170, 248, 325
47, 74, 131, 168, 244, 315
48, 78, 134, 181, 245, 312
49, 70, 127, 176, 252, 321
50, 84, 137, 194, 265, 319
51, 81, 136, 180, 259, 323
52, 80, 140, 171, 234, 299
53, 83, 141, 166, 241, 314
