FLL Scheduler GA Summary Report (ID: 2132111947504 | Hash: 8464000258215600746)

Attributes:
--------------------
rank: 0
origin: (C | RoundTypeCrossover)
mutations: 1
clones: 0
_hash: 8464000258215600746
Length: 318

Fitness:
--------------------------
BreakTime           : 0.31062795876048954
LocationConsistency : 0.0
OpponentVariety     : 0.8754111684107535
-----------------------------------
Total               : 1.186039127171243
Percentage          : 39.53%

Per-Objective Statistics (Team Distribution):
-----------------------------------------------------------------
Objective                 | Min      | Max      | Avg      | Range   
-----------------------------------------------------------------
BreakTime                 | 0.0004   | 0.9193   | 0.5394   | 0.9189  
LocationConsistency       | 0.0417   | 0.6417   | 0.2384   | 0.6000  
OpponentVariety           | 0.7527   | 1.0000   | 0.9953   | 0.2473  

Team fitnesses (sorted by total fitness descending):
----------------------------------------------------
Max     : 2.534208
Min     : 1.050419
Range   : 1.483789
Average : 1.773081

Team |BreakTime |LocationConsistency |OpponentVariety |Sum
------------------------------------------------------------
49   |0.8925    |0.6417              |1.0000          |2.5342
41   |0.6732    |0.6417              |1.0000          |2.3148
16   |0.6158    |0.6417              |1.0000          |2.2575
45   |0.8865    |0.3500              |1.0000          |2.2365
4    |0.5895    |0.6417              |1.0000          |2.2312
48   |0.8630    |0.3500              |1.0000          |2.2130
47   |0.9193    |0.2667              |1.0000          |2.1860
52   |0.9185    |0.2667              |1.0000          |2.1852
30   |0.5133    |0.6417              |1.0000          |2.1550
32   |0.5002    |0.6417              |1.0000          |2.1419
46   |0.7914    |0.3500              |1.0000          |2.1414
53   |0.9139    |0.0500              |1.0000          |1.9639
40   |0.6764    |0.2667              |1.0000          |1.9431
38   |0.5809    |0.3500              |1.0000          |1.9309
39   |0.6637    |0.2667              |1.0000          |1.9304
50   |0.8793    |0.0500              |1.0000          |1.9293
51   |0.8672    |0.0500              |1.0000          |1.9172
1    |0.6485    |0.2667              |1.0000          |1.9152
14   |0.5543    |0.3500              |1.0000          |1.9043
6    |0.5474    |0.3500              |1.0000          |1.8974
37   |0.6273    |0.2667              |1.0000          |1.8939
23   |0.5397    |0.3500              |1.0000          |1.8897
3    |0.6216    |0.2667              |1.0000          |1.8883
42   |0.6044    |0.2667              |1.0000          |1.8710
10   |0.5920    |0.2667              |1.0000          |1.8586
12   |0.5901    |0.2667              |1.0000          |1.8568
11   |0.5556    |0.2667              |1.0000          |1.8223
35   |0.5515    |0.2667              |1.0000          |1.8181
43   |0.6673    |0.0417              |1.0000          |1.7089
9    |0.6329    |0.0500              |1.0000          |1.6829
26   |0.6013    |0.0750              |1.0000          |1.6763
36   |0.6257    |0.0500              |1.0000          |1.6757
7    |0.6005    |0.0417              |1.0000          |1.6422
20   |0.0004    |0.6417              |1.0000          |1.6421
34   |0.5616    |0.0750              |1.0000          |1.6366
44   |0.5936    |0.0417              |1.0000          |1.6353
8    |0.5774    |0.0500              |1.0000          |1.6274
18   |0.5758    |0.0417              |1.0000          |1.6174
5    |0.5719    |0.0417              |1.0000          |1.6135
2    |0.5640    |0.0417              |1.0000          |1.6057
15   |0.5619    |0.0417              |1.0000          |1.6036
13   |0.5389    |0.0500              |1.0000          |1.5889
17   |0.5379    |0.0500              |1.0000          |1.5879
25   |0.4972    |0.0667              |1.0000          |1.5639
19   |0.5082    |0.0417              |1.0000          |1.5499
28   |0.0004    |0.3667              |1.0000          |1.3671
33   |0.0045    |0.3500              |1.0000          |1.3545
24   |0.0465    |0.2667              |1.0000          |1.3132
21   |0.0454    |0.0750              |1.0000          |1.1204
22   |0.0004    |0.3500              |0.7527          |1.1031
29   |0.0488    |0.0417              |1.0000          |1.0904
27   |0.0475    |0.0417              |1.0000          |1.0891
31   |0.0004    |0.0500              |1.0000          |1.0504

Team Events (sorted, for dev use, diff check with others to ensure truly different schedules created):
------------------------------------------------------------
0, 103, 161, 177, 224, 286
1, 100, 147, 208, 277, 318
2, 101, 156, 189, 241, 302
3, 96, 143, 183, 232, 300
4, 98, 145, 191, 240, 299
5, 94, 149, 205, 250, 293
6, 97, 154, 187, 228, 287
7, 108, 152, 211, 254, 310
8, 109, 155, 180, 244, 294
9, 120, 162, 181, 223, 282
10, 119, 157, 192, 247, 308
11, 121, 164, 190, 261, 316
12, 123, 153, 207, 276, 324
13, 125, 163, 195, 231, 279
14, 113, 165, 203, 252, 303
15, 122, 159, 182, 255, 322
16, 124, 151, 198, 262, 309
17, 126, 160, 194, 269, 305
18, 59, 146, 204, 256, 301
19, 75, 138, 202, 220, 275
21, 78, 142, 196, 236, 273
22, 85, 130, 206, 226, 270
23, 57, 150, 200, 249, 304
24, 71, 144, 214, 264, 306
25, 60, 148, 218, 272, 317
26, 54, 158, 170, 215, 274
27, 69, 91, 216, 258, 297
28, 95, 111, 219, 263, 284
29, 64, 99, 210, 257, 295
30, 61, 90, 197, 234, 280
31, 89, 102, 221, 266, 285
32, 58, 92, 209, 260, 298
33, 76, 93, 213, 229, 271
34, 56, 88, 173, 217, 281
35, 55, 86, 176, 222, 289
36, 74, 115, 184, 245, 288
37, 77, 110, 188, 237, 290
38, 68, 105, 201, 243, 283
39, 72, 118, 167, 225, 278
40, 66, 112, 185, 268, 320
41, 65, 114, 186, 251, 313
42, 63, 104, 212, 267, 311
43, 67, 117, 178, 230, 292
44, 62, 116, 199, 253, 291
45, 87, 139, 166, 235, 307
46, 84, 137, 193, 265, 319
47, 73, 127, 172, 239, 315
48, 79, 134, 174, 238, 312
49, 70, 131, 179, 246, 321
50, 83, 141, 168, 233, 296
51, 82, 136, 175, 259, 323
52, 81, 135, 169, 248, 325
53, 80, 140, 171, 242, 314
