FLL Scheduler GA Summary Report (ID: 2132037127968 | Hash: 1736109042073337961)

Attributes:
--------------------
rank: 0
origin: (C | TimeSlotCrossover)
mutations: 0
clones: 0
_hash: 1736109042073337961
Length: 318

Fitness:
--------------------------
BreakTime           : 0.31062795876048954
LocationConsistency : 0.0
OpponentVariety     : 0.8754111684107535
-----------------------------------
Total               : 1.186039127171243
Percentage          : 39.53%

Per-Objective Statistics (Team Distribution):
-----------------------------------------------------------------
Objective                 | Min      | Max      | Avg      | Range   
-----------------------------------------------------------------
BreakTime                 | 0.0004   | 0.9193   | 0.5394   | 0.9189  
LocationConsistency       | 0.0417   | 0.9500   | 0.2148   | 0.9083  
OpponentVariety           | 0.7527   | 1.0000   | 0.9953   | 0.2473  

Team fitnesses (sorted by total fitness descending):
----------------------------------------------------
Max     : 2.487884
Min     : 1.050419
Range   : 1.437466
Average : 1.749496

Team |BreakTime |LocationConsistency |OpponentVariety |Sum
------------------------------------------------------------
17   |0.5379    |0.9500              |1.0000          |2.4879
37   |0.6273    |0.6417              |1.0000          |2.2689
16   |0.6158    |0.6417              |1.0000          |2.2575
6    |0.5895    |0.6417              |1.0000          |2.2312
52   |0.9185    |0.2667              |1.0000          |2.1852
45   |0.8865    |0.2667              |1.0000          |2.1531
46   |0.7914    |0.3500              |1.0000          |2.1414
22   |0.6013    |0.5250              |1.0000          |2.1263
42   |0.6764    |0.3500              |1.0000          |2.0264
44   |0.6732    |0.3500              |1.0000          |2.0232
38   |0.6673    |0.3500              |1.0000          |2.0173
51   |0.9193    |0.0500              |1.0000          |1.9693
53   |0.9139    |0.0417              |1.0000          |1.9555
40   |0.5936    |0.3500              |1.0000          |1.9436
49   |0.8925    |0.0417              |1.0000          |1.9342
41   |0.5809    |0.3500              |1.0000          |1.9309
39   |0.6637    |0.2667              |1.0000          |1.9304
48   |0.8793    |0.0500              |1.0000          |1.9293
47   |0.8672    |0.0500              |1.0000          |1.9172
50   |0.8630    |0.0500              |1.0000          |1.9130
34   |0.5616    |0.3500              |1.0000          |1.9116
43   |0.6257    |0.2667              |1.0000          |1.8923
24   |0.5397    |0.3500              |1.0000          |1.8897
5    |0.6216    |0.2667              |1.0000          |1.8883
11   |0.5556    |0.2667              |1.0000          |1.8223
35   |0.5515    |0.2667              |1.0000          |1.8181
2    |0.5474    |0.2667              |1.0000          |1.8141
30   |0.5133    |0.2667              |1.0000          |1.7800
9    |0.6485    |0.0417              |1.0000          |1.6902
7    |0.6329    |0.0500              |1.0000          |1.6829
36   |0.6044    |0.0500              |1.0000          |1.6544
3    |0.6005    |0.0500              |1.0000          |1.6505
10   |0.5920    |0.0417              |1.0000          |1.6336
12   |0.5901    |0.0417              |1.0000          |1.6318
4    |0.5774    |0.0417              |1.0000          |1.6190
18   |0.5758    |0.0417              |1.0000          |1.6174
13   |0.5389    |0.0750              |1.0000          |1.6139
8    |0.5719    |0.0417              |1.0000          |1.6135
15   |0.5619    |0.0500              |1.0000          |1.6119
1    |0.5640    |0.0417              |1.0000          |1.6057
14   |0.5543    |0.0500              |1.0000          |1.6043
20   |0.5082    |0.0667              |1.0000          |1.5749
32   |0.5002    |0.0417              |1.0000          |1.5419
21   |0.4972    |0.0417              |1.0000          |1.5389
25   |0.0004    |0.3667              |1.0000          |1.3671
29   |0.0488    |0.2667              |1.0000          |1.3154
19   |0.0465    |0.2667              |1.0000          |1.3132
28   |0.0004    |0.2667              |1.0000          |1.2671
23   |0.0454    |0.0750              |1.0000          |1.1204
26   |0.0004    |0.3500              |0.7527          |1.1031
27   |0.0475    |0.0417              |1.0000          |1.0891
33   |0.0045    |0.0500              |1.0000          |1.0545
31   |0.0004    |0.0500              |1.0000          |1.0504

Team Events (sorted, for dev use, diff check with others to ensure truly different schedules created):
------------------------------------------------------------
0, 100, 147, 208, 277, 318
1, 94, 149, 205, 250, 287
2, 97, 152, 187, 228, 292
3, 108, 154, 211, 254, 317
4, 101, 156, 189, 241, 303
5, 96, 143, 183, 232, 300
6, 109, 153, 175, 239, 294
7, 98, 145, 191, 240, 299
8, 103, 161, 178, 224, 293
9, 120, 163, 174, 223, 282
10, 119, 157, 192, 252, 309
11, 121, 165, 190, 260, 311
12, 123, 155, 207, 276, 324
13, 125, 162, 195, 231, 279
14, 113, 164, 203, 246, 302
15, 122, 158, 182, 255, 322
16, 124, 150, 198, 262, 308
17, 132, 160, 194, 269, 305
18, 71, 144, 214, 264, 307
20, 58, 146, 204, 257, 301
21, 61, 148, 218, 272, 310
22, 55, 159, 170, 215, 274
23, 78, 142, 196, 236, 273
24, 57, 151, 200, 249, 304
25, 74, 138, 202, 220, 275
26, 85, 130, 206, 226, 270
27, 69, 91, 216, 258, 297
28, 95, 117, 219, 263, 284
29, 64, 99, 210, 256, 295
30, 60, 90, 197, 234, 280
31, 88, 102, 221, 266, 285
32, 59, 87, 209, 261, 298
33, 76, 86, 213, 229, 271
34, 56, 89, 173, 217, 281
35, 54, 93, 179, 222, 290
36, 63, 104, 212, 267, 316
37, 77, 116, 188, 237, 288
38, 67, 110, 177, 230, 286
39, 72, 118, 167, 225, 278
40, 62, 111, 199, 247, 289
41, 68, 105, 201, 243, 283
42, 66, 112, 184, 268, 320
43, 75, 114, 185, 238, 291
44, 65, 115, 186, 251, 314
45, 92, 139, 166, 235, 306
46, 84, 137, 193, 265, 319
47, 82, 136, 180, 259, 323
48, 83, 140, 168, 233, 296
49, 70, 131, 176, 253, 321
50, 79, 134, 181, 245, 315
51, 73, 133, 172, 244, 312
52, 81, 135, 169, 248, 325
53, 80, 141, 171, 242, 313
