FLL Scheduler GA Summary Report (ID: 2132118888608 | Hash: 5631031212014969674)

Attributes:
--------------------
rank: 0
origin: (C | RoundTypeCrossover)
mutations: 0
clones: 0
_hash: 5631031212014969674
Length: 318

Fitness:
--------------------------
BreakTime           : 0.31062795876048954
LocationConsistency : 0.0
OpponentVariety     : 0.8754111684107535
-----------------------------------
Total               : 1.186039127171243
Percentage          : 39.53%

Per-Objective Statistics (Team Distribution):
-----------------------------------------------------------------
Objective                 | Min      | Max      | Avg      | Range   
-----------------------------------------------------------------
BreakTime                 | 0.0004   | 0.9193   | 0.5394   | 0.9189  
LocationConsistency       | 0.0417   | 0.6417   | 0.2005   | 0.6000  
OpponentVariety           | 0.7527   | 1.0000   | 0.9953   | 0.2473  

Team fitnesses (sorted by total fitness descending):
----------------------------------------------------
Max     : 2.433100
Min     : 0.803112
Range   : 1.629989
Average : 1.735188

Team |BreakTime |LocationConsistency |OpponentVariety |Sum
------------------------------------------------------------
46   |0.7914    |0.6417              |1.0000          |2.4331
53   |0.9139    |0.3500              |1.0000          |2.2639
45   |0.8865    |0.2667              |1.0000          |2.1531
48   |0.8793    |0.2667              |1.0000          |2.1460
11   |0.6158    |0.5250              |1.0000          |2.1408
47   |0.8672    |0.2667              |1.0000          |2.1338
42   |0.6764    |0.3500              |1.0000          |2.0264
44   |0.6732    |0.3500              |1.0000          |2.0232
51   |0.9193    |0.0500              |1.0000          |1.9693
52   |0.9185    |0.0417              |1.0000          |1.9602
36   |0.6044    |0.3500              |1.0000          |1.9544
6    |0.5895    |0.3500              |1.0000          |1.9395
49   |0.8925    |0.0417              |1.0000          |1.9342
38   |0.6673    |0.2667              |1.0000          |1.9339
34   |0.5616    |0.3667              |1.0000          |1.9282
16   |0.5556    |0.3667              |1.0000          |1.9223
50   |0.8630    |0.0500              |1.0000          |1.9130
1    |0.5474    |0.3500              |1.0000          |1.8974
43   |0.6257    |0.2667              |1.0000          |1.8923
23   |0.5397    |0.3500              |1.0000          |1.8897
10   |0.5389    |0.3500              |1.0000          |1.8889
5    |0.6216    |0.2667              |1.0000          |1.8883
40   |0.5936    |0.2667              |1.0000          |1.8603
15   |0.5920    |0.2667              |1.0000          |1.8586
12   |0.5901    |0.2667              |1.0000          |1.8568
41   |0.5809    |0.2667              |1.0000          |1.8476
13   |0.5379    |0.2667              |1.0000          |1.8046
30   |0.5133    |0.2667              |1.0000          |1.7800
20   |0.5082    |0.2667              |1.0000          |1.7749
39   |0.6637    |0.0417              |1.0000          |1.7054
9    |0.6485    |0.0417              |1.0000          |1.6902
25   |0.0465    |0.6417              |1.0000          |1.6882
4    |0.6329    |0.0500              |1.0000          |1.6829
37   |0.6273    |0.0500              |1.0000          |1.6773
24   |0.6013    |0.0500              |1.0000          |1.6513
7    |0.6005    |0.0417              |1.0000          |1.6422
18   |0.5758    |0.0500              |1.0000          |1.6258
3    |0.5719    |0.0500              |1.0000          |1.6219
8    |0.5774    |0.0417              |1.0000          |1.6190
2    |0.5640    |0.0500              |1.0000          |1.6140
14   |0.5543    |0.0500              |1.0000          |1.6043
17   |0.5619    |0.0417              |1.0000          |1.6036
35   |0.5515    |0.0417              |1.0000          |1.5931
26   |0.4972    |0.0667              |1.0000          |1.5639
32   |0.5002    |0.0500              |1.0000          |1.5502
33   |0.0045    |0.3500              |1.0000          |1.3545
19   |0.0004    |0.2667              |1.0000          |1.2671
22   |0.0454    |0.0667              |1.0000          |1.1121
29   |0.0488    |0.0500              |1.0000          |1.0988
27   |0.0475    |0.0500              |1.0000          |1.0975
31   |0.0004    |0.0417              |1.0000          |1.0421
28   |0.0004    |0.0417              |1.0000          |1.0421
21   |0.0004    |0.0500              |0.7527          |0.8031

Team Events (sorted, for dev use, diff check with others to ensure truly different schedules created):
------------------------------------------------------------
0, 94, 149, 205, 250, 293
1, 100, 147, 208, 277, 325
2, 98, 145, 196, 240, 296
3, 109, 154, 175, 239, 300
4, 101, 156, 188, 241, 303
5, 97, 143, 183, 232, 295
6, 96, 155, 186, 228, 287
7, 108, 153, 211, 255, 317
8, 103, 161, 178, 224, 286
9, 119, 152, 207, 276, 319
10, 118, 158, 182, 254, 322
11, 120, 165, 197, 260, 311
12, 122, 150, 198, 263, 308
13, 123, 162, 192, 231, 279
14, 121, 163, 174, 223, 283
15, 125, 157, 195, 247, 309
16, 113, 164, 203, 253, 302
17, 132, 160, 193, 269, 305
18, 73, 138, 202, 214, 275
19, 59, 146, 204, 259, 294
20, 85, 131, 206, 226, 270
22, 78, 142, 191, 236, 273
23, 56, 151, 200, 249, 304
24, 54, 159, 170, 221, 274
25, 76, 144, 220, 264, 307
26, 60, 148, 218, 272, 310
27, 69, 91, 216, 256, 298
28, 95, 117, 219, 262, 284
29, 64, 99, 210, 258, 301
30, 61, 90, 190, 234, 281
31, 88, 102, 215, 266, 285
32, 58, 87, 209, 261, 297
33, 71, 86, 213, 229, 271
34, 57, 89, 173, 217, 280
35, 55, 93, 179, 222, 289
36, 63, 107, 212, 267, 316
37, 70, 116, 189, 237, 290
38, 67, 110, 177, 230, 292
39, 75, 124, 167, 225, 278
40, 62, 111, 199, 252, 291
41, 68, 106, 201, 243, 282
42, 66, 112, 184, 268, 320
43, 72, 114, 185, 238, 288
44, 65, 115, 187, 251, 312
45, 92, 139, 166, 235, 306
46, 84, 137, 194, 265, 324
47, 81, 136, 180, 257, 323
48, 80, 140, 168, 233, 299
49, 77, 130, 176, 246, 321
50, 79, 134, 181, 245, 313
51, 74, 133, 172, 244, 315
52, 82, 135, 169, 248, 318
53, 83, 141, 171, 242, 314
