FLL Scheduler GA Summary Report (ID: 2132111940784 | Hash: -959699789074304238)

Attributes:
--------------------
rank: 0
origin: (C | RoundTypeCrossover)
mutations: 0
clones: 0
_hash: -959699789074304238
Length: 318

Fitness:
--------------------------
BreakTime           : 0.31062795876048954
LocationConsistency : 0.0
OpponentVariety     : 0.8754111684107535
-----------------------------------
Total               : 1.186039127171243
Percentage          : 39.53%

Per-Objective Statistics (Team Distribution):
-----------------------------------------------------------------
Objective                 | Min      | Max      | Avg      | Range   
-----------------------------------------------------------------
BreakTime                 | 0.0004   | 0.9193   | 0.5394   | 0.9189  
LocationConsistency       | 0.0417   | 0.6417   | 0.2143   | 0.6000  
OpponentVariety           | 0.7527   | 1.0000   | 0.9953   | 0.2473  

Team fitnesses (sorted by total fitness descending):
----------------------------------------------------
Max     : 2.504678
Min     : 0.794778
Range   : 1.709899
Average : 1.749024

Team |BreakTime |LocationConsistency |OpponentVariety |Sum
------------------------------------------------------------
48   |0.8630    |0.6417              |1.0000          |2.5047
50   |0.8793    |0.3500              |1.0000          |2.2293
7    |0.5719    |0.6417              |1.0000          |2.2135
4    |0.5640    |0.6417              |1.0000          |2.2057
47   |0.9193    |0.2667              |1.0000          |2.1860
49   |0.9139    |0.2667              |1.0000          |2.1805
53   |0.8925    |0.2667              |1.0000          |2.1592
45   |0.8865    |0.2667              |1.0000          |2.1531
5    |0.6216    |0.5250              |1.0000          |2.1466
29   |0.5002    |0.6417              |1.0000          |2.1419
51   |0.8672    |0.2667              |1.0000          |2.1338
52   |0.7914    |0.2667              |1.0000          |2.0581
41   |0.6732    |0.3500              |1.0000          |2.0232
46   |0.9185    |0.0417              |1.0000          |1.9602
38   |0.6044    |0.3500              |1.0000          |1.9544
37   |0.6764    |0.2667              |1.0000          |1.9431
44   |0.6257    |0.2667              |1.0000          |1.8923
40   |0.5936    |0.2667              |1.0000          |1.8603
2    |0.5895    |0.2667              |1.0000          |1.8562
39   |0.5809    |0.2667              |1.0000          |1.8476
12   |0.5619    |0.2667              |1.0000          |1.8286
32   |0.5616    |0.2667              |1.0000          |1.8282
14   |0.5543    |0.2667              |1.0000          |1.8210
26   |0.5397    |0.2667              |1.0000          |1.8064
42   |0.6673    |0.0500              |1.0000          |1.7173
1    |0.6485    |0.0667              |1.0000          |1.7152
43   |0.6637    |0.0417              |1.0000          |1.7054
36   |0.6273    |0.0500              |1.0000          |1.6773
8    |0.6329    |0.0417              |1.0000          |1.6745
11   |0.5920    |0.0667              |1.0000          |1.6586
15   |0.6158    |0.0417              |1.0000          |1.6575
24   |0.6013    |0.0417              |1.0000          |1.6430
9    |0.6005    |0.0417              |1.0000          |1.6422
33   |0.0004    |0.6417              |1.0000          |1.6421
18   |0.5901    |0.0417              |1.0000          |1.6318
6    |0.5474    |0.0750              |1.0000          |1.6224
3    |0.5774    |0.0417              |1.0000          |1.6190
17   |0.5758    |0.0417              |1.0000          |1.6174
16   |0.5389    |0.0750              |1.0000          |1.6139
10   |0.5556    |0.0417              |1.0000          |1.5973
35   |0.5515    |0.0417              |1.0000          |1.5931
13   |0.5379    |0.0500              |1.0000          |1.5879
27   |0.5133    |0.0500              |1.0000          |1.5633
21   |0.5082    |0.0417              |1.0000          |1.5499
19   |0.4972    |0.0417              |1.0000          |1.5389
34   |0.0488    |0.3500              |1.0000          |1.3988
20   |0.0465    |0.3500              |1.0000          |1.3965
30   |0.0045    |0.3500              |1.0000          |1.3545
22   |0.0454    |0.2667              |1.0000          |1.3121
31   |0.0475    |0.0750              |1.0000          |1.1225
28   |0.0004    |0.0667              |1.0000          |1.0671
23   |0.0004    |0.0500              |1.0000          |1.0504
25   |0.0004    |0.0417              |0.7527          |0.7948

Team Events (sorted, for dev use, diff check with others to ensure truly different schedules created):
------------------------------------------------------------
0, 105, 161, 178, 224, 286
1, 98, 143, 189, 235, 295
2, 103, 154, 208, 260, 310
3, 94, 147, 211, 277, 318
4, 95, 151, 183, 241, 303
5, 101, 149, 204, 249, 292
6, 96, 145, 191, 240, 297
7, 102, 152, 175, 244, 301
8, 99, 153, 184, 226, 287
9, 124, 150, 192, 247, 309
10, 122, 162, 174, 223, 283
11, 113, 164, 202, 252, 302
12, 121, 157, 198, 268, 308
13, 120, 163, 195, 236, 279
14, 118, 159, 188, 261, 322
15, 119, 155, 212, 276, 324
16, 132, 160, 194, 262, 305
17, 123, 165, 190, 255, 316
18, 55, 148, 217, 272, 317
19, 76, 144, 220, 267, 307
20, 59, 146, 205, 256, 294
21, 84, 142, 196, 231, 273
22, 73, 138, 203, 214, 275
23, 60, 158, 169, 221, 274
24, 78, 129, 213, 228, 271
25, 57, 156, 201, 250, 304
27, 54, 91, 197, 233, 281
28, 88, 104, 215, 265, 285
29, 58, 86, 210, 254, 296
30, 70, 87, 206, 227, 270
31, 68, 90, 219, 259, 299
32, 56, 89, 167, 218, 280
33, 100, 117, 216, 269, 284
34, 64, 97, 209, 257, 300
35, 61, 92, 179, 222, 289
36, 71, 116, 182, 230, 290
37, 66, 112, 187, 263, 320
38, 63, 107, 207, 264, 311
39, 69, 106, 200, 243, 282
40, 62, 111, 199, 253, 291
41, 65, 114, 185, 248, 313
42, 67, 110, 177, 237, 293
43, 75, 125, 172, 225, 278
44, 72, 115, 186, 245, 288
45, 93, 139, 173, 232, 306
46, 81, 135, 170, 251, 325
47, 74, 133, 166, 239, 314
48, 85, 134, 181, 238, 312
49, 80, 140, 168, 242, 315
50, 83, 141, 171, 234, 298
51, 82, 137, 180, 258, 323
52, 79, 136, 193, 266, 319
53, 77, 128, 176, 246, 321
