FLL Scheduler GA Summary Report (ID: 2132118893536 | Hash: 5206454989269483579)

Attributes:
--------------------
rank: 0
origin: (C | KPoint(k=2))
mutations: 0
clones: 0
_hash: 5206454989269483579
Length: 318

Fitness:
--------------------------
BreakTime           : 0.31062795876048954
LocationConsistency : 0.0
OpponentVariety     : 0.8754111684107535
-----------------------------------
Total               : 1.186039127171243
Percentage          : 39.53%

Per-Objective Statistics (Team Distribution):
-----------------------------------------------------------------
Objective                 | Min      | Max      | Avg      | Range   
-----------------------------------------------------------------
BreakTime                 | 0.0004   | 0.9193   | 0.5394   | 0.9189  
LocationConsistency       | 0.0417   | 0.9500   | 0.2341   | 0.9083  
OpponentVariety           | 0.7527   | 1.0000   | 0.9953   | 0.2473  

Team fitnesses (sorted by total fitness descending):
----------------------------------------------------
Max     : 2.560213
Min     : 1.042102
Range   : 1.518110
Average : 1.768835

Team |BreakTime |LocationConsistency |OpponentVariety |Sum
------------------------------------------------------------
46   |0.9185    |0.6417              |1.0000          |2.5602
42   |0.6044    |0.9500              |1.0000          |2.5544
43   |0.6273    |0.6417              |1.0000          |2.2689
47   |0.9193    |0.2667              |1.0000          |2.1860
49   |0.8925    |0.2667              |1.0000          |2.1592
51   |0.8672    |0.2667              |1.0000          |2.1338
48   |0.8630    |0.2667              |1.0000          |2.1297
52   |0.7914    |0.2667              |1.0000          |2.0581
38   |0.6764    |0.3500              |1.0000          |2.0264
5    |0.6216    |0.3667              |1.0000          |1.9883
53   |0.9139    |0.0500              |1.0000          |1.9639
40   |0.6732    |0.2667              |1.0000          |1.9398
2    |0.5895    |0.3500              |1.0000          |1.9395
45   |0.8865    |0.0500              |1.0000          |1.9365
39   |0.6673    |0.2667              |1.0000          |1.9339
36   |0.6637    |0.2667              |1.0000          |1.9304
50   |0.8793    |0.0500              |1.0000          |1.9293
10   |0.5556    |0.3667              |1.0000          |1.9223
8    |0.6329    |0.2667              |1.0000          |1.8995
41   |0.6257    |0.2667              |1.0000          |1.8923
11   |0.6158    |0.2667              |1.0000          |1.8825
35   |0.5133    |0.3500              |1.0000          |1.8633
37   |0.5936    |0.2667              |1.0000          |1.8603
13   |0.5920    |0.2667              |1.0000          |1.8586
15   |0.5901    |0.2667              |1.0000          |1.8568
25   |0.4972    |0.3500              |1.0000          |1.8472
12   |0.5619    |0.2667              |1.0000          |1.8286
32   |0.5515    |0.2667              |1.0000          |1.8181
6    |0.5474    |0.2667              |1.0000          |1.8141
16   |0.5379    |0.2667              |1.0000          |1.8046
30   |0.5002    |0.2667              |1.0000          |1.7669
1    |0.6485    |0.0417              |1.0000          |1.6902
24   |0.6013    |0.0417              |1.0000          |1.6430
9    |0.6005    |0.0417              |1.0000          |1.6422
44   |0.5809    |0.0500              |1.0000          |1.6309
17   |0.5758    |0.0500              |1.0000          |1.6258
14   |0.5543    |0.0667              |1.0000          |1.6210
3    |0.5774    |0.0417              |1.0000          |1.6190
18   |0.5389    |0.0750              |1.0000          |1.6139
7    |0.5719    |0.0417              |1.0000          |1.6135
4    |0.5640    |0.0417              |1.0000          |1.6057
27   |0.5616    |0.0417              |1.0000          |1.6032
23   |0.5397    |0.0500              |1.0000          |1.5897
22   |0.5082    |0.0667              |1.0000          |1.5749
21   |0.0454    |0.3667              |1.0000          |1.4121
31   |0.0475    |0.3500              |1.0000          |1.3975
20   |0.0004    |0.6417              |0.7527          |1.3948
28   |0.0045    |0.3500              |1.0000          |1.3545
33   |0.0004    |0.2667              |1.0000          |1.2671
34   |0.0488    |0.0500              |1.0000          |1.0988
19   |0.0465    |0.0417              |1.0000          |1.0882
29   |0.0004    |0.0667              |1.0000          |1.0671
26   |0.0004    |0.0417              |1.0000          |1.0421

Team Events (sorted, for dev use, diff check with others to ensure truly different schedules created):
------------------------------------------------------------
0, 105, 163, 178, 224, 286
1, 96, 142, 183, 232, 295
2, 103, 154, 208, 260, 310
3, 100, 146, 211, 277, 318
4, 101, 157, 189, 242, 303
5, 95, 148, 205, 249, 292
6, 98, 144, 196, 243, 297
7, 102, 153, 175, 238, 301
8, 97, 152, 187, 228, 287
9, 124, 156, 195, 247, 308
10, 119, 158, 182, 261, 322
11, 113, 164, 203, 252, 302
12, 122, 160, 174, 223, 280
13, 121, 161, 192, 231, 284
14, 123, 165, 197, 255, 316
15, 120, 151, 198, 263, 309
16, 127, 162, 193, 269, 305
17, 118, 155, 212, 276, 324
18, 71, 145, 220, 264, 306
19, 85, 130, 213, 226, 271
20, 79, 143, 191, 236, 272
21, 59, 147, 204, 256, 294
22, 57, 150, 200, 250, 304
24, 54, 159, 169, 221, 274
25, 60, 149, 217, 273, 317
26, 73, 136, 202, 214, 275
27, 56, 89, 167, 218, 283
28, 76, 93, 206, 229, 270
29, 88, 104, 215, 266, 278
30, 58, 92, 210, 254, 296
31, 69, 91, 219, 259, 298
32, 55, 86, 179, 222, 289
33, 94, 117, 216, 262, 279
34, 64, 99, 209, 257, 300
35, 61, 90, 190, 234, 282
36, 75, 125, 172, 225, 285
37, 62, 111, 199, 253, 291
38, 66, 112, 184, 268, 320
39, 67, 110, 177, 230, 293
40, 65, 114, 186, 248, 315
41, 72, 115, 185, 239, 288
42, 63, 107, 207, 267, 311
43, 77, 116, 188, 237, 290
44, 68, 106, 201, 240, 281
45, 87, 137, 173, 235, 307
46, 82, 141, 170, 251, 325
47, 74, 126, 166, 245, 312
48, 78, 140, 181, 244, 314
49, 70, 131, 176, 246, 321
50, 80, 134, 171, 233, 299
51, 81, 139, 180, 258, 323
52, 84, 138, 194, 265, 319
53, 83, 135, 168, 241, 313
