FLL Scheduler GA Summary Report (ID: 2132111941008 | Hash: 5281010842285318887)

Attributes:
--------------------
rank: 0
origin: (C | TimeSlotCrossover)
mutations: 1
clones: 1
_hash: 5281010842285318887
Length: 318

Fitness:
--------------------------
BreakTime           : 0.31062795876048954
LocationConsistency : 0.0
OpponentVariety     : 0.8754111684107535
-----------------------------------
Total               : 1.186039127171243
Percentage          : 39.53%

Per-Objective Statistics (Team Distribution):
-----------------------------------------------------------------
Objective                 | Min      | Max      | Avg      | Range   
-----------------------------------------------------------------
BreakTime                 | 0.0004   | 0.9193   | 0.5394   | 0.9189  
LocationConsistency       | 0.0417   | 0.6417   | 0.2091   | 0.6000  
OpponentVariety           | 0.7527   | 1.0000   | 0.9953   | 0.2473  

Team fitnesses (sorted by total fitness descending):
----------------------------------------------------
Max     : 2.534208
Min     : 1.019778
Range   : 1.514429
Average : 1.743835

Team |BreakTime |LocationConsistency |OpponentVariety |Sum
------------------------------------------------------------
49   |0.8925    |0.6417              |1.0000          |2.5342
48   |0.8630    |0.3667              |1.0000          |2.2297
2    |0.5640    |0.6417              |1.0000          |2.2057
10   |0.5556    |0.6417              |1.0000          |2.1973
47   |0.9193    |0.2667              |1.0000          |2.1860
46   |0.9185    |0.2667              |1.0000          |2.1852
15   |0.5389    |0.5250              |1.0000          |2.0639
11   |0.6158    |0.3500              |1.0000          |1.9658
53   |0.9139    |0.0417              |1.0000          |1.9555
42   |0.6044    |0.3500              |1.0000          |1.9544
18   |0.5901    |0.3500              |1.0000          |1.9401
40   |0.6732    |0.2667              |1.0000          |1.9398
4    |0.5895    |0.3500              |1.0000          |1.9395
44   |0.5809    |0.3500              |1.0000          |1.9309
50   |0.8793    |0.0500              |1.0000          |1.9293
45   |0.8865    |0.0417              |1.0000          |1.9281
1    |0.6485    |0.2667              |1.0000          |1.9152
51   |0.8672    |0.0417              |1.0000          |1.9088
8    |0.6329    |0.2667              |1.0000          |1.8995
41   |0.6257    |0.2667              |1.0000          |1.8923
3    |0.6216    |0.2667              |1.0000          |1.8883
9    |0.6005    |0.2667              |1.0000          |1.8672
17   |0.5758    |0.2667              |1.0000          |1.8424
52   |0.7914    |0.0500              |1.0000          |1.8414
6    |0.5474    |0.2667              |1.0000          |1.8141
34   |0.5133    |0.2667              |1.0000          |1.7800
27   |0.5002    |0.2667              |1.0000          |1.7669
38   |0.6764    |0.0500              |1.0000          |1.7264
39   |0.6673    |0.0500              |1.0000          |1.7173
36   |0.6637    |0.0417              |1.0000          |1.7054
43   |0.6273    |0.0417              |1.0000          |1.6689
23   |0.6013    |0.0417              |1.0000          |1.6430
13   |0.5920    |0.0500              |1.0000          |1.6420
37   |0.5936    |0.0417              |1.0000          |1.6353
7    |0.5719    |0.0500              |1.0000          |1.6219
5    |0.5774    |0.0417              |1.0000          |1.6190
12   |0.5619    |0.0500              |1.0000          |1.6119
14   |0.5543    |0.0500              |1.0000          |1.6043
29   |0.5616    |0.0417              |1.0000          |1.6032
31   |0.5515    |0.0417              |1.0000          |1.5931
16   |0.5379    |0.0500              |1.0000          |1.5879
25   |0.5397    |0.0417              |1.0000          |1.5814
26   |0.4972    |0.0667              |1.0000          |1.5639
19   |0.5082    |0.0417              |1.0000          |1.5499
32   |0.0475    |0.3500              |1.0000          |1.3975
22   |0.0454    |0.3500              |1.0000          |1.3954
35   |0.0045    |0.3500              |1.0000          |1.3545
28   |0.0004    |0.3500              |1.0000          |1.3504
20   |0.0465    |0.2667              |1.0000          |1.3132
33   |0.0004    |0.2667              |1.0000          |1.2671
30   |0.0488    |0.0500              |1.0000          |1.0988
21   |0.0004    |0.0500              |1.0000          |1.0504
24   |0.0004    |0.2667              |0.7527          |1.0198

Team Events (sorted, for dev use, diff check with others to ensure truly different schedules created):
------------------------------------------------------------
0, 102, 161, 178, 224, 286
1, 101, 147, 211, 277, 318
2, 100, 150, 189, 241, 308
3, 97, 143, 183, 235, 295
4, 108, 153, 208, 255, 310
5, 94, 149, 205, 249, 292
6, 98, 145, 196, 240, 296
7, 109, 155, 174, 244, 301
8, 96, 154, 187, 226, 287
9, 118, 151, 195, 247, 302
10, 125, 158, 182, 254, 322
11, 112, 164, 203, 251, 309
12, 121, 163, 175, 223, 280
13, 123, 162, 193, 236, 284
14, 124, 152, 212, 276, 324
15, 122, 157, 198, 262, 303
16, 127, 160, 192, 268, 306
17, 120, 165, 197, 261, 316
18, 59, 146, 204, 256, 294
19, 71, 144, 221, 267, 304
20, 73, 139, 202, 214, 274
21, 79, 142, 191, 231, 273
23, 54, 159, 169, 220, 275
24, 85, 129, 213, 228, 271
25, 57, 156, 200, 253, 307
26, 60, 148, 217, 272, 317
27, 58, 87, 210, 260, 297
28, 95, 110, 216, 263, 279
29, 56, 89, 167, 218, 283
30, 64, 99, 209, 257, 300
31, 55, 93, 179, 222, 289
32, 69, 91, 219, 259, 298
33, 88, 103, 215, 265, 278
34, 61, 90, 190, 233, 282
35, 76, 86, 206, 227, 270
36, 75, 119, 172, 225, 285
37, 62, 117, 199, 250, 291
38, 66, 113, 184, 269, 320
39, 67, 116, 177, 237, 293
40, 65, 114, 186, 248, 315
41, 72, 115, 185, 245, 288
42, 63, 106, 207, 264, 311
43, 77, 111, 188, 230, 290
44, 68, 107, 201, 243, 281
45, 92, 138, 173, 232, 305
46, 82, 135, 170, 252, 325
47, 74, 126, 166, 239, 312
48, 78, 134, 180, 238, 314
49, 70, 128, 176, 246, 321
50, 80, 141, 171, 234, 299
51, 81, 136, 181, 258, 323
52, 84, 137, 194, 266, 319
53, 83, 140, 168, 242, 313
