FLL Scheduler GA Summary Report (ID: 2132118883120 | Hash: -309337436790131464)

Attributes:
--------------------
rank: 0
origin: (C | RoundTypeCrossover)
mutations: 0
clones: 0
_hash: -309337436790131464
Length: 318

Fitness:
--------------------------
BreakTime           : 0.31062795876048954
LocationConsistency : 0.0
OpponentVariety     : 0.8754111684107535
-----------------------------------
Total               : 1.186039127171243
Percentage          : 39.53%

Per-Objective Statistics (Team Distribution):
-----------------------------------------------------------------
Objective                 | Min      | Max      | Avg      | Range   
-----------------------------------------------------------------
BreakTime                 | 0.0004   | 0.9193   | 0.5394   | 0.9189  
LocationConsistency       | 0.0417   | 0.9500   | 0.2195   | 0.9083  
OpponentVariety           | 0.7527   | 1.0000   | 0.9953   | 0.2473  

Team fitnesses (sorted by total fitness descending):
----------------------------------------------------
Max     : 2.463287
Min     : 1.019778
Range   : 1.443508
Average : 1.754213

Team |BreakTime |LocationConsistency |OpponentVariety |Sum
------------------------------------------------------------
27   |0.5133    |0.9500              |1.0000          |2.4633
46   |0.9139    |0.3500              |1.0000          |2.2639
47   |0.8793    |0.3500              |1.0000          |2.2293
49   |0.8672    |0.3500              |1.0000          |2.2172
51   |0.9193    |0.2667              |1.0000          |2.1860
48   |0.8865    |0.2667              |1.0000          |2.1531
52   |0.8630    |0.2667              |1.0000          |2.1297
4    |0.5474    |0.5250              |1.0000          |2.0724
23   |0.6013    |0.3667              |1.0000          |1.9680
50   |0.9185    |0.0417              |1.0000          |1.9602
45   |0.8925    |0.0667              |1.0000          |1.9592
15   |0.5920    |0.3667              |1.0000          |1.9586
38   |0.6044    |0.3500              |1.0000          |1.9544
42   |0.6764    |0.2667              |1.0000          |1.9431
40   |0.6732    |0.2667              |1.0000          |1.9398
18   |0.5556    |0.3667              |1.0000          |1.9223
32   |0.5515    |0.3667              |1.0000          |1.9181
37   |0.6273    |0.2667              |1.0000          |1.8939
43   |0.6257    |0.2667              |1.0000          |1.8923
17   |0.5379    |0.3500              |1.0000          |1.8879
12   |0.6158    |0.2667              |1.0000          |1.8825
6    |0.6005    |0.2667              |1.0000          |1.8672
39   |0.5936    |0.2667              |1.0000          |1.8603
13   |0.5758    |0.2667              |1.0000          |1.8424
53   |0.7914    |0.0417              |1.0000          |1.8331
34   |0.5616    |0.2667              |1.0000          |1.8282
14   |0.5543    |0.2667              |1.0000          |1.8210
21   |0.5397    |0.2667              |1.0000          |1.8064
35   |0.5002    |0.2667              |1.0000          |1.7669
36   |0.6673    |0.0417              |1.0000          |1.7089
44   |0.6637    |0.0417              |1.0000          |1.7054
2    |0.6329    |0.0667              |1.0000          |1.6995
7    |0.6485    |0.0417              |1.0000          |1.6902
5    |0.6216    |0.0417              |1.0000          |1.6633
19   |0.0004    |0.6417              |1.0000          |1.6421
9    |0.5719    |0.0667              |1.0000          |1.6385
16   |0.5901    |0.0417              |1.0000          |1.6318
8    |0.5895    |0.0417              |1.0000          |1.6312
41   |0.5809    |0.0500              |1.0000          |1.6309
1    |0.5774    |0.0417              |1.0000          |1.6190
3    |0.5640    |0.0500              |1.0000          |1.6140
11   |0.5619    |0.0417              |1.0000          |1.6036
10   |0.5389    |0.0500              |1.0000          |1.5889
20   |0.5082    |0.0667              |1.0000          |1.5749
26   |0.4972    |0.0750              |1.0000          |1.5722
22   |0.0465    |0.3500              |1.0000          |1.3965
28   |0.0004    |0.2667              |1.0000          |1.2671
33   |0.0004    |0.2667              |1.0000          |1.2671
29   |0.0488    |0.0667              |1.0000          |1.1154
31   |0.0475    |0.0500              |1.0000          |1.0975
24   |0.0454    |0.0500              |1.0000          |1.0954
30   |0.0045    |0.0750              |1.0000          |1.0795
25   |0.0004    |0.2667              |0.7527          |1.0198

Team Events (sorted, for dev use, diff check with others to ensure truly different schedules created):
------------------------------------------------------------
0, 105, 154, 208, 261, 310
1, 104, 152, 175, 244, 294
2, 95, 146, 211, 277, 325
3, 101, 149, 205, 249, 293
4, 94, 156, 189, 242, 303
5, 98, 153, 187, 226, 287
6, 109, 163, 178, 224, 286
7, 99, 142, 183, 232, 300
8, 97, 145, 191, 243, 298
9, 118, 155, 212, 276, 319
10, 113, 164, 203, 253, 302
11, 119, 158, 182, 260, 321
12, 132, 162, 194, 262, 304
13, 123, 161, 195, 231, 284
14, 120, 160, 174, 223, 280
15, 121, 165, 190, 255, 316
16, 122, 150, 198, 268, 308
17, 125, 157, 192, 247, 309
18, 73, 138, 202, 220, 273
19, 59, 147, 204, 258, 301
20, 56, 151, 200, 250, 305
21, 70, 144, 214, 267, 307
22, 55, 159, 170, 215, 272
24, 78, 143, 196, 236, 275
25, 84, 126, 213, 228, 271
26, 60, 148, 218, 274, 317
27, 61, 90, 197, 234, 282
28, 89, 108, 221, 265, 278
29, 64, 96, 209, 259, 295
30, 77, 93, 206, 227, 270
31, 68, 91, 216, 257, 296
32, 54, 86, 179, 222, 289
33, 100, 111, 219, 269, 279
34, 57, 88, 172, 217, 283
35, 58, 92, 210, 254, 299
36, 67, 117, 177, 230, 292
37, 76, 110, 188, 237, 290
38, 63, 107, 207, 264, 311
39, 62, 116, 199, 252, 291
40, 65, 115, 186, 248, 313
41, 69, 106, 201, 240, 281
42, 66, 112, 184, 263, 323
43, 72, 114, 185, 245, 288
44, 74, 124, 167, 225, 285
45, 71, 127, 176, 246, 322
46, 83, 140, 171, 241, 315
47, 81, 141, 168, 233, 297
48, 87, 139, 166, 235, 306
49, 80, 137, 180, 256, 320
50, 82, 135, 169, 251, 318
51, 75, 133, 173, 239, 314
52, 79, 134, 181, 238, 312
53, 85, 136, 193, 266, 324
