FLL Scheduler GA Summary Report (ID: 2132111944256 | Hash: -851290399803900590)

Attributes:
--------------------
rank: 0
origin: (C | KPoint(k=2))
mutations: 0
clones: 0
_hash: -851290399803900590
Length: 318

Fitness:
--------------------------
BreakTime           : 0.31062795876048954
LocationConsistency : 0.0
OpponentVariety     : 0.8754111684107535
-----------------------------------
Total               : 1.186039127171243
Percentage          : 39.53%

Per-Objective Statistics (Team Distribution):
-----------------------------------------------------------------
Objective                 | Min      | Max      | Avg      | Range   
-----------------------------------------------------------------
BreakTime                 | 0.0004   | 0.9193   | 0.5394   | 0.9189  
LocationConsistency       | 0.0417   | 0.6417   | 0.2230   | 0.6000  
OpponentVariety           | 0.7527   | 1.0000   | 0.9953   | 0.2473  

Team fitnesses (sorted by total fitness descending):
----------------------------------------------------
Max     : 2.314821
Min     : 1.054450
Range   : 1.260371
Average : 1.757672

Team |BreakTime |LocationConsistency |OpponentVariety |Sum
------------------------------------------------------------
40   |0.6732    |0.6417              |1.0000          |2.3148
43   |0.6257    |0.6417              |1.0000          |2.2673
15   |0.6158    |0.6417              |1.0000          |2.2575
50   |0.8793    |0.3500              |1.0000          |2.2293
48   |0.8630    |0.3500              |1.0000          |2.2130
47   |0.9193    |0.2667              |1.0000          |2.1860
53   |0.9139    |0.2667              |1.0000          |2.1805
49   |0.8925    |0.2667              |1.0000          |2.1592
45   |0.8865    |0.2667              |1.0000          |2.1531
52   |0.7914    |0.2667              |1.0000          |2.0581
5    |0.6216    |0.3667              |1.0000          |1.9883
46   |0.9185    |0.0417              |1.0000          |1.9602
4    |0.5895    |0.3500              |1.0000          |1.9395
38   |0.6673    |0.2667              |1.0000          |1.9339
51   |0.8672    |0.0500              |1.0000          |1.9172
1    |0.6485    |0.2667              |1.0000          |1.9152
3    |0.6329    |0.2667              |1.0000          |1.8995
37   |0.6273    |0.2667              |1.0000          |1.8939
21   |0.5397    |0.3500              |1.0000          |1.8897
13   |0.5379    |0.3500              |1.0000          |1.8879
36   |0.6044    |0.2667              |1.0000          |1.8710
9    |0.6005    |0.2667              |1.0000          |1.8672
12   |0.5901    |0.2667              |1.0000          |1.8568
16   |0.5758    |0.2667              |1.0000          |1.8424
7    |0.5719    |0.2667              |1.0000          |1.8385
10   |0.5556    |0.2667              |1.0000          |1.8223
6    |0.5474    |0.2667              |1.0000          |1.8141
27   |0.5133    |0.2667              |1.0000          |1.7800
42   |0.6764    |0.0500              |1.0000          |1.7264
39   |0.6637    |0.0417              |1.0000          |1.7054
44   |0.5936    |0.0667              |1.0000          |1.6603
24   |0.6013    |0.0417              |1.0000          |1.6430
11   |0.5920    |0.0500              |1.0000          |1.6420
41   |0.5809    |0.0500              |1.0000          |1.6309
30   |0.5616    |0.0667              |1.0000          |1.6282
8    |0.5774    |0.0417              |1.0000          |1.6190
2    |0.5640    |0.0500              |1.0000          |1.6140
14   |0.5619    |0.0417              |1.0000          |1.6036
18   |0.5543    |0.0417              |1.0000          |1.5960
31   |0.5515    |0.0417              |1.0000          |1.5931
17   |0.5389    |0.0500              |1.0000          |1.5889
20   |0.5082    |0.0667              |1.0000          |1.5749
25   |0.4972    |0.0667              |1.0000          |1.5639
34   |0.5002    |0.0500              |1.0000          |1.5502
33   |0.0475    |0.3500              |1.0000          |1.3975
32   |0.0004    |0.3667              |1.0000          |1.3671
19   |0.0004    |0.3500              |1.0000          |1.3504
23   |0.0465    |0.2667              |1.0000          |1.3132
22   |0.0454    |0.2667              |1.0000          |1.3121
35   |0.0004    |0.2667              |1.0000          |1.2671
28   |0.0488    |0.0667              |1.0000          |1.1154
26   |0.0004    |0.3500              |0.7527          |1.1031
29   |0.0045    |0.0500              |1.0000          |1.0545

Team Events (sorted, for dev use, diff check with others to ensure truly different schedules created):
------------------------------------------------------------
0, 102, 161, 178, 224, 286
1, 100, 147, 208, 277, 325
2, 109, 154, 174, 239, 301
3, 96, 143, 183, 235, 295
4, 101, 157, 189, 243, 303
5, 95, 149, 205, 250, 292
6, 98, 145, 196, 242, 296
7, 108, 152, 211, 261, 310
8, 97, 155, 187, 228, 287
9, 119, 156, 195, 247, 309
10, 121, 163, 175, 223, 280
11, 120, 165, 197, 255, 316
12, 122, 151, 199, 263, 308
13, 115, 164, 202, 248, 302
14, 124, 158, 182, 260, 322
15, 127, 160, 192, 269, 305
16, 125, 153, 207, 276, 319
17, 123, 162, 193, 237, 284
18, 72, 139, 203, 214, 275
19, 58, 146, 204, 256, 294
20, 56, 150, 200, 253, 304
22, 84, 142, 191, 230, 273
23, 70, 144, 221, 264, 307
24, 54, 159, 169, 220, 274
25, 60, 148, 217, 272, 317
26, 78, 129, 206, 226, 270
27, 61, 90, 190, 232, 282
28, 67, 99, 210, 257, 300
29, 76, 86, 213, 229, 271
30, 57, 89, 166, 218, 283
31, 55, 93, 179, 222, 289
32, 94, 110, 216, 262, 279
33, 62, 91, 219, 258, 298
34, 59, 87, 209, 254, 297
35, 88, 103, 215, 266, 278
36, 68, 106, 212, 267, 311
37, 77, 111, 188, 231, 290
38, 64, 116, 177, 236, 293
39, 74, 118, 172, 225, 285
40, 66, 113, 186, 251, 313
41, 63, 107, 201, 240, 281
42, 65, 114, 184, 268, 320
43, 73, 112, 185, 238, 288
44, 69, 117, 198, 249, 291
45, 92, 138, 173, 233, 306
46, 81, 135, 170, 252, 318
47, 75, 126, 167, 244, 315
48, 85, 134, 181, 245, 312
49, 71, 128, 176, 246, 321
50, 83, 141, 171, 234, 299
51, 82, 136, 180, 259, 323
52, 79, 137, 194, 265, 324
53, 80, 140, 168, 241, 314
