FLL Scheduler GA Summary Report (ID: 2132118882896 | Hash: -3770199596766086749)

Attributes:
--------------------
rank: 0
origin: (C | TimeSlotCrossover)
mutations: 0
clones: 0
_hash: -3770199596766086749
Length: 318

Fitness:
--------------------------
BreakTime           : 0.31062795876048954
LocationConsistency : 0.0
OpponentVariety     : 0.8754111684107535
-----------------------------------
Total               : 1.186039127171243
Percentage          : 39.53%

Per-Objective Statistics (Team Distribution):
-----------------------------------------------------------------
Objective                 | Min      | Max      | Avg      | Range   
-----------------------------------------------------------------
BreakTime                 | 0.0004   | 0.9193   | 0.5394   | 0.9189  
LocationConsistency       | 0.0417   | 0.6417   | 0.2115   | 0.6000  
OpponentVariety           | 0.7527   | 1.0000   | 0.9953   | 0.2473  

Team fitnesses (sorted by total fitness descending):
----------------------------------------------------
Max     : 2.263256
Min     : 1.019778
Range   : 1.243478
Average : 1.746194

Team |BreakTime |LocationConsistency |OpponentVariety |Sum
------------------------------------------------------------
5    |0.6216    |0.6417              |1.0000          |2.2633
22   |0.6013    |0.6417              |1.0000          |2.2430
39   |0.5936    |0.6417              |1.0000          |2.2353
48   |0.8793    |0.3500              |1.0000          |2.2293
53   |0.8672    |0.2667              |1.0000          |2.1338
49   |0.8630    |0.2667              |1.0000          |2.1297
50   |0.7914    |0.2667              |1.0000          |2.0581
40   |0.6732    |0.3667              |1.0000          |2.0398
42   |0.6764    |0.3500              |1.0000          |2.0264
47   |0.9193    |0.0417              |1.0000          |1.9610
45   |0.9185    |0.0417              |1.0000          |1.9602
13   |0.5920    |0.3667              |1.0000          |1.9586
51   |0.9139    |0.0417              |1.0000          |1.9555
52   |0.8925    |0.0417              |1.0000          |1.9342
38   |0.6673    |0.2667              |1.0000          |1.9339
46   |0.8865    |0.0417              |1.0000          |1.9281
1    |0.6329    |0.2667              |1.0000          |1.8995
4    |0.5474    |0.3500              |1.0000          |1.8974
37   |0.6273    |0.2667              |1.0000          |1.8939
44   |0.6257    |0.2667              |1.0000          |1.8923
19   |0.5397    |0.3500              |1.0000          |1.8897
15   |0.6158    |0.2667              |1.0000          |1.8825
16   |0.5901    |0.2667              |1.0000          |1.8568
8    |0.5895    |0.2667              |1.0000          |1.8562
3    |0.5719    |0.2667              |1.0000          |1.8385
12   |0.5619    |0.2667              |1.0000          |1.8286
14   |0.5543    |0.2667              |1.0000          |1.8210
35   |0.5515    |0.2667              |1.0000          |1.8181
11   |0.5379    |0.2667              |1.0000          |1.8046
28   |0.5133    |0.2667              |1.0000          |1.7800
21   |0.5082    |0.2667              |1.0000          |1.7749
9    |0.6485    |0.0667              |1.0000          |1.7152
43   |0.6637    |0.0417              |1.0000          |1.7054
34   |0.5616    |0.1000              |1.0000          |1.6616
2    |0.6005    |0.0500              |1.0000          |1.6505
36   |0.6044    |0.0417              |1.0000          |1.6460
17   |0.5758    |0.0500              |1.0000          |1.6258
41   |0.5809    |0.0417              |1.0000          |1.6226
10   |0.5556    |0.0667              |1.0000          |1.6223
7    |0.5774    |0.0417              |1.0000          |1.6190
18   |0.5389    |0.0750              |1.0000          |1.6139
6    |0.5640    |0.0417              |1.0000          |1.6057
23   |0.4972    |0.0667              |1.0000          |1.5639
31   |0.5002    |0.0417              |1.0000          |1.5419
32   |0.0475    |0.3500              |1.0000          |1.3975
30   |0.0004    |0.3500              |1.0000          |1.3504
25   |0.0004    |0.2667              |1.0000          |1.2671
27   |0.0004    |0.2667              |1.0000          |1.2671
24   |0.0454    |0.0500              |1.0000          |1.0954
29   |0.0488    |0.0417              |1.0000          |1.0904
20   |0.0465    |0.0417              |1.0000          |1.0882
33   |0.0045    |0.0500              |1.0000          |1.0545
26   |0.0004    |0.2667              |0.7527          |1.0198

Team Events (sorted, for dev use, diff check with others to ensure truly different schedules created):
------------------------------------------------------------
0, 102, 152, 175, 238, 301
1, 96, 153, 186, 226, 287
2, 98, 145, 196, 243, 297
3, 94, 149, 205, 249, 293
4, 101, 151, 189, 242, 303
5, 100, 147, 210, 277, 318
6, 103, 154, 209, 260, 310
7, 97, 143, 182, 235, 295
8, 105, 161, 178, 224, 286
9, 118, 150, 195, 247, 309
10, 121, 157, 198, 269, 308
11, 112, 164, 203, 252, 302
12, 122, 162, 174, 223, 282
13, 120, 163, 192, 236, 279
14, 124, 159, 183, 261, 322
15, 123, 165, 197, 255, 316
16, 127, 160, 193, 262, 305
17, 125, 155, 212, 276, 324
18, 58, 156, 200, 250, 304
19, 70, 144, 215, 266, 307
20, 56, 146, 204, 256, 294
21, 55, 158, 167, 214, 274
22, 60, 148, 218, 272, 317
24, 84, 142, 191, 231, 273
25, 72, 138, 202, 221, 275
26, 78, 130, 213, 228, 270
27, 90, 104, 220, 264, 285
28, 61, 89, 190, 233, 280
29, 66, 99, 208, 257, 300
30, 95, 116, 219, 268, 284
31, 57, 87, 211, 254, 296
32, 62, 88, 216, 259, 299
33, 77, 86, 207, 227, 271
34, 59, 91, 169, 217, 281
35, 54, 93, 179, 222, 289
36, 68, 107, 206, 265, 311
37, 76, 117, 188, 230, 290
38, 65, 110, 177, 237, 292
39, 69, 111, 199, 253, 291
40, 67, 115, 187, 248, 313
41, 63, 106, 201, 240, 283
42, 64, 113, 184, 263, 320
43, 74, 119, 172, 225, 278
44, 73, 114, 185, 239, 288
45, 81, 135, 170, 251, 325
46, 92, 139, 173, 232, 306
47, 75, 126, 168, 245, 314
48, 83, 141, 171, 234, 298
49, 85, 134, 181, 244, 312
50, 79, 136, 194, 267, 319
51, 80, 140, 166, 241, 315
52, 71, 131, 176, 246, 321
53, 82, 137, 180, 258, 323
