FLL Scheduler GA Summary Report (ID: 2132126150528 | Hash: -1778278535652843173)

Attributes:
--------------------
rank: 0
origin: (C | KPoint(k=3))
mutations: 0
clones: 0
_hash: -1778278535652843173
Length: 318

Fitness:
--------------------------
BreakTime           : 0.31062795876048954
LocationConsistency : 0.0
OpponentVariety     : 0.8754111684107535
-----------------------------------
Total               : 1.186039127171243
Percentage          : 39.53%

Per-Objective Statistics (Team Distribution):
-----------------------------------------------------------------
Objective                 | Min      | Max      | Avg      | Range   
-----------------------------------------------------------------
BreakTime                 | 0.0004   | 0.9193   | 0.5394   | 0.9189  
LocationConsistency       | 0.0417   | 0.6417   | 0.2327   | 0.6000  
OpponentVariety           | 0.7527   | 1.0000   | 0.9953   | 0.2473  

Team fitnesses (sorted by total fitness descending):
----------------------------------------------------
Max     : 2.257461
Min     : 1.042085
Range   : 1.215376
Average : 1.767420

Team |BreakTime |LocationConsistency |OpponentVariety |Sum
------------------------------------------------------------
13   |0.6158    |0.6417              |1.0000          |2.2575
36   |0.6044    |0.6417              |1.0000          |2.2460
44   |0.6732    |0.5250              |1.0000          |2.1982
52   |0.9185    |0.2667              |1.0000          |2.1852
53   |0.9139    |0.2667              |1.0000          |2.1805
17   |0.5379    |0.6417              |1.0000          |2.1796
49   |0.8925    |0.2667              |1.0000          |2.1592
45   |0.8865    |0.2667              |1.0000          |2.1531
48   |0.8793    |0.2667              |1.0000          |2.1460
46   |0.7914    |0.2667              |1.0000          |2.0581
42   |0.6764    |0.3500              |1.0000          |2.0264
6    |0.6329    |0.3500              |1.0000          |1.9829
37   |0.6273    |0.3500              |1.0000          |1.9773
51   |0.9193    |0.0500              |1.0000          |1.9693
24   |0.6013    |0.3500              |1.0000          |1.9513
47   |0.8672    |0.0750              |1.0000          |1.9422
18   |0.5901    |0.3500              |1.0000          |1.9401
4    |0.5895    |0.3500              |1.0000          |1.9395
50   |0.8630    |0.0750              |1.0000          |1.9380
11   |0.5556    |0.3667              |1.0000          |1.9223
1    |0.6485    |0.2667              |1.0000          |1.9152
34   |0.5616    |0.3500              |1.0000          |1.9116
7    |0.5474    |0.3500              |1.0000          |1.8974
23   |0.5397    |0.3500              |1.0000          |1.8897
3    |0.6216    |0.2667              |1.0000          |1.8883
40   |0.5936    |0.2667              |1.0000          |1.8603
16   |0.5758    |0.2667              |1.0000          |1.8424
30   |0.5133    |0.2667              |1.0000          |1.7800
20   |0.5082    |0.2667              |1.0000          |1.7749
39   |0.6637    |0.0500              |1.0000          |1.7137
38   |0.6673    |0.0417              |1.0000          |1.7089
43   |0.6257    |0.0667              |1.0000          |1.6923
25   |0.0465    |0.6417              |1.0000          |1.6882
9    |0.6005    |0.0667              |1.0000          |1.6672
19   |0.0004    |0.6417              |1.0000          |1.6421
10   |0.5920    |0.0417              |1.0000          |1.6336
41   |0.5809    |0.0500              |1.0000          |1.6309
8    |0.5774    |0.0500              |1.0000          |1.6274
5    |0.5719    |0.0500              |1.0000          |1.6219
2    |0.5640    |0.0500              |1.0000          |1.6140
14   |0.5389    |0.0750              |1.0000          |1.6139
15   |0.5543    |0.0500              |1.0000          |1.6043
12   |0.5619    |0.0417              |1.0000          |1.6036
35   |0.5515    |0.0417              |1.0000          |1.5931
26   |0.4972    |0.0667              |1.0000          |1.5639
32   |0.5002    |0.0500              |1.0000          |1.5502
29   |0.0488    |0.2667              |1.0000          |1.3154
22   |0.0454    |0.0667              |1.0000          |1.1121
21   |0.0004    |0.3500              |0.7527          |1.1031
27   |0.0475    |0.0500              |1.0000          |1.0975
28   |0.0004    |0.0667              |1.0000          |1.0671
33   |0.0045    |0.0500              |1.0000          |1.0545
31   |0.0004    |0.0417              |1.0000          |1.0421

Team Events (sorted, for dev use, diff check with others to ensure truly different schedules created):
------------------------------------------------------------
0, 104, 161, 178, 224, 286
1, 100, 145, 208, 277, 325
2, 101, 156, 188, 241, 303
3, 97, 143, 183, 232, 295
4, 99, 146, 196, 240, 296
5, 109, 153, 175, 239, 301
6, 94, 149, 205, 250, 293
7, 108, 154, 211, 254, 310
8, 96, 152, 186, 228, 287
9, 121, 163, 174, 223, 282
10, 125, 157, 195, 247, 309
11, 113, 164, 203, 253, 302
12, 122, 158, 182, 255, 322
13, 123, 155, 207, 276, 319
14, 118, 162, 193, 231, 279
15, 132, 160, 192, 269, 305
16, 119, 150, 198, 263, 308
17, 120, 165, 197, 260, 316
18, 75, 138, 202, 221, 275
19, 58, 144, 204, 256, 294
20, 85, 130, 206, 226, 270
22, 78, 142, 191, 236, 273
23, 57, 151, 200, 249, 304
24, 54, 159, 170, 214, 274
25, 71, 147, 215, 264, 307
26, 60, 148, 218, 272, 317
27, 62, 91, 216, 258, 298
28, 95, 111, 219, 262, 284
29, 67, 98, 210, 257, 300
30, 61, 90, 190, 234, 280
31, 88, 105, 220, 266, 285
32, 59, 87, 209, 261, 297
33, 76, 86, 213, 229, 271
34, 56, 89, 173, 217, 281
35, 55, 93, 179, 222, 289
36, 68, 103, 212, 267, 311
37, 77, 110, 189, 237, 290
38, 64, 117, 177, 230, 292
39, 72, 124, 166, 225, 278
40, 69, 116, 199, 252, 291
41, 63, 102, 201, 243, 283
42, 65, 112, 184, 268, 320
43, 74, 114, 185, 238, 288
44, 66, 115, 187, 251, 315
45, 92, 139, 167, 235, 306
46, 84, 136, 194, 265, 324
47, 81, 137, 180, 259, 323
48, 80, 141, 168, 233, 299
49, 70, 131, 176, 246, 321
50, 79, 135, 181, 245, 314
51, 73, 133, 172, 244, 312
52, 82, 134, 169, 248, 318
53, 83, 140, 171, 242, 313
