FLL Scheduler GA Summary Report (ID: 2132126145600 | Hash: 3991883724614714732)

Attributes:
--------------------
rank: 0
origin: (C | KPoint(k=2))
mutations: 0
clones: 0
_hash: 3991883724614714732
Length: 318

Fitness:
--------------------------
BreakTime           : 0.31062795876048954
LocationConsistency : 0.0
OpponentVariety     : 0.8754111684107535
-----------------------------------
Total               : 1.186039127171243
Percentage          : 39.53%

Per-Objective Statistics (Team Distribution):
-----------------------------------------------------------------
Objective                 | Min      | Max      | Avg      | Range   
-----------------------------------------------------------------
BreakTime                 | 0.0004   | 0.9193   | 0.5394   | 0.9189  
LocationConsistency       | 0.0417   | 0.6417   | 0.2044   | 0.6000  
OpponentVariety           | 0.7527   | 1.0000   | 0.9953   | 0.2473  

Team fitnesses (sorted by total fitness descending):
----------------------------------------------------
Max     : 2.314821
Min     : 1.019778
Range   : 1.295043
Average : 1.739119

Team |BreakTime |LocationConsistency |OpponentVariety |Sum
------------------------------------------------------------
40   |0.6732    |0.6417              |1.0000          |2.3148
46   |0.9185    |0.2667              |1.0000          |2.1852
49   |0.9139    |0.2667              |1.0000          |2.1805
53   |0.8925    |0.2667              |1.0000          |2.1592
45   |0.8865    |0.2667              |1.0000          |2.1531
48   |0.8630    |0.2667              |1.0000          |2.1297
37   |0.6273    |0.3667              |1.0000          |1.9939
47   |0.9193    |0.0417              |1.0000          |1.9610
36   |0.6044    |0.3500              |1.0000          |1.9544
6    |0.5895    |0.3500              |1.0000          |1.9395
51   |0.8672    |0.0667              |1.0000          |1.9338
44   |0.6637    |0.2667              |1.0000          |1.9304
50   |0.8793    |0.0500              |1.0000          |1.9293
25   |0.5397    |0.3500              |1.0000          |1.8897
5    |0.6216    |0.2667              |1.0000          |1.8883
17   |0.6158    |0.2667              |1.0000          |1.8825
23   |0.6013    |0.2667              |1.0000          |1.8680
28   |0.5133    |0.3500              |1.0000          |1.8633
43   |0.5936    |0.2667              |1.0000          |1.8603
41   |0.5809    |0.2667              |1.0000          |1.8476
15   |0.5758    |0.2667              |1.0000          |1.8424
1    |0.5719    |0.2667              |1.0000          |1.8385
52   |0.7914    |0.0417              |1.0000          |1.8331
4    |0.5640    |0.2667              |1.0000          |1.8307
16   |0.5619    |0.2667              |1.0000          |1.8286
33   |0.5616    |0.2667              |1.0000          |1.8282
18   |0.5556    |0.2667              |1.0000          |1.8223
11   |0.5379    |0.2667              |1.0000          |1.8046
31   |0.5002    |0.2667              |1.0000          |1.7669
42   |0.6764    |0.0500              |1.0000          |1.7264
38   |0.6673    |0.0500              |1.0000          |1.7173
39   |0.6257    |0.0667              |1.0000          |1.6923
9    |0.6485    |0.0417              |1.0000          |1.6902
2    |0.6329    |0.0417              |1.0000          |1.6745
7    |0.6005    |0.0500              |1.0000          |1.6505
30   |0.0004    |0.6417              |1.0000          |1.6421
13   |0.5920    |0.0417              |1.0000          |1.6336
12   |0.5901    |0.0417              |1.0000          |1.6318
14   |0.5543    |0.0667              |1.0000          |1.6210
8    |0.5774    |0.0417              |1.0000          |1.6190
34   |0.5515    |0.0667              |1.0000          |1.6181
10   |0.5389    |0.0750              |1.0000          |1.6139
3    |0.5474    |0.0500              |1.0000          |1.5974
24   |0.5082    |0.0417              |1.0000          |1.5499
26   |0.4972    |0.0417              |1.0000          |1.5389
32   |0.0475    |0.3500              |1.0000          |1.3975
22   |0.0465    |0.3500              |1.0000          |1.3965
20   |0.0004    |0.3500              |1.0000          |1.3504
29   |0.0045    |0.2667              |1.0000          |1.2711
21   |0.0454    |0.0667              |1.0000          |1.1121
35   |0.0488    |0.0500              |1.0000          |1.0988
27   |0.0004    |0.0500              |1.0000          |1.0504
19   |0.0004    |0.2667              |0.7527          |1.0198

Team Events (sorted, for dev use, diff check with others to ensure truly different schedules created):
------------------------------------------------------------
0, 98, 145, 191, 240, 297
1, 102, 152, 175, 244, 301
2, 95, 149, 204, 249, 292
3, 100, 147, 211, 277, 318
4, 101, 151, 188, 241, 303
5, 97, 143, 183, 235, 295
6, 96, 153, 186, 226, 287
7, 103, 154, 208, 260, 310
8, 105, 163, 178, 224, 286
9, 118, 155, 212, 276, 324
10, 120, 157, 198, 263, 309
11, 123, 165, 190, 255, 316
12, 122, 160, 174, 223, 283
13, 121, 161, 195, 236, 279
14, 132, 162, 194, 269, 304
15, 112, 164, 202, 252, 302
16, 119, 158, 182, 261, 322
17, 124, 150, 192, 247, 308
18, 85, 129, 213, 228, 270
19, 75, 138, 203, 220, 275
20, 78, 142, 196, 231, 273
21, 70, 144, 214, 266, 306
23, 60, 159, 169, 215, 274
24, 59, 146, 205, 256, 294
25, 57, 156, 201, 250, 305
26, 55, 148, 218, 272, 317
27, 90, 104, 221, 265, 285
28, 54, 89, 197, 233, 281
29, 76, 86, 206, 227, 271
30, 94, 116, 219, 262, 284
31, 58, 87, 210, 254, 296
32, 68, 88, 216, 259, 299
33, 56, 91, 167, 217, 280
34, 61, 93, 179, 222, 289
35, 64, 99, 209, 257, 300
36, 63, 107, 207, 264, 311
37, 77, 117, 189, 230, 290
38, 67, 110, 177, 237, 293
39, 74, 114, 185, 245, 288
40, 65, 115, 187, 248, 313
41, 69, 106, 200, 243, 282
42, 66, 113, 184, 268, 320
43, 62, 111, 199, 253, 291
44, 73, 125, 172, 225, 278
45, 92, 139, 173, 232, 307
46, 82, 135, 170, 251, 325
47, 72, 133, 166, 239, 314
48, 79, 134, 181, 238, 312
49, 83, 140, 168, 242, 315
50, 80, 141, 171, 234, 298
51, 81, 137, 180, 258, 323
52, 84, 136, 193, 267, 319
53, 71, 128, 176, 246, 321
