FLL Scheduler GA Summary Report (ID: 2132111935632 | Hash: -394556158234652338)

Attributes:
--------------------
rank: 0
origin: (C | KPoint(k=3))
mutations: 1
clones: 0
_hash: -394556158234652338
Length: 318

Fitness:
--------------------------
BreakTime           : 0.31062795876048954
LocationConsistency : 0.0
OpponentVariety     : 0.8754111684107535
-----------------------------------
Total               : 1.186039127171243
Percentage          : 39.53%

Per-Objective Statistics (Team Distribution):
-----------------------------------------------------------------
Objective                 | Min      | Max      | Avg      | Range   
-----------------------------------------------------------------
BreakTime                 | 0.0004   | 0.9193   | 0.5394   | 0.9189  
LocationConsistency       | 0.0417   | 0.6417   | 0.1890   | 0.6000  
OpponentVariety           | 0.7527   | 1.0000   | 0.9953   | 0.2473  

Team fitnesses (sorted by total fitness descending):
----------------------------------------------------
Max     : 2.504678
Min     : 0.794778
Range   : 1.709899
Average : 1.723710

Team |BreakTime |LocationConsistency |OpponentVariety |Sum
------------------------------------------------------------
49   |0.8630    |0.6417              |1.0000          |2.5047
48   |0.8793    |0.3500              |1.0000          |2.2293
9    |0.5719    |0.6417              |1.0000          |2.2135
4    |0.5640    |0.6417              |1.0000          |2.2057
46   |0.9193    |0.2667              |1.0000          |2.1860
51   |0.9139    |0.2667              |1.0000          |2.1805
50   |0.8865    |0.2667              |1.0000          |2.1531
2    |0.6216    |0.5250              |1.0000          |2.1466
53   |0.8672    |0.2667              |1.0000          |2.1338
45   |0.7914    |0.2667              |1.0000          |2.0581
40   |0.6732    |0.3500              |1.0000          |2.0232
36   |0.6273    |0.3500              |1.0000          |1.9773
43   |0.5936    |0.3667              |1.0000          |1.9603
47   |0.9185    |0.0417              |1.0000          |1.9602
52   |0.8925    |0.0417              |1.0000          |1.9342
37   |0.6637    |0.2667              |1.0000          |1.9304
7    |0.6485    |0.2667              |1.0000          |1.9152
39   |0.6257    |0.2667              |1.0000          |1.8923
24   |0.5397    |0.3500              |1.0000          |1.8897
15   |0.6158    |0.2667              |1.0000          |1.8825
16   |0.5901    |0.2667              |1.0000          |1.8568
8    |0.5895    |0.2667              |1.0000          |1.8562
27   |0.5616    |0.2667              |1.0000          |1.8282
31   |0.5002    |0.2667              |1.0000          |1.7669
42   |0.6764    |0.0417              |1.0000          |1.7181
44   |0.6673    |0.0500              |1.0000          |1.7173
5    |0.6329    |0.0417              |1.0000          |1.6745
23   |0.6013    |0.0667              |1.0000          |1.6680
38   |0.6044    |0.0500              |1.0000          |1.6544
6    |0.6005    |0.0417              |1.0000          |1.6422
13   |0.5920    |0.0417              |1.0000          |1.6336
41   |0.5809    |0.0417              |1.0000          |1.6226
3    |0.5474    |0.0750              |1.0000          |1.6224
1    |0.5774    |0.0417              |1.0000          |1.6190
17   |0.5758    |0.0417              |1.0000          |1.6174
18   |0.5389    |0.0750              |1.0000          |1.6139
14   |0.5543    |0.0500              |1.0000          |1.6043
12   |0.5619    |0.0417              |1.0000          |1.6036
10   |0.5556    |0.0417              |1.0000          |1.5973
33   |0.5515    |0.0417              |1.0000          |1.5931
11   |0.5379    |0.0500              |1.0000          |1.5879
34   |0.5133    |0.0417              |1.0000          |1.5550
19   |0.5082    |0.0417              |1.0000          |1.5499
26   |0.4972    |0.0417              |1.0000          |1.5389
29   |0.0488    |0.3500              |1.0000          |1.3988
32   |0.0045    |0.3500              |1.0000          |1.3545
20   |0.0454    |0.2667              |1.0000          |1.3121
28   |0.0475    |0.0500              |1.0000          |1.0975
22   |0.0465    |0.0500              |1.0000          |1.0965
35   |0.0004    |0.0667              |1.0000          |1.0671
30   |0.0004    |0.0667              |1.0000          |1.0671
21   |0.0004    |0.0500              |1.0000          |1.0504
25   |0.0004    |0.0417              |0.7527          |0.7948

Team Events (sorted, for dev use, diff check with others to ensure truly different schedules created):
------------------------------------------------------------
0, 103, 154, 208, 260, 310
1, 95, 151, 183, 241, 303
2, 101, 149, 204, 249, 292
3, 94, 147, 211, 277, 318
4, 102, 152, 175, 244, 301
5, 99, 153, 184, 226, 287
6, 105, 160, 178, 224, 286
7, 98, 143, 189, 235, 295
8, 96, 145, 191, 240, 297
9, 124, 150, 192, 247, 309
10, 120, 157, 198, 268, 308
11, 112, 159, 202, 252, 302
12, 122, 163, 174, 223, 280
13, 121, 162, 195, 236, 284
14, 119, 165, 188, 261, 322
15, 123, 158, 190, 255, 316
16, 127, 161, 194, 262, 304
17, 118, 155, 212, 276, 324
18, 59, 146, 205, 256, 294
19, 84, 142, 196, 231, 273
20, 72, 138, 203, 220, 275
21, 77, 144, 214, 267, 307
23, 60, 164, 169, 215, 274
24, 57, 156, 201, 250, 305
25, 78, 130, 213, 228, 271
26, 55, 148, 218, 272, 317
27, 56, 89, 167, 217, 283
28, 69, 90, 216, 259, 299
29, 64, 97, 209, 257, 300
30, 100, 116, 219, 269, 279
31, 58, 87, 210, 254, 296
32, 71, 86, 206, 227, 270
33, 61, 92, 179, 222, 289
34, 54, 91, 197, 233, 282
35, 88, 104, 221, 265, 278
36, 70, 117, 182, 230, 290
37, 74, 125, 172, 225, 285
38, 62, 107, 207, 264, 311
39, 73, 114, 186, 245, 288
40, 65, 115, 185, 248, 313
41, 68, 106, 200, 243, 281
42, 66, 113, 187, 263, 320
43, 63, 111, 199, 253, 291
44, 67, 110, 177, 237, 293
45, 79, 136, 193, 266, 319
46, 75, 126, 166, 239, 314
47, 81, 135, 170, 251, 325
48, 83, 141, 171, 234, 298
49, 85, 134, 181, 238, 312
50, 93, 139, 173, 232, 306
51, 80, 140, 168, 242, 315
52, 76, 131, 176, 246, 321
53, 82, 137, 180, 258, 323
