FLL Scheduler GA Summary Report (ID: 2132111949184 | Hash: -6278369444662543904)

Attributes:
--------------------
rank: 0
origin: (C | KPoint(k=2))
mutations: 3
clones: 2
_hash: -6278369444662543904
Length: 318

Fitness:
--------------------------
BreakTime           : 0.31062795876048954
LocationConsistency : 0.0
OpponentVariety     : 0.8754111684107535
-----------------------------------
Total               : 1.186039127171243
Percentage          : 39.53%

Per-Objective Statistics (Team Distribution):
-----------------------------------------------------------------
Objective                 | Min      | Max      | Avg      | Range   
-----------------------------------------------------------------
BreakTime                 | 0.0004   | 0.9193   | 0.5394   | 0.9189  
LocationConsistency       | 0.0417   | 0.6417   | 0.2231   | 0.6000  
OpponentVariety           | 0.7527   | 1.0000   | 0.9953   | 0.2473  

Team fitnesses (sorted by total fitness descending):
----------------------------------------------------
Max     : 2.318059
Min     : 1.050419
Range   : 1.267640
Average : 1.757829

Team |BreakTime |LocationConsistency |OpponentVariety |Sum
------------------------------------------------------------
36   |0.6764    |0.6417              |1.0000          |2.3181
37   |0.6273    |0.6417              |1.0000          |2.2689
50   |0.8630    |0.3500              |1.0000          |2.2130
2    |0.5640    |0.6417              |1.0000          |2.2057
11   |0.5556    |0.6417              |1.0000          |2.1973
46   |0.9185    |0.2667              |1.0000          |2.1852
49   |0.8925    |0.2667              |1.0000          |2.1592
53   |0.8865    |0.2667              |1.0000          |2.1531
52   |0.7914    |0.3500              |1.0000          |2.1414
43   |0.6673    |0.3500              |1.0000          |2.0173
45   |0.9139    |0.0500              |1.0000          |1.9639
51   |0.9193    |0.0417              |1.0000          |1.9610
10   |0.5920    |0.3667              |1.0000          |1.9586
44   |0.5936    |0.3500              |1.0000          |1.9436
41   |0.6732    |0.2667              |1.0000          |1.9398
48   |0.8793    |0.0417              |1.0000          |1.9210
47   |0.8672    |0.0500              |1.0000          |1.9172
1    |0.6485    |0.2667              |1.0000          |1.9152
13   |0.5389    |0.3500              |1.0000          |1.8889
17   |0.5379    |0.3500              |1.0000          |1.8879
12   |0.5901    |0.2667              |1.0000          |1.8568
38   |0.5809    |0.2667              |1.0000          |1.8476
6    |0.5474    |0.2667              |1.0000          |1.8141
24   |0.5082    |0.2667              |1.0000          |1.7749
32   |0.5002    |0.2667              |1.0000          |1.7669
39   |0.6637    |0.0417              |1.0000          |1.7054
3    |0.6216    |0.0750              |1.0000          |1.6966
40   |0.6257    |0.0667              |1.0000          |1.6923
9    |0.6329    |0.0500              |1.0000          |1.6829
16   |0.6158    |0.0667              |1.0000          |1.6825
7    |0.6005    |0.0667              |1.0000          |1.6672
22   |0.6013    |0.0500              |1.0000          |1.6513
42   |0.6044    |0.0417              |1.0000          |1.6460
28   |0.0004    |0.6417              |1.0000          |1.6421
5    |0.5719    |0.0667              |1.0000          |1.6385
4    |0.5895    |0.0417              |1.0000          |1.6312
8    |0.5774    |0.0500              |1.0000          |1.6274
18   |0.5758    |0.0417              |1.0000          |1.6174
15   |0.5619    |0.0500              |1.0000          |1.6119
34   |0.5616    |0.0500              |1.0000          |1.6116
14   |0.5543    |0.0500              |1.0000          |1.6043
35   |0.5515    |0.0417              |1.0000          |1.5931
20   |0.5397    |0.0500              |1.0000          |1.5897
21   |0.0454    |0.5250              |1.0000          |1.5704
30   |0.5133    |0.0417              |1.0000          |1.5550
23   |0.4972    |0.0417              |1.0000          |1.5389
33   |0.0045    |0.5250              |1.0000          |1.5295
27   |0.0475    |0.2667              |1.0000          |1.3141
26   |0.0465    |0.2667              |1.0000          |1.3132
19   |0.0004    |0.2667              |1.0000          |1.2671
29   |0.0488    |0.0667              |1.0000          |1.1154
25   |0.0004    |0.3500              |0.7527          |1.1031
31   |0.0004    |0.0500              |1.0000          |1.0504

Team Events (sorted, for dev use, diff check with others to ensure truly different schedules created):
------------------------------------------------------------
0, 109, 161, 177, 224, 292
1, 101, 144, 208, 277, 319
2, 100, 156, 183, 241, 303
3, 97, 149, 188, 232, 295
4, 98, 146, 191, 240, 297
5, 94, 143, 205, 250, 287
6, 96, 152, 185, 228, 293
7, 103, 154, 211, 254, 310
8, 102, 153, 180, 244, 301
9, 123, 163, 181, 223, 283
10, 124, 157, 192, 252, 309
11, 122, 165, 190, 261, 316
12, 119, 155, 207, 276, 324
13, 120, 162, 195, 231, 279
14, 114, 164, 203, 246, 302
15, 118, 158, 189, 255, 322
16, 121, 150, 198, 262, 308
17, 132, 160, 194, 269, 305
19, 72, 138, 202, 220, 275
20, 59, 151, 201, 249, 304
21, 84, 148, 196, 236, 273
22, 61, 159, 170, 214, 274
23, 55, 142, 219, 272, 317
24, 56, 145, 204, 256, 294
25, 78, 129, 206, 226, 270
26, 76, 147, 215, 264, 307
27, 63, 90, 217, 258, 299
28, 95, 116, 218, 263, 284
29, 67, 99, 210, 257, 300
30, 54, 91, 197, 234, 281
31, 88, 108, 221, 266, 285
32, 57, 86, 209, 260, 296
33, 71, 87, 213, 229, 271
34, 58, 89, 173, 216, 280
35, 60, 93, 176, 222, 290
36, 64, 115, 187, 268, 320
37, 70, 117, 182, 237, 289
38, 62, 104, 200, 243, 282
39, 75, 125, 167, 225, 278
40, 73, 113, 186, 245, 291
41, 66, 112, 184, 251, 313
42, 69, 105, 212, 267, 311
43, 65, 110, 178, 230, 286
44, 68, 111, 199, 247, 288
45, 80, 140, 171, 242, 314
46, 81, 135, 169, 248, 325
47, 82, 136, 175, 259, 323
48, 83, 141, 168, 233, 298
49, 77, 128, 179, 253, 321
50, 85, 134, 174, 238, 312
51, 74, 133, 172, 239, 315
52, 79, 137, 193, 265, 318
53, 92, 139, 166, 235, 306
