FLL Scheduler GA Summary Report (ID: 2132111935744 | Hash: -6860012133828530862)

Attributes:
--------------------
rank: 0
origin: (C | KPoint(k=3))
mutations: 1
clones: 1
_hash: -6860012133828530862
Length: 318

Fitness:
--------------------------
BreakTime           : 0.31062795876048954
LocationConsistency : 0.0
OpponentVariety     : 0.8754111684107535
-----------------------------------
Total               : 1.186039127171243
Percentage          : 39.53%

Per-Objective Statistics (Team Distribution):
-----------------------------------------------------------------
Objective                 | Min      | Max      | Avg      | Range   
-----------------------------------------------------------------
BreakTime                 | 0.0004   | 0.9193   | 0.5394   | 0.9189  
LocationConsistency       | 0.0417   | 0.9500   | 0.1987   | 0.9083  
OpponentVariety           | 0.7527   | 1.0000   | 0.9953   | 0.2473  

Team fitnesses (sorted by total fitness descending):
----------------------------------------------------
Max     : 2.554359
Min     : 0.803112
Range   : 1.751248
Average : 1.733458

Team |BreakTime |LocationConsistency |OpponentVariety |Sum
------------------------------------------------------------
38   |0.6044    |0.9500              |1.0000          |2.5544
37   |0.6732    |0.6417              |1.0000          |2.3148
10   |0.6158    |0.6417              |1.0000          |2.2575
47   |0.9185    |0.2667              |1.0000          |2.1852
51   |0.9139    |0.2667              |1.0000          |2.1805
52   |0.8925    |0.2667              |1.0000          |2.1592
50   |0.8865    |0.2667              |1.0000          |2.1531
48   |0.8793    |0.2667              |1.0000          |2.1460
49   |0.8630    |0.2667              |1.0000          |2.1297
44   |0.6257    |0.3667              |1.0000          |1.9923
46   |0.9193    |0.0417              |1.0000          |1.9610
43   |0.6673    |0.2667              |1.0000          |1.9339
53   |0.8672    |0.0667              |1.0000          |1.9338
41   |0.5809    |0.3500              |1.0000          |1.9309
9    |0.6485    |0.2667              |1.0000          |1.9152
3    |0.6329    |0.2667              |1.0000          |1.8995
5    |0.6216    |0.2667              |1.0000          |1.8883
13   |0.5920    |0.2667              |1.0000          |1.8586
12   |0.5901    |0.2667              |1.0000          |1.8568
11   |0.5758    |0.2667              |1.0000          |1.8424
45   |0.7914    |0.0500              |1.0000          |1.8414
4    |0.5640    |0.2667              |1.0000          |1.8307
35   |0.5616    |0.2667              |1.0000          |1.8282
21   |0.5397    |0.2667              |1.0000          |1.8064
20   |0.5082    |0.2667              |1.0000          |1.7749
40   |0.6764    |0.0750              |1.0000          |1.7514
42   |0.6637    |0.0417              |1.0000          |1.7054
39   |0.6273    |0.0750              |1.0000          |1.7023
24   |0.6013    |0.0750              |1.0000          |1.6763
29   |0.0045    |0.6417              |1.0000          |1.6461
36   |0.5936    |0.0500              |1.0000          |1.6436
1    |0.6005    |0.0417              |1.0000          |1.6422
2    |0.5895    |0.0417              |1.0000          |1.6312
8    |0.5774    |0.0417              |1.0000          |1.6190
27   |0.5515    |0.0667              |1.0000          |1.6181
7    |0.5719    |0.0417              |1.0000          |1.6135
14   |0.5543    |0.0500              |1.0000          |1.6043
17   |0.5619    |0.0417              |1.0000          |1.6036
16   |0.5556    |0.0417              |1.0000          |1.5973
6    |0.5474    |0.0417              |1.0000          |1.5891
18   |0.5389    |0.0500              |1.0000          |1.5889
15   |0.5379    |0.0500              |1.0000          |1.5879
31   |0.5133    |0.0417              |1.0000          |1.5550
30   |0.5002    |0.0500              |1.0000          |1.5502
26   |0.4972    |0.0500              |1.0000          |1.5472
32   |0.0488    |0.2667              |1.0000          |1.3154
22   |0.0465    |0.2667              |1.0000          |1.3132
19   |0.0004    |0.2667              |1.0000          |1.2671
33   |0.0004    |0.2667              |1.0000          |1.2671
23   |0.0454    |0.0750              |1.0000          |1.1204
34   |0.0475    |0.0417              |1.0000          |1.0891
28   |0.0004    |0.0500              |1.0000          |1.0504
25   |0.0004    |0.0500              |0.7527          |0.8031

Team Events (sorted, for dev use, diff check with others to ensure truly different schedules created):
------------------------------------------------------------
0, 96, 153, 187, 226, 286
1, 97, 143, 182, 232, 300
2, 102, 152, 175, 244, 294
3, 100, 147, 211, 277, 318
4, 101, 151, 188, 241, 303
5, 95, 149, 198, 249, 292
6, 98, 145, 191, 240, 299
7, 103, 154, 209, 260, 310
8, 105, 160, 178, 224, 287
9, 119, 165, 183, 261, 322
10, 132, 161, 194, 269, 305
11, 123, 158, 190, 255, 316
12, 122, 163, 174, 223, 283
13, 121, 162, 195, 231, 279
14, 120, 157, 204, 263, 308
15, 124, 150, 192, 247, 309
16, 115, 159, 200, 252, 302
17, 118, 155, 213, 276, 324
18, 72, 138, 201, 220, 272
19, 56, 146, 199, 256, 301
20, 58, 156, 203, 250, 304
21, 77, 144, 214, 264, 307
22, 78, 142, 196, 236, 275
23, 60, 164, 169, 215, 273
24, 85, 129, 212, 228, 270
25, 55, 148, 218, 274, 317
27, 61, 93, 179, 222, 289
28, 89, 104, 221, 266, 285
29, 71, 86, 206, 227, 271
30, 57, 87, 210, 254, 298
31, 54, 91, 197, 234, 281
32, 64, 99, 208, 257, 295
33, 94, 111, 219, 262, 284
34, 68, 90, 216, 259, 297
35, 59, 88, 167, 217, 280
36, 62, 116, 205, 253, 290
37, 65, 112, 186, 248, 313
38, 63, 107, 207, 267, 311
39, 70, 110, 189, 237, 291
40, 66, 114, 184, 268, 320
41, 69, 106, 202, 243, 282
42, 74, 125, 172, 225, 278
43, 67, 117, 177, 230, 293
44, 73, 113, 185, 245, 288
45, 84, 136, 193, 265, 319
46, 75, 133, 166, 239, 314
47, 82, 135, 170, 251, 325
48, 80, 141, 171, 233, 296
49, 79, 134, 181, 238, 312
50, 92, 139, 173, 235, 306
51, 83, 140, 168, 242, 315
52, 76, 128, 176, 246, 321
53, 81, 137, 180, 258, 323
