FLL Scheduler GA Summary Report (ID: 2132111942912 | Hash: 4597747835243772972)

Attributes:
--------------------
rank: 0
origin: (C | RoundTypeCrossover)
mutations: 0
clones: 0
_hash: 4597747835243772972
Length: 318

Fitness:
--------------------------
BreakTime           : 0.31062795876048954
LocationConsistency : 0.0
OpponentVariety     : 0.8754111684107535
-----------------------------------
Total               : 1.186039127171243
Percentage          : 39.53%

Per-Objective Statistics (Team Distribution):
-----------------------------------------------------------------
Objective                 | Min      | Max      | Avg      | Range   
-----------------------------------------------------------------
BreakTime                 | 0.0004   | 0.9193   | 0.5394   | 0.9189  
LocationConsistency       | 0.0417   | 0.6417   | 0.2035   | 0.6000  
OpponentVariety           | 0.7527   | 1.0000   | 0.9953   | 0.2473  

Team fitnesses (sorted by total fitness descending):
----------------------------------------------------
Max     : 2.269312
Min     : 1.019778
Range   : 1.249534
Average : 1.738175

Team |BreakTime |LocationConsistency |OpponentVariety |Sum
------------------------------------------------------------
47   |0.9193    |0.3500              |1.0000          |2.2693
41   |0.6257    |0.6417              |1.0000          |2.2673
11   |0.6158    |0.6417              |1.0000          |2.2575
50   |0.8793    |0.3500              |1.0000          |2.2293
12   |0.5619    |0.6417              |1.0000          |2.2036
42   |0.6732    |0.5250              |1.0000          |2.1982
49   |0.9139    |0.2667              |1.0000          |2.1805
51   |0.8672    |0.2667              |1.0000          |2.1338
43   |0.6673    |0.3500              |1.0000          |2.0173
9    |0.6005    |0.3667              |1.0000          |1.9672
46   |0.9185    |0.0417              |1.0000          |1.9602
53   |0.8925    |0.0417              |1.0000          |1.9342
37   |0.6637    |0.2667              |1.0000          |1.9304
48   |0.8630    |0.0667              |1.0000          |1.9297
45   |0.8865    |0.0417              |1.0000          |1.9281
38   |0.6044    |0.2667              |1.0000          |1.8710
1    |0.5895    |0.2667              |1.0000          |1.8562
40   |0.5809    |0.2667              |1.0000          |1.8476
3    |0.5774    |0.2667              |1.0000          |1.8440
17   |0.5758    |0.2667              |1.0000          |1.8424
7    |0.5719    |0.2667              |1.0000          |1.8385
52   |0.7914    |0.0417              |1.0000          |1.8331
4    |0.5640    |0.2667              |1.0000          |1.8307
27   |0.5616    |0.2667              |1.0000          |1.8282
19   |0.5082    |0.2667              |1.0000          |1.7749
31   |0.5002    |0.2667              |1.0000          |1.7669
39   |0.6764    |0.0667              |1.0000          |1.7431
5    |0.6216    |0.0750              |1.0000          |1.6966
2    |0.6485    |0.0417              |1.0000          |1.6902
8    |0.6329    |0.0500              |1.0000          |1.6829
36   |0.6273    |0.0500              |1.0000          |1.6773
23   |0.6013    |0.0417              |1.0000          |1.6430
21   |0.0004    |0.6417              |1.0000          |1.6421
18   |0.5901    |0.0500              |1.0000          |1.6401
44   |0.5936    |0.0417              |1.0000          |1.6353
13   |0.5920    |0.0417              |1.0000          |1.6336
33   |0.5515    |0.0667              |1.0000          |1.6181
15   |0.5389    |0.0750              |1.0000          |1.6139
6    |0.5474    |0.0500              |1.0000          |1.5974
10   |0.5556    |0.0417              |1.0000          |1.5973
14   |0.5543    |0.0417              |1.0000          |1.5960
25   |0.5397    |0.0500              |1.0000          |1.5897
16   |0.5379    |0.0500              |1.0000          |1.5879
34   |0.5133    |0.0417              |1.0000          |1.5550
26   |0.4972    |0.0417              |1.0000          |1.5389
28   |0.0475    |0.3500              |1.0000          |1.3975
32   |0.0045    |0.3500              |1.0000          |1.3545
29   |0.0488    |0.2667              |1.0000          |1.3154
22   |0.0454    |0.2667              |1.0000          |1.3121
20   |0.0465    |0.0500              |1.0000          |1.0965
35   |0.0004    |0.0667              |1.0000          |1.0671
30   |0.0004    |0.0417              |1.0000          |1.0421
24   |0.0004    |0.2667              |0.7527          |1.0198

Team Events (sorted, for dev use, diff check with others to ensure truly different schedules created):
------------------------------------------------------------
0, 97, 143, 189, 235, 295
1, 105, 163, 178, 224, 286
2, 103, 154, 209, 255, 310
3, 100, 147, 211, 277, 318
4, 101, 157, 183, 242, 303
5, 94, 149, 204, 249, 292
6, 98, 145, 191, 243, 297
7, 102, 153, 175, 245, 301
8, 96, 152, 184, 226, 287
9, 118, 156, 192, 247, 309
10, 124, 158, 188, 254, 322
11, 115, 164, 203, 252, 302
12, 122, 160, 174, 223, 283
13, 120, 161, 195, 236, 279
14, 125, 155, 212, 276, 324
15, 121, 151, 198, 268, 308
16, 127, 162, 194, 262, 305
17, 123, 165, 190, 260, 316
18, 59, 146, 205, 259, 294
19, 70, 144, 220, 267, 307
20, 75, 138, 202, 214, 275
21, 79, 142, 196, 231, 273
23, 60, 159, 169, 221, 274
24, 84, 130, 213, 228, 270
25, 57, 150, 200, 250, 304
26, 55, 148, 217, 272, 317
27, 56, 89, 167, 218, 281
28, 69, 91, 219, 256, 299
29, 64, 99, 208, 258, 300
30, 95, 110, 216, 269, 284
31, 58, 86, 210, 261, 296
32, 76, 87, 207, 227, 271
33, 61, 93, 179, 222, 289
34, 54, 90, 197, 233, 280
35, 88, 104, 215, 265, 285
36, 77, 111, 182, 230, 290
37, 73, 119, 172, 225, 278
38, 63, 107, 206, 264, 311
39, 66, 114, 187, 263, 320
40, 68, 106, 201, 240, 282
41, 74, 112, 186, 244, 288
42, 65, 113, 185, 248, 313
43, 67, 117, 177, 237, 293
44, 62, 116, 199, 253, 291
45, 92, 139, 173, 232, 306
46, 80, 135, 170, 251, 325
47, 72, 126, 166, 238, 314
48, 78, 134, 181, 239, 312
49, 81, 140, 168, 241, 315
50, 83, 141, 171, 234, 298
51, 82, 137, 180, 257, 323
52, 85, 136, 193, 266, 319
53, 71, 131, 176, 246, 321
