FLL Scheduler GA Summary Report (ID: 2132126140784 | Hash: 1426124723029196815)

Attributes:
--------------------
rank: 0
origin: (C | TimeSlotCrossover)
mutations: 0
clones: 0
_hash: 1426124723029196815
Length: 318

Fitness:
--------------------------
BreakTime           : 0.31062795876048954
LocationConsistency : 0.0
OpponentVariety     : 0.8754111684107535
-----------------------------------
Total               : 1.186039127171243
Percentage          : 39.53%

Per-Objective Statistics (Team Distribution):
-----------------------------------------------------------------
Objective                 | Min      | Max      | Avg      | Range   
-----------------------------------------------------------------
BreakTime                 | 0.0004   | 0.9193   | 0.5394   | 0.9189  
LocationConsistency       | 0.0417   | 0.9500   | 0.2437   | 0.9083  
OpponentVariety           | 0.7527   | 1.0000   | 0.9953   | 0.2473  

Team fitnesses (sorted by total fitness descending):
----------------------------------------------------
Max     : 2.741434
Min     : 1.042085
Range   : 1.699348
Average : 1.778427

Team |BreakTime |LocationConsistency |OpponentVariety |Sum
------------------------------------------------------------
46   |0.7914    |0.9500              |1.0000          |2.7414
30   |0.5133    |0.9500              |1.0000          |2.4633
51   |0.9193    |0.3500              |1.0000          |2.2693
38   |0.6273    |0.6417              |1.0000          |2.2689
53   |0.9139    |0.3500              |1.0000          |2.2639
37   |0.6044    |0.6417              |1.0000          |2.2460
45   |0.8865    |0.2667              |1.0000          |2.1531
48   |0.8793    |0.2667              |1.0000          |2.1460
47   |0.8672    |0.2667              |1.0000          |2.1338
40   |0.6732    |0.3500              |1.0000          |2.0232
3    |0.6329    |0.3500              |1.0000          |1.9829
52   |0.9185    |0.0500              |1.0000          |1.9685
13   |0.6158    |0.3500              |1.0000          |1.9658
25   |0.6013    |0.3500              |1.0000          |1.9513
43   |0.5936    |0.3500              |1.0000          |1.9436
7    |0.5719    |0.3667              |1.0000          |1.9385
49   |0.8925    |0.0417              |1.0000          |1.9342
36   |0.6673    |0.2667              |1.0000          |1.9339
41   |0.6637    |0.2667              |1.0000          |1.9304
1    |0.6485    |0.2667              |1.0000          |1.9152
2    |0.5640    |0.3500              |1.0000          |1.9140
50   |0.8630    |0.0500              |1.0000          |1.9130
5    |0.6216    |0.2667              |1.0000          |1.8883
10   |0.5920    |0.2667              |1.0000          |1.8586
12   |0.5901    |0.2667              |1.0000          |1.8568
34   |0.5616    |0.2667              |1.0000          |1.8282
11   |0.5556    |0.2667              |1.0000          |1.8223
15   |0.5543    |0.2667              |1.0000          |1.8210
16   |0.5379    |0.2667              |1.0000          |1.8046
22   |0.5082    |0.2667              |1.0000          |1.7749
42   |0.6764    |0.0417              |1.0000          |1.7181
39   |0.6257    |0.0750              |1.0000          |1.7007
9    |0.6005    |0.0417              |1.0000          |1.6422
19   |0.0004    |0.6417              |1.0000          |1.6421
4    |0.5895    |0.0500              |1.0000          |1.6395
44   |0.5809    |0.0500              |1.0000          |1.6309
8    |0.5774    |0.0417              |1.0000          |1.6190
18   |0.5758    |0.0417              |1.0000          |1.6174
24   |0.5397    |0.0750              |1.0000          |1.6147
6    |0.5474    |0.0667              |1.0000          |1.6141
17   |0.5619    |0.0500              |1.0000          |1.6119
35   |0.5515    |0.0417              |1.0000          |1.5931
14   |0.5389    |0.0500              |1.0000          |1.5889
32   |0.5002    |0.0500              |1.0000          |1.5502
26   |0.4972    |0.0417              |1.0000          |1.5389
27   |0.0475    |0.2667              |1.0000          |1.3141
20   |0.0465    |0.2667              |1.0000          |1.3132
28   |0.0004    |0.2667              |1.0000          |1.2671
23   |0.0004    |0.3500              |0.7527          |1.1031
21   |0.0454    |0.0500              |1.0000          |1.0954
29   |0.0488    |0.0417              |1.0000          |1.0904
33   |0.0045    |0.0500              |1.0000          |1.0545
31   |0.0004    |0.0417              |1.0000          |1.0421

Team Events (sorted, for dev use, diff check with others to ensure truly different schedules created):
------------------------------------------------------------
0, 104, 161, 178, 224, 286
1, 101, 145, 208, 277, 325
2, 109, 152, 175, 239, 301
3, 97, 148, 183, 232, 295
4, 100, 157, 189, 243, 303
5, 94, 142, 205, 251, 292
6, 98, 146, 191, 242, 296
7, 108, 154, 211, 255, 310
8, 96, 153, 187, 228, 287
9, 120, 163, 174, 223, 280
10, 119, 156, 192, 252, 309
11, 121, 165, 190, 261, 316
12, 124, 158, 182, 254, 321
13, 125, 155, 207, 276, 319
14, 123, 162, 195, 231, 284
15, 122, 150, 198, 263, 308
16, 113, 164, 203, 246, 302
17, 132, 160, 194, 269, 305
18, 75, 138, 202, 221, 275
19, 70, 147, 215, 264, 307
20, 78, 149, 196, 236, 273
21, 59, 144, 204, 256, 294
22, 85, 130, 206, 226, 270
23, 57, 151, 200, 248, 304
24, 54, 159, 170, 214, 274
25, 60, 143, 218, 272, 317
27, 69, 91, 216, 259, 298
28, 95, 117, 219, 262, 279
29, 64, 99, 210, 257, 300
30, 61, 90, 197, 234, 282
31, 88, 105, 220, 266, 278
32, 58, 87, 209, 260, 297
33, 76, 86, 213, 229, 271
34, 56, 89, 173, 217, 283
35, 55, 93, 179, 222, 289
36, 67, 110, 177, 230, 293
37, 63, 107, 212, 267, 311
38, 77, 116, 188, 237, 290
39, 74, 114, 184, 238, 288
40, 65, 115, 186, 250, 315
41, 73, 118, 167, 225, 285
42, 66, 112, 185, 268, 323
43, 62, 111, 199, 247, 291
44, 68, 106, 201, 240, 281
45, 92, 139, 166, 235, 306
46, 84, 137, 193, 265, 324
47, 81, 136, 180, 258, 320
48, 80, 140, 168, 233, 299
49, 71, 131, 176, 253, 322
50, 79, 134, 181, 245, 314
51, 72, 133, 172, 244, 312
52, 82, 135, 169, 249, 318
53, 83, 141, 171, 241, 313
