FLL Scheduler GA Summary Report (ID: 2132118883232 | Hash: 119874699131526106)

Attributes:
--------------------
rank: 0
origin: (C | KPoint(k=2))
mutations: 1
clones: 0
_hash: 119874699131526106
Length: 318

Fitness:
--------------------------
BreakTime           : 0.31062795876048954
LocationConsistency : 0.0
OpponentVariety     : 0.8754111684107535
-----------------------------------
Total               : 1.186039127171243
Percentage          : 39.53%

Per-Objective Statistics (Team Distribution):
-----------------------------------------------------------------
Objective                 | Min      | Max      | Avg      | Range   
-----------------------------------------------------------------
BreakTime                 | 0.0004   | 0.9193   | 0.5394   | 0.9189  
LocationConsistency       | 0.0417   | 0.6417   | 0.2110   | 0.6000  
OpponentVariety           | 0.7527   | 1.0000   | 0.9953   | 0.2473  

Team fitnesses (sorted by total fitness descending):
----------------------------------------------------
Max     : 2.388011
Min     : 1.050419
Range   : 1.337593
Average : 1.745722

Team |BreakTime |LocationConsistency |OpponentVariety |Sum
------------------------------------------------------------
48   |0.8630    |0.5250              |1.0000          |2.3880
47   |0.9193    |0.3500              |1.0000          |2.2693
39   |0.6257    |0.6417              |1.0000          |2.2673
53   |0.9139    |0.3500              |1.0000          |2.2639
52   |0.9185    |0.2667              |1.0000          |2.1852
49   |0.8925    |0.2667              |1.0000          |2.1592
45   |0.8865    |0.2667              |1.0000          |2.1531
46   |0.7914    |0.2667              |1.0000          |2.0581
41   |0.6732    |0.3500              |1.0000          |2.0232
43   |0.6673    |0.3500              |1.0000          |2.0173
5    |0.6329    |0.3500              |1.0000          |1.9829
1    |0.6216    |0.3500              |1.0000          |1.9716
42   |0.6044    |0.3500              |1.0000          |1.9544
25   |0.6013    |0.3500              |1.0000          |1.9513
6    |0.6005    |0.3500              |1.0000          |1.9505
38   |0.6764    |0.2667              |1.0000          |1.9431
9    |0.5719    |0.3667              |1.0000          |1.9385
50   |0.8793    |0.0500              |1.0000          |1.9293
51   |0.8672    |0.0500              |1.0000          |1.9172
3    |0.6485    |0.2667              |1.0000          |1.9152
13   |0.6158    |0.2667              |1.0000          |1.8825
44   |0.5936    |0.2667              |1.0000          |1.8603
18   |0.5920    |0.2667              |1.0000          |1.8586
4    |0.5640    |0.2667              |1.0000          |1.8307
32   |0.5616    |0.2667              |1.0000          |1.8282
12   |0.5389    |0.2667              |1.0000          |1.8056
33   |0.5133    |0.2667              |1.0000          |1.7800
19   |0.5082    |0.2667              |1.0000          |1.7749
27   |0.5002    |0.2667              |1.0000          |1.7669
37   |0.6637    |0.0417              |1.0000          |1.7054
40   |0.6273    |0.0500              |1.0000          |1.6773
11   |0.5901    |0.0500              |1.0000          |1.6401
8    |0.5895    |0.0500              |1.0000          |1.6395
36   |0.5809    |0.0500              |1.0000          |1.6309
17   |0.5556    |0.0667              |1.0000          |1.6223
7    |0.5774    |0.0417              |1.0000          |1.6190
10   |0.5758    |0.0417              |1.0000          |1.6174
14   |0.5543    |0.0500              |1.0000          |1.6043
16   |0.5619    |0.0417              |1.0000          |1.6036
31   |0.5515    |0.0417              |1.0000          |1.5931
20   |0.5397    |0.0500              |1.0000          |1.5897
2    |0.5474    |0.0417              |1.0000          |1.5891
15   |0.5379    |0.0500              |1.0000          |1.5879
26   |0.4972    |0.0500              |1.0000          |1.5472
21   |0.0465    |0.3500              |1.0000          |1.3965
22   |0.0004    |0.6417              |0.7527          |1.3948
35   |0.0045    |0.3500              |1.0000          |1.3545
34   |0.0488    |0.0667              |1.0000          |1.1154
23   |0.0454    |0.0667              |1.0000          |1.1121
29   |0.0475    |0.0417              |1.0000          |1.0891
28   |0.0004    |0.0667              |1.0000          |1.0671
24   |0.0004    |0.0500              |1.0000          |1.0504
30   |0.0004    |0.0500              |1.0000          |1.0504

Team Events (sorted, for dev use, diff check with others to ensure truly different schedules created):
------------------------------------------------------------
0, 94, 156, 188, 241, 308
1, 100, 149, 198, 250, 287
2, 103, 161, 177, 224, 293
3, 95, 146, 211, 271, 325
4, 109, 152, 180, 244, 301
5, 98, 153, 186, 228, 292
6, 108, 154, 208, 261, 310
7, 99, 142, 183, 232, 295
8, 97, 145, 197, 240, 297
9, 127, 160, 193, 269, 306
10, 123, 165, 196, 255, 316
11, 118, 155, 212, 270, 319
12, 119, 158, 182, 260, 321
13, 121, 162, 192, 231, 279
14, 120, 150, 204, 263, 303
15, 113, 164, 200, 246, 309
16, 125, 157, 194, 252, 302
17, 122, 163, 181, 223, 283
18, 57, 147, 199, 259, 294
19, 58, 151, 203, 249, 307
20, 77, 144, 214, 264, 304
21, 85, 130, 213, 226, 276
22, 79, 143, 190, 236, 275
23, 72, 138, 201, 220, 273
25, 60, 159, 168, 215, 272
26, 54, 148, 218, 274, 317
27, 56, 87, 210, 254, 296
28, 101, 117, 219, 262, 284
29, 69, 90, 216, 257, 299
30, 89, 102, 221, 266, 285
31, 61, 92, 176, 222, 290
32, 59, 88, 166, 217, 280
33, 55, 91, 191, 234, 281
34, 64, 96, 209, 258, 300
35, 71, 86, 206, 229, 277
36, 68, 105, 202, 243, 282
37, 74, 124, 173, 225, 278
38, 66, 112, 184, 268, 323
39, 73, 115, 185, 245, 291
40, 70, 116, 189, 237, 288
41, 65, 114, 187, 251, 313
42, 63, 104, 207, 267, 311
43, 67, 110, 178, 230, 286
44, 62, 111, 205, 247, 289
45, 93, 139, 172, 235, 305
46, 84, 136, 195, 265, 324
47, 75, 126, 167, 239, 315
48, 78, 134, 174, 238, 312
49, 76, 131, 179, 253, 322
50, 83, 141, 170, 233, 298
51, 82, 137, 175, 256, 320
52, 80, 135, 171, 248, 318
53, 81, 140, 169, 242, 314
