FLL Scheduler GA Summary Report (ID: 2132118887600 | Hash: -1382801663663299089)

Attributes:
--------------------
rank: 0
origin: (C | KPoint(k=1))
mutations: 1
clones: 0
_hash: -1382801663663299089
Length: 318

Fitness:
--------------------------
BreakTime           : 0.31062795876048954
LocationConsistency : 0.0
OpponentVariety     : 0.8754111684107535
-----------------------------------
Total               : 1.186039127171243
Percentage          : 39.53%

Per-Objective Statistics (Team Distribution):
-----------------------------------------------------------------
Objective                 | Min      | Max      | Avg      | Range   
-----------------------------------------------------------------
BreakTime                 | 0.0004   | 0.9193   | 0.5394   | 0.9189  
LocationConsistency       | 0.0417   | 0.6417   | 0.2126   | 0.6000  
OpponentVariety           | 0.7527   | 1.0000   | 0.9953   | 0.2473  

Team fitnesses (sorted by total fitness descending):
----------------------------------------------------
Max     : 2.528134
Min     : 0.803112
Range   : 1.725022
Average : 1.747295

Team |BreakTime |LocationConsistency |OpponentVariety |Sum
------------------------------------------------------------
45   |0.8865    |0.6417              |1.0000          |2.5281
5    |0.6216    |0.6417              |1.0000          |2.2633
7    |0.5719    |0.6417              |1.0000          |2.2135
4    |0.5640    |0.6417              |1.0000          |2.2057
15   |0.5619    |0.6417              |1.0000          |2.2036
47   |0.9193    |0.2667              |1.0000          |2.1860
46   |0.9185    |0.2667              |1.0000          |2.1852
49   |0.9139    |0.2667              |1.0000          |2.1805
31   |0.5002    |0.6417              |1.0000          |2.1419
48   |0.8630    |0.2667              |1.0000          |2.1297
36   |0.6044    |0.3500              |1.0000          |1.9544
43   |0.5936    |0.3500              |1.0000          |1.9436
40   |0.6732    |0.2667              |1.0000          |1.9398
53   |0.8925    |0.0417              |1.0000          |1.9342
38   |0.6673    |0.2667              |1.0000          |1.9339
51   |0.8672    |0.0667              |1.0000          |1.9338
33   |0.5616    |0.3667              |1.0000          |1.9282
50   |0.8793    |0.0417              |1.0000          |1.9210
1    |0.6485    |0.2667              |1.0000          |1.9152
8    |0.6329    |0.2667              |1.0000          |1.8995
37   |0.6273    |0.2667              |1.0000          |1.8939
39   |0.6257    |0.2667              |1.0000          |1.8923
12   |0.6158    |0.2667              |1.0000          |1.8825
24   |0.6013    |0.2667              |1.0000          |1.8680
2    |0.5895    |0.2667              |1.0000          |1.8562
3    |0.5774    |0.2667              |1.0000          |1.8440
11   |0.5758    |0.2667              |1.0000          |1.8424
52   |0.7914    |0.0417              |1.0000          |1.8331
42   |0.6764    |0.0750              |1.0000          |1.7514
44   |0.6637    |0.0417              |1.0000          |1.7054
9    |0.6005    |0.0500              |1.0000          |1.6505
14   |0.5920    |0.0417              |1.0000          |1.6336
18   |0.5901    |0.0417              |1.0000          |1.6318
41   |0.5809    |0.0500              |1.0000          |1.6309
13   |0.5543    |0.0750              |1.0000          |1.6293
16   |0.5556    |0.0667              |1.0000          |1.6223
6    |0.5474    |0.0667              |1.0000          |1.6141
34   |0.5515    |0.0417              |1.0000          |1.5931
17   |0.5389    |0.0500              |1.0000          |1.5889
10   |0.5379    |0.0500              |1.0000          |1.5879
21   |0.5397    |0.0417              |1.0000          |1.5814
28   |0.5133    |0.0417              |1.0000          |1.5550
20   |0.5082    |0.0417              |1.0000          |1.5499
23   |0.4972    |0.0500              |1.0000          |1.5472
30   |0.0004    |0.3667              |1.0000          |1.3671
27   |0.0004    |0.3500              |1.0000          |1.3504
35   |0.0488    |0.2667              |1.0000          |1.3154
22   |0.0454    |0.0750              |1.0000          |1.1204
32   |0.0475    |0.0500              |1.0000          |1.0975
26   |0.0465    |0.0500              |1.0000          |1.0965
29   |0.0045    |0.0750              |1.0000          |1.0795
19   |0.0004    |0.0500              |1.0000          |1.0504
25   |0.0004    |0.0500              |0.7527          |0.8031

Team Events (sorted, for dev use, diff check with others to ensure truly different schedules created):
------------------------------------------------------------
0, 106, 163, 178, 224, 286
1, 98, 143, 182, 232, 295
2, 108, 154, 209, 260, 310
3, 94, 147, 211, 277, 318
4, 95, 157, 189, 241, 303
5, 101, 149, 198, 249, 292
6, 96, 145, 191, 240, 297
7, 109, 153, 175, 244, 301
8, 99, 152, 186, 226, 287
9, 120, 151, 204, 262, 308
10, 127, 162, 194, 268, 305
11, 119, 158, 183, 261, 322
12, 121, 161, 195, 231, 279
13, 122, 160, 174, 223, 283
14, 112, 164, 200, 252, 302
15, 124, 156, 192, 247, 309
16, 118, 155, 213, 276, 324
17, 123, 165, 190, 255, 316
18, 72, 138, 201, 220, 273
19, 59, 146, 199, 256, 294
20, 57, 150, 203, 250, 304
21, 78, 142, 196, 236, 275
22, 55, 148, 218, 274, 317
23, 60, 159, 169, 215, 272
24, 85, 130, 212, 228, 271
26, 77, 144, 214, 267, 307
27, 89, 107, 221, 265, 285
28, 54, 91, 197, 234, 281
29, 71, 87, 206, 227, 270
30, 100, 116, 219, 263, 284
31, 58, 86, 210, 254, 296
32, 62, 90, 216, 259, 299
33, 56, 88, 167, 217, 280
34, 61, 92, 179, 222, 289
35, 67, 97, 208, 257, 300
36, 68, 104, 207, 264, 311
37, 70, 117, 188, 237, 290
38, 64, 110, 177, 230, 293
39, 73, 114, 185, 245, 288
40, 66, 115, 187, 248, 313
41, 63, 105, 202, 243, 282
42, 65, 113, 184, 269, 320
43, 69, 111, 205, 253, 291
44, 74, 125, 172, 225, 278
45, 93, 139, 173, 235, 306
46, 82, 135, 170, 251, 325
47, 75, 126, 166, 239, 314
48, 79, 134, 181, 238, 312
49, 83, 140, 168, 242, 315
50, 80, 141, 171, 233, 298
51, 81, 137, 180, 258, 323
52, 84, 136, 193, 266, 319
53, 76, 131, 176, 246, 321
