FLL Scheduler GA Summary Report (ID: 2132118895552 | Hash: 2746850999924976317)

Attributes:
--------------------
rank: 0
origin: (C | LocationCrossover)
mutations: 1
clones: 1
_hash: 2746850999924976317
Length: 318

Fitness:
--------------------------
BreakTime           : 0.31062795876048954
LocationConsistency : 0.0
OpponentVariety     : 0.8754111684107535
-----------------------------------
Total               : 1.186039127171243
Percentage          : 39.53%

Per-Objective Statistics (Team Distribution):
-----------------------------------------------------------------
Objective                 | Min      | Max      | Avg      | Range   
-----------------------------------------------------------------
BreakTime                 | 0.0004   | 0.9193   | 0.5394   | 0.9189  
LocationConsistency       | 0.0417   | 0.9500   | 0.2912   | 0.9083  
OpponentVariety           | 0.7527   | 1.0000   | 0.9953   | 0.2473  

Team fitnesses (sorted by total fitness descending):
----------------------------------------------------
Max     : 2.554359
Min     : 1.042072
Range   : 1.512288
Average : 1.825911

Team |BreakTime |LocationConsistency |OpponentVariety |Sum
------------------------------------------------------------
38   |0.6044    |0.9500              |1.0000          |2.5544
27   |0.5133    |0.9500              |1.0000          |2.4633
40   |0.6732    |0.6417              |1.0000          |2.3148
43   |0.6257    |0.6417              |1.0000          |2.2673
46   |0.9139    |0.3500              |1.0000          |2.2639
5    |0.6216    |0.6417              |1.0000          |2.2633
12   |0.6158    |0.6417              |1.0000          |2.2575
47   |0.8793    |0.3500              |1.0000          |2.2293
51   |0.9193    |0.2667              |1.0000          |2.1860
48   |0.8865    |0.2667              |1.0000          |2.1531
53   |0.7914    |0.3500              |1.0000          |2.1414
41   |0.5809    |0.5250              |1.0000          |2.1059
42   |0.6764    |0.3500              |1.0000          |2.0264
37   |0.6273    |0.3667              |1.0000          |1.9939
50   |0.9185    |0.0500              |1.0000          |1.9685
23   |0.6013    |0.3667              |1.0000          |1.9680
45   |0.8925    |0.0750              |1.0000          |1.9675
52   |0.8630    |0.0750              |1.0000          |1.9380
36   |0.6673    |0.2667              |1.0000          |1.9339
9    |0.5719    |0.3500              |1.0000          |1.9219
49   |0.8672    |0.0417              |1.0000          |1.9088
2    |0.6329    |0.2667              |1.0000          |1.8995
20   |0.5082    |0.3667              |1.0000          |1.8749
6    |0.6005    |0.2667              |1.0000          |1.8672
15   |0.5920    |0.2667              |1.0000          |1.8586
8    |0.5895    |0.2667              |1.0000          |1.8562
35   |0.5002    |0.3500              |1.0000          |1.8502
13   |0.5758    |0.2667              |1.0000          |1.8424
11   |0.5619    |0.2667              |1.0000          |1.8286
32   |0.5616    |0.2667              |1.0000          |1.8282
34   |0.5515    |0.2667              |1.0000          |1.8181
4    |0.5474    |0.2667              |1.0000          |1.8141
21   |0.5397    |0.2667              |1.0000          |1.8064
44   |0.6637    |0.0417              |1.0000          |1.7054
7    |0.6485    |0.0417              |1.0000          |1.6902
22   |0.0465    |0.6417              |1.0000          |1.6882
39   |0.5936    |0.0500              |1.0000          |1.6436
16   |0.5901    |0.0417              |1.0000          |1.6318
18   |0.5556    |0.0667              |1.0000          |1.6223
1    |0.5774    |0.0417              |1.0000          |1.6190
10   |0.5389    |0.0750              |1.0000          |1.6139
3    |0.5640    |0.0417              |1.0000          |1.6057
14   |0.5543    |0.0417              |1.0000          |1.5960
17   |0.5379    |0.0500              |1.0000          |1.5879
26   |0.4972    |0.0750              |1.0000          |1.5722
24   |0.0454    |0.3667              |1.0000          |1.4121
31   |0.0475    |0.3500              |1.0000          |1.3975
25   |0.0004    |0.6417              |0.7527          |1.3948
28   |0.0004    |0.3500              |1.0000          |1.3504
30   |0.0045    |0.2667              |1.0000          |1.2711
19   |0.0004    |0.2667              |1.0000          |1.2671
29   |0.0488    |0.0417              |1.0000          |1.0904
33   |0.0004    |0.0417              |1.0000          |1.0421

Team Events (sorted, for dev use, diff check with others to ensure truly different schedules created):
------------------------------------------------------------
0, 103, 153, 208, 261, 310
1, 102, 155, 175, 238, 301
2, 100, 146, 211, 277, 318
3, 94, 149, 198, 249, 287
4, 101, 151, 189, 240, 303
5, 96, 154, 187, 226, 292
6, 105, 163, 178, 224, 293
7, 97, 142, 183, 235, 297
8, 98, 145, 191, 241, 295
9, 125, 152, 212, 276, 324
10, 113, 164, 200, 252, 302
11, 124, 158, 182, 260, 322
12, 132, 162, 194, 269, 305
13, 120, 161, 195, 236, 279
14, 123, 160, 174, 223, 283
15, 122, 165, 190, 255, 316
16, 121, 157, 204, 263, 308
17, 118, 150, 192, 247, 309
18, 72, 138, 201, 220, 272
19, 59, 147, 199, 259, 296
20, 56, 156, 203, 250, 304
21, 70, 144, 214, 264, 307
22, 55, 159, 168, 215, 273
24, 79, 143, 196, 231, 275
25, 85, 126, 213, 228, 270
26, 60, 148, 218, 274, 317
27, 61, 89, 197, 233, 281
28, 90, 104, 221, 266, 285
29, 64, 99, 209, 258, 300
30, 77, 86, 206, 227, 271
31, 69, 88, 216, 256, 298
32, 57, 91, 166, 217, 280
33, 95, 117, 219, 262, 284
34, 54, 93, 179, 222, 290
35, 58, 87, 210, 254, 294
36, 67, 110, 176, 237, 286
37, 76, 116, 188, 230, 288
38, 63, 107, 207, 267, 311
39, 62, 111, 205, 253, 289
40, 65, 114, 186, 248, 313
41, 68, 106, 202, 242, 282
42, 66, 112, 184, 268, 320
43, 73, 115, 185, 239, 291
44, 74, 119, 173, 225, 278
45, 71, 127, 177, 246, 321
46, 81, 140, 169, 243, 315
47, 83, 141, 170, 234, 299
48, 92, 139, 172, 232, 306
49, 82, 136, 181, 257, 323
50, 80, 135, 171, 251, 325
51, 75, 133, 167, 245, 314
52, 78, 134, 180, 244, 312
53, 84, 137, 193, 265, 319
