FLL Scheduler GA Summary Report (ID: 2132111934512 | Hash: 5169263198550111033)

Attributes:
--------------------
rank: 0
origin: (C | RoundTypeCrossover)
mutations: 0
clones: 0
_hash: 5169263198550111033
Length: 318

Fitness:
--------------------------
BreakTime           : 0.31062795876048954
LocationConsistency : 0.0
OpponentVariety     : 0.8754111684107535
-----------------------------------
Total               : 1.186039127171243
Percentage          : 39.53%

Per-Objective Statistics (Team Distribution):
-----------------------------------------------------------------
Objective                 | Min      | Max      | Avg      | Range   
-----------------------------------------------------------------
BreakTime                 | 0.0004   | 0.9193   | 0.5394   | 0.9189  
LocationConsistency       | 0.0417   | 0.6417   | 0.2241   | 0.6000  
OpponentVariety           | 0.7527   | 1.0000   | 0.9953   | 0.2473  

Team fitnesses (sorted by total fitness descending):
----------------------------------------------------
Max     : 2.314821
Min     : 1.019778
Range   : 1.295043
Average : 1.758773

Team |BreakTime |LocationConsistency |OpponentVariety |Sum
------------------------------------------------------------
40   |0.6732    |0.6417              |1.0000          |2.3148
53   |0.9139    |0.3500              |1.0000          |2.2639
37   |0.6044    |0.6417              |1.0000          |2.2460
48   |0.8793    |0.3500              |1.0000          |2.2293
50   |0.8630    |0.3500              |1.0000          |2.2130
34   |0.5616    |0.6417              |1.0000          |2.2032
52   |0.9185    |0.2667              |1.0000          |2.1852
49   |0.8925    |0.2667              |1.0000          |2.1592
45   |0.8672    |0.2667              |1.0000          |2.1338
42   |0.6764    |0.3500              |1.0000          |2.0264
51   |0.9193    |0.0417              |1.0000          |1.9610
41   |0.6637    |0.2667              |1.0000          |1.9304
47   |0.8865    |0.0417              |1.0000          |1.9281
11   |0.5556    |0.3667              |1.0000          |1.9223
9    |0.6485    |0.2667              |1.0000          |1.9152
7    |0.5474    |0.3500              |1.0000          |1.8974
38   |0.6273    |0.2667              |1.0000          |1.8939
19   |0.5397    |0.3500              |1.0000          |1.8897
10   |0.5389    |0.3500              |1.0000          |1.8889
3    |0.6216    |0.2667              |1.0000          |1.8883
15   |0.6158    |0.2667              |1.0000          |1.8825
43   |0.5936    |0.2667              |1.0000          |1.8603
13   |0.5920    |0.2667              |1.0000          |1.8586
4    |0.5895    |0.2667              |1.0000          |1.8562
32   |0.5002    |0.3500              |1.0000          |1.8502
8    |0.5774    |0.2667              |1.0000          |1.8440
18   |0.5758    |0.2667              |1.0000          |1.8424
46   |0.7914    |0.0417              |1.0000          |1.8331
17   |0.5619    |0.2667              |1.0000          |1.8286
16   |0.5379    |0.2667              |1.0000          |1.8046
36   |0.6673    |0.0417              |1.0000          |1.7089
39   |0.6257    |0.0667              |1.0000          |1.6923
6    |0.6329    |0.0500              |1.0000          |1.6829
25   |0.6013    |0.0667              |1.0000          |1.6680
1    |0.6005    |0.0417              |1.0000          |1.6422
24   |0.0004    |0.6417              |1.0000          |1.6421
5    |0.5719    |0.0667              |1.0000          |1.6385
12   |0.5901    |0.0417              |1.0000          |1.6318
44   |0.5809    |0.0417              |1.0000          |1.6226
2    |0.5640    |0.0500              |1.0000          |1.6140
14   |0.5543    |0.0500              |1.0000          |1.6043
35   |0.5515    |0.0417              |1.0000          |1.5931
26   |0.4972    |0.0667              |1.0000          |1.5639
30   |0.5133    |0.0500              |1.0000          |1.5633
20   |0.5082    |0.0417              |1.0000          |1.5499
21   |0.0465    |0.2667              |1.0000          |1.3132
23   |0.0454    |0.2667              |1.0000          |1.3121
33   |0.0045    |0.2667              |1.0000          |1.2711
29   |0.0488    |0.0667              |1.0000          |1.1154
27   |0.0475    |0.0500              |1.0000          |1.0975
28   |0.0004    |0.0750              |1.0000          |1.0754
31   |0.0004    |0.0417              |1.0000          |1.0421
22   |0.0004    |0.2667              |0.7527          |1.0198

Team Events (sorted, for dev use, diff check with others to ensure truly different schedules created):
------------------------------------------------------------
0, 97, 152, 187, 226, 287
1, 100, 145, 211, 277, 325
2, 101, 156, 189, 241, 303
3, 96, 143, 183, 234, 300
4, 98, 146, 196, 240, 299
5, 109, 153, 175, 239, 294
6, 94, 149, 205, 250, 293
7, 108, 154, 209, 260, 317
8, 104, 161, 178, 224, 286
9, 119, 155, 212, 276, 319
10, 125, 157, 195, 247, 309
11, 120, 164, 197, 254, 311
12, 121, 163, 174, 223, 283
13, 123, 162, 193, 231, 279
14, 118, 159, 182, 261, 322
15, 122, 150, 198, 269, 308
16, 113, 165, 203, 253, 302
17, 132, 160, 192, 263, 305
18, 57, 151, 200, 249, 304
19, 58, 144, 204, 259, 301
20, 71, 147, 214, 264, 307
21, 78, 130, 213, 228, 270
22, 84, 142, 191, 236, 273
23, 75, 138, 202, 221, 275
24, 54, 158, 169, 215, 274
25, 60, 148, 218, 272, 310
27, 62, 91, 216, 256, 297
28, 95, 111, 219, 268, 284
29, 67, 99, 208, 258, 295
30, 61, 90, 190, 233, 281
31, 88, 105, 220, 266, 285
32, 59, 87, 210, 255, 298
33, 76, 86, 206, 227, 271
34, 56, 89, 166, 217, 280
35, 55, 93, 179, 222, 289
36, 64, 117, 177, 230, 292
37, 68, 103, 207, 267, 316
38, 77, 110, 188, 237, 290
39, 74, 114, 185, 238, 288
40, 66, 115, 186, 251, 312
41, 72, 124, 172, 225, 278
42, 65, 112, 184, 262, 320
43, 69, 116, 199, 252, 291
44, 63, 102, 201, 243, 282
45, 82, 137, 180, 257, 323
46, 79, 136, 194, 265, 324
47, 92, 139, 173, 232, 306
48, 83, 141, 171, 235, 296
49, 70, 131, 176, 246, 321
50, 85, 135, 181, 245, 313
51, 73, 133, 167, 244, 315
52, 81, 134, 170, 248, 318
53, 80, 140, 168, 242, 314
