FLL Scheduler GA Summary Report (ID: 2132126141008 | Hash: 7241751732138866397)

Attributes:
--------------------
rank: 0
origin: (C | RoundTypeCrossover)
mutations: 0
clones: 0
_hash: 7241751732138866397
Length: 318

Fitness:
--------------------------
BreakTime           : 0.31062795876048954
LocationConsistency : 0.0
OpponentVariety     : 0.8754111684107535
-----------------------------------
Total               : 1.186039127171243
Percentage          : 39.53%

Per-Objective Statistics (Team Distribution):
-----------------------------------------------------------------
Objective                 | Min      | Max      | Avg      | Range   
-----------------------------------------------------------------
BreakTime                 | 0.0004   | 0.9193   | 0.5394   | 0.9189  
LocationConsistency       | 0.0417   | 0.6417   | 0.2052   | 0.6000  
OpponentVariety           | 0.7527   | 1.0000   | 0.9953   | 0.2473  

Team fitnesses (sorted by total fitness descending):
----------------------------------------------------
Max     : 2.246026
Min     : 1.019778
Range   : 1.226248
Average : 1.739905

Team |BreakTime |LocationConsistency |OpponentVariety |Sum
------------------------------------------------------------
36   |0.6044    |0.6417              |1.0000          |2.2460
44   |0.6732    |0.5250              |1.0000          |2.1982
47   |0.9193    |0.2667              |1.0000          |2.1860
46   |0.9185    |0.2667              |1.0000          |2.1852
53   |0.9139    |0.2667              |1.0000          |2.1805
45   |0.8865    |0.2667              |1.0000          |2.1531
52   |0.8793    |0.2667              |1.0000          |2.1460
43   |0.6257    |0.3667              |1.0000          |1.9923
3    |0.6216    |0.3667              |1.0000          |1.9883
5    |0.6329    |0.3500              |1.0000          |1.9829
14   |0.5920    |0.3500              |1.0000          |1.9420
48   |0.8630    |0.0750              |1.0000          |1.9380
49   |0.8925    |0.0417              |1.0000          |1.9342
38   |0.6673    |0.2667              |1.0000          |1.9339
7    |0.5719    |0.3500              |1.0000          |1.9219
51   |0.8672    |0.0500              |1.0000          |1.9172
11   |0.5619    |0.3500              |1.0000          |1.9119
37   |0.6273    |0.2667              |1.0000          |1.8939
21   |0.5397    |0.3500              |1.0000          |1.8897
16   |0.5389    |0.3500              |1.0000          |1.8889
15   |0.6158    |0.2667              |1.0000          |1.8825
18   |0.5901    |0.2667              |1.0000          |1.8568
4    |0.5895    |0.2667              |1.0000          |1.8562
50   |0.7914    |0.0417              |1.0000          |1.8331
34   |0.5616    |0.2667              |1.0000          |1.8282
13   |0.5543    |0.2667              |1.0000          |1.8210
35   |0.5515    |0.2667              |1.0000          |1.8181
8    |0.5474    |0.2667              |1.0000          |1.8141
10   |0.5379    |0.2667              |1.0000          |1.8046
42   |0.6764    |0.0750              |1.0000          |1.7514
39   |0.6637    |0.0417              |1.0000          |1.7054
1    |0.6485    |0.0417              |1.0000          |1.6902
9    |0.6005    |0.0667              |1.0000          |1.6672
40   |0.5936    |0.0500              |1.0000          |1.6436
23   |0.6013    |0.0417              |1.0000          |1.6430
28   |0.0004    |0.6417              |1.0000          |1.6421
41   |0.5809    |0.0500              |1.0000          |1.6309
6    |0.5774    |0.0417              |1.0000          |1.6190
17   |0.5758    |0.0417              |1.0000          |1.6174
2    |0.5640    |0.0500              |1.0000          |1.6140
12   |0.5556    |0.0500              |1.0000          |1.6056
26   |0.4972    |0.0750              |1.0000          |1.5722
30   |0.5133    |0.0500              |1.0000          |1.5633
20   |0.5082    |0.0417              |1.0000          |1.5499
32   |0.5002    |0.0417              |1.0000          |1.5419
22   |0.0465    |0.2667              |1.0000          |1.3132
24   |0.0454    |0.2667              |1.0000          |1.3121
19   |0.0004    |0.2667              |1.0000          |1.2671
31   |0.0488    |0.0417              |1.0000          |1.0904
27   |0.0475    |0.0417              |1.0000          |1.0891
33   |0.0045    |0.0750              |1.0000          |1.0795
29   |0.0004    |0.0417              |1.0000          |1.0421
25   |0.0004    |0.2667              |0.7527          |1.0198

Team Events (sorted, for dev use, diff check with others to ensure truly different schedules created):
------------------------------------------------------------
0, 105, 163, 178, 224, 286
1, 100, 147, 208, 277, 325
2, 101, 157, 189, 243, 303
3, 97, 143, 183, 232, 300
4, 102, 153, 174, 239, 294
5, 103, 154, 211, 261, 310
6, 98, 145, 196, 242, 298
7, 94, 149, 205, 251, 292
8, 96, 152, 187, 228, 287
9, 122, 151, 198, 263, 308
10, 115, 164, 203, 246, 302
11, 118, 156, 195, 253, 309
12, 123, 161, 193, 231, 284
13, 121, 160, 175, 223, 280
14, 125, 158, 182, 260, 322
15, 124, 155, 207, 276, 319
16, 126, 162, 192, 269, 305
17, 120, 165, 197, 255, 316
18, 73, 138, 202, 214, 275
19, 59, 146, 204, 256, 301
20, 57, 150, 200, 249, 304
21, 71, 144, 221, 264, 307
22, 54, 159, 169, 220, 274
24, 79, 142, 191, 236, 272
25, 84, 130, 206, 226, 271
26, 60, 148, 217, 273, 317
27, 69, 88, 219, 258, 297
28, 95, 110, 216, 262, 279
29, 91, 104, 215, 266, 278
30, 61, 89, 190, 234, 282
31, 64, 99, 210, 257, 295
32, 58, 93, 209, 254, 299
33, 76, 92, 213, 229, 270
34, 56, 90, 166, 218, 283
35, 55, 86, 179, 222, 289
36, 63, 107, 212, 267, 311
37, 77, 111, 188, 237, 290
38, 67, 117, 177, 230, 293
39, 75, 119, 172, 225, 285
40, 62, 116, 199, 247, 291
41, 68, 106, 201, 240, 281
42, 66, 114, 184, 268, 320
43, 72, 112, 185, 238, 288
44, 65, 113, 186, 250, 313
45, 87, 139, 173, 235, 306
46, 80, 135, 170, 248, 318
47, 74, 131, 167, 244, 315
48, 78, 134, 181, 245, 312
49, 70, 127, 176, 252, 321
50, 85, 136, 194, 265, 324
51, 82, 137, 180, 259, 323
52, 83, 141, 171, 233, 296
53, 81, 140, 168, 241, 314
