FLL Scheduler GA Summary Report (ID: 2132111934960 | Hash: -4805844163361027810)

Attributes:
--------------------
rank: 0
origin: (C | KPoint(k=2))
mutations: 0
clones: 0
_hash: -4805844163361027810
Length: 318

Fitness:
--------------------------
BreakTime           : 0.31062795876048954
LocationConsistency : 0.0
OpponentVariety     : 0.8754111684107535
-----------------------------------
Total               : 1.186039127171243
Percentage          : 39.53%

Per-Objective Statistics (Team Distribution):
-----------------------------------------------------------------
Objective                 | Min      | Max      | Avg      | Range   
-----------------------------------------------------------------
BreakTime                 | 0.0004   | 0.9193   | 0.5394   | 0.9189  
LocationConsistency       | 0.0417   | 0.6417   | 0.1783   | 0.6000  
OpponentVariety           | 0.7527   | 1.0000   | 0.9953   | 0.2473  

Team fitnesses (sorted by total fitness descending):
----------------------------------------------------
Max     : 2.229678
Min     : 1.042072
Range   : 1.187606
Average : 1.713018

Team |BreakTime |LocationConsistency |OpponentVariety |Sum
------------------------------------------------------------
48   |0.8630    |0.3667              |1.0000          |2.2297
47   |0.9193    |0.2667              |1.0000          |2.1860
51   |0.9185    |0.2667              |1.0000          |2.1852
49   |0.8865    |0.2667              |1.0000          |2.1531
40   |0.6732    |0.3500              |1.0000          |2.0232
41   |0.6673    |0.3500              |1.0000          |2.0173
15   |0.6158    |0.3667              |1.0000          |1.9825
45   |0.9139    |0.0500              |1.0000          |1.9639
36   |0.6044    |0.3500              |1.0000          |1.9544
44   |0.5936    |0.3500              |1.0000          |1.9436
38   |0.6764    |0.2667              |1.0000          |1.9431
53   |0.8925    |0.0417              |1.0000          |1.9342
31   |0.5616    |0.3667              |1.0000          |1.9282
50   |0.8793    |0.0417              |1.0000          |1.9210
52   |0.8672    |0.0500              |1.0000          |1.9172
1    |0.6485    |0.2667              |1.0000          |1.9152
39   |0.6257    |0.2667              |1.0000          |1.8923
17   |0.5389    |0.3500              |1.0000          |1.8889
2    |0.6216    |0.2667              |1.0000          |1.8883
13   |0.5379    |0.3500              |1.0000          |1.8879
8    |0.5895    |0.2667              |1.0000          |1.8562
42   |0.5809    |0.2667              |1.0000          |1.8476
5    |0.5719    |0.2667              |1.0000          |1.8385
46   |0.7914    |0.0417              |1.0000          |1.8331
20   |0.5397    |0.2667              |1.0000          |1.8064
29   |0.5002    |0.2667              |1.0000          |1.7669
43   |0.6637    |0.0417              |1.0000          |1.7054
9    |0.6005    |0.0750              |1.0000          |1.6755
6    |0.6329    |0.0417              |1.0000          |1.6745
37   |0.6273    |0.0417              |1.0000          |1.6689
25   |0.6013    |0.0667              |1.0000          |1.6680
18   |0.5901    |0.0750              |1.0000          |1.6651
10   |0.5920    |0.0417              |1.0000          |1.6336
14   |0.5543    |0.0750              |1.0000          |1.6293
4    |0.5774    |0.0500              |1.0000          |1.6274
11   |0.5556    |0.0667              |1.0000          |1.6223
16   |0.5758    |0.0417              |1.0000          |1.6174
7    |0.5640    |0.0417              |1.0000          |1.6057
12   |0.5619    |0.0417              |1.0000          |1.6036
35   |0.5515    |0.0417              |1.0000          |1.5931
3    |0.5474    |0.0417              |1.0000          |1.5891
22   |0.5082    |0.0667              |1.0000          |1.5749
26   |0.4972    |0.0750              |1.0000          |1.5722
32   |0.5133    |0.0417              |1.0000          |1.5550
23   |0.0465    |0.3500              |1.0000          |1.3965
21   |0.0004    |0.6417              |0.7527          |1.3948
30   |0.0045    |0.3500              |1.0000          |1.3545
33   |0.0475    |0.2667              |1.0000          |1.3141
19   |0.0454    |0.0667              |1.0000          |1.1121
28   |0.0488    |0.0500              |1.0000          |1.0988
27   |0.0004    |0.0500              |1.0000          |1.0504
24   |0.0004    |0.0417              |1.0000          |1.0421
34   |0.0004    |0.0417              |1.0000          |1.0421

Team Events (sorted, for dev use, diff check with others to ensure truly different schedules created):
------------------------------------------------------------
0, 103, 162, 178, 224, 293
1, 101, 156, 182, 241, 308
2, 94, 149, 204, 250, 287
3, 107, 154, 208, 254, 310
4, 98, 145, 197, 240, 297
5, 106, 152, 175, 244, 301
6, 100, 146, 211, 271, 318
7, 96, 142, 188, 232, 295
8, 97, 153, 184, 228, 292
9, 122, 160, 174, 223, 283
10, 125, 157, 194, 252, 302
11, 113, 164, 202, 246, 309
12, 120, 150, 198, 263, 303
13, 121, 161, 192, 231, 279
14, 119, 159, 189, 255, 322
15, 127, 163, 193, 269, 306
16, 118, 155, 212, 270, 324
17, 123, 165, 196, 260, 316
18, 79, 143, 190, 236, 275
19, 57, 151, 200, 249, 307
20, 85, 130, 213, 226, 276
21, 59, 147, 205, 256, 294
22, 77, 144, 214, 264, 304
23, 72, 138, 203, 220, 273
25, 54, 158, 170, 215, 272
26, 60, 148, 218, 274, 317
27, 89, 102, 221, 266, 285
28, 64, 99, 209, 257, 300
29, 58, 87, 210, 261, 296
30, 71, 86, 206, 229, 277
31, 56, 88, 172, 217, 280
32, 61, 91, 191, 234, 281
33, 69, 90, 216, 258, 299
34, 95, 117, 219, 262, 284
35, 55, 93, 179, 222, 290
36, 63, 104, 207, 267, 311
37, 70, 116, 183, 237, 288
38, 66, 112, 187, 268, 320
39, 73, 115, 186, 245, 291
40, 65, 114, 185, 251, 313
41, 67, 110, 177, 230, 286
42, 68, 105, 201, 243, 282
43, 74, 124, 167, 225, 278
44, 62, 111, 199, 247, 289
45, 81, 140, 171, 242, 314
46, 84, 136, 195, 265, 319
47, 75, 126, 173, 239, 315
48, 78, 134, 181, 238, 312
49, 92, 139, 166, 235, 305
50, 83, 141, 168, 233, 298
51, 80, 135, 169, 248, 325
52, 82, 137, 180, 259, 323
53, 76, 131, 176, 253, 321
