FLL Scheduler GA Summary Report (ID: 2132111934288 | Hash: 4160158826606344987)

Attributes:
--------------------
rank: 0
origin: (C | TimeSlotCrossover)
mutations: 2
clones: 2
_hash: 4160158826606344987
Length: 318

Fitness:
--------------------------
BreakTime           : 0.31062795876048954
LocationConsistency : 0.0
OpponentVariety     : 0.8754111684107535
-----------------------------------
Total               : 1.186039127171243
Percentage          : 39.53%

Per-Objective Statistics (Team Distribution):
-----------------------------------------------------------------
Objective                 | Min      | Max      | Avg      | Range   
-----------------------------------------------------------------
BreakTime                 | 0.0004   | 0.9193   | 0.5394   | 0.9189  
LocationConsistency       | 0.0417   | 0.6417   | 0.2241   | 0.6000  
OpponentVariety           | 0.7527   | 1.0000   | 0.9953   | 0.2473  

Team fitnesses (sorted by total fitness descending):
----------------------------------------------------
Max     : 2.433100
Min     : 1.050405
Range   : 1.382695
Average : 1.758773

Team |BreakTime |LocationConsistency |OpponentVariety |Sum
------------------------------------------------------------
46   |0.7914    |0.6417              |1.0000          |2.4331
36   |0.6044    |0.6417              |1.0000          |2.2460
45   |0.8865    |0.2667              |1.0000          |2.1531
48   |0.8793    |0.2667              |1.0000          |2.1460
32   |0.5002    |0.6417              |1.0000          |2.1419
47   |0.8672    |0.2667              |1.0000          |2.1338
24   |0.5397    |0.5250              |1.0000          |2.0647
53   |0.9139    |0.0750              |1.0000          |1.9889
4    |0.6329    |0.3500              |1.0000          |1.9829
39   |0.6257    |0.3500              |1.0000          |1.9757
51   |0.9193    |0.0500              |1.0000          |1.9693
52   |0.9185    |0.0500              |1.0000          |1.9685
42   |0.6764    |0.2667              |1.0000          |1.9431
40   |0.6732    |0.2667              |1.0000          |1.9398
49   |0.8925    |0.0417              |1.0000          |1.9342
38   |0.6673    |0.2667              |1.0000          |1.9339
34   |0.5616    |0.3667              |1.0000          |1.9282
11   |0.5556    |0.3667              |1.0000          |1.9223
9    |0.6485    |0.2667              |1.0000          |1.9152
50   |0.8630    |0.0500              |1.0000          |1.9130
37   |0.6273    |0.2667              |1.0000          |1.8939
5    |0.6216    |0.2667              |1.0000          |1.8883
13   |0.6158    |0.2667              |1.0000          |1.8825
43   |0.5936    |0.2667              |1.0000          |1.8603
10   |0.5920    |0.2667              |1.0000          |1.8586
44   |0.5809    |0.2667              |1.0000          |1.8476
8    |0.5774    |0.2667              |1.0000          |1.8440
16   |0.5758    |0.2667              |1.0000          |1.8424
17   |0.5379    |0.2667              |1.0000          |1.8046
30   |0.5133    |0.2667              |1.0000          |1.7800
25   |0.5082    |0.2667              |1.0000          |1.7749
41   |0.6637    |0.0500              |1.0000          |1.7137
23   |0.6013    |0.0667              |1.0000          |1.6680
33   |0.0045    |0.6417              |1.0000          |1.6461
7    |0.6005    |0.0417              |1.0000          |1.6422
6    |0.5895    |0.0500              |1.0000          |1.6395
18   |0.5901    |0.0417              |1.0000          |1.6318
1    |0.5474    |0.0750              |1.0000          |1.6224
3    |0.5719    |0.0500              |1.0000          |1.6219
2    |0.5640    |0.0500              |1.0000          |1.6140
15   |0.5543    |0.0500              |1.0000          |1.6043
12   |0.5619    |0.0417              |1.0000          |1.6036
35   |0.5515    |0.0417              |1.0000          |1.5931
14   |0.5389    |0.0500              |1.0000          |1.5889
20   |0.4972    |0.0417              |1.0000          |1.5389
21   |0.0004    |0.6417              |0.7527          |1.3948
29   |0.0488    |0.2667              |1.0000          |1.3154
19   |0.0465    |0.2667              |1.0000          |1.3132
22   |0.0004    |0.2667              |1.0000          |1.2671
27   |0.0475    |0.0500              |1.0000          |1.0975
26   |0.0454    |0.0417              |1.0000          |1.0871
31   |0.0004    |0.0500              |1.0000          |1.0504
28   |0.0004    |0.0500              |1.0000          |1.0504

Team Events (sorted, for dev use, diff check with others to ensure truly different schedules created):
------------------------------------------------------------
0, 94, 142, 205, 250, 293
1, 100, 145, 211, 277, 325
2, 99, 146, 196, 240, 296
3, 109, 155, 175, 239, 301
4, 101, 156, 189, 241, 303
5, 97, 148, 183, 232, 295
6, 96, 154, 187, 228, 287
7, 108, 153, 208, 260, 317
8, 104, 161, 178, 224, 286
9, 121, 163, 174, 223, 283
10, 125, 157, 195, 246, 309
11, 113, 165, 203, 252, 302
12, 122, 159, 182, 261, 322
13, 123, 152, 212, 276, 319
14, 118, 162, 193, 231, 279
15, 132, 160, 192, 263, 305
16, 119, 150, 198, 269, 308
17, 120, 164, 197, 254, 311
18, 76, 147, 214, 264, 307
20, 60, 143, 218, 272, 310
21, 85, 130, 213, 226, 270
22, 73, 138, 202, 220, 275
23, 54, 158, 171, 215, 274
24, 56, 151, 200, 248, 304
25, 59, 144, 204, 259, 294
26, 78, 149, 191, 236, 273
27, 69, 91, 216, 256, 298
28, 95, 117, 219, 268, 284
29, 64, 98, 209, 258, 300
30, 61, 90, 190, 234, 281
31, 88, 105, 221, 266, 285
32, 58, 87, 210, 255, 297
33, 71, 86, 206, 229, 271
34, 57, 89, 173, 217, 280
35, 55, 93, 179, 222, 289
36, 63, 107, 207, 267, 316
37, 70, 116, 188, 237, 290
38, 67, 110, 177, 230, 292
39, 72, 114, 184, 238, 288
40, 65, 115, 186, 251, 312
41, 75, 124, 166, 225, 278
42, 66, 112, 185, 262, 320
43, 62, 111, 199, 253, 291
44, 68, 106, 201, 243, 282
45, 92, 139, 167, 235, 306
46, 84, 137, 194, 265, 324
47, 81, 136, 180, 257, 323
48, 80, 140, 168, 233, 299
49, 77, 131, 176, 247, 321
50, 79, 134, 181, 245, 313
51, 74, 133, 172, 244, 315
52, 82, 135, 169, 249, 318
53, 83, 141, 170, 242, 314
