FLL Scheduler GA Summary Report (ID: 2132126142912 | Hash: 8106527916768070638)

Attributes:
--------------------
rank: 0
origin: (C | KPoint(k=1))
mutations: 0
clones: 0
_hash: 8106527916768070638
Length: 318

Fitness:
--------------------------
BreakTime           : 0.31062795876048954
LocationConsistency : 0.0
OpponentVariety     : 0.8754111684107535
-----------------------------------
Total               : 1.186039127171243
Percentage          : 39.53%

Per-Objective Statistics (Team Distribution):
-----------------------------------------------------------------
Objective                 | Min      | Max      | Avg      | Range   
-----------------------------------------------------------------
BreakTime                 | 0.0004   | 0.9193   | 0.5394   | 0.9189  
LocationConsistency       | 0.0417   | 0.6417   | 0.2135   | 0.6000  
OpponentVariety           | 0.7527   | 1.0000   | 0.9953   | 0.2473  

Team fitnesses (sorted by total fitness descending):
----------------------------------------------------
Max     : 2.267338
Min     : 0.794778
Range   : 1.472559
Average : 1.748238

Team |BreakTime |LocationConsistency |OpponentVariety |Sum
------------------------------------------------------------
39   |0.6257    |0.6417              |1.0000          |2.2673
15   |0.6158    |0.6417              |1.0000          |2.2575
8    |0.5895    |0.6417              |1.0000          |2.2312
51   |0.9139    |0.2667              |1.0000          |2.1805
53   |0.8672    |0.2667              |1.0000          |2.1338
45   |0.7914    |0.2667              |1.0000          |2.0581
40   |0.6732    |0.3667              |1.0000          |2.0398
44   |0.6673    |0.3500              |1.0000          |2.0173
46   |0.9193    |0.0417              |1.0000          |1.9610
47   |0.9185    |0.0417              |1.0000          |1.9602
2    |0.6005    |0.3500              |1.0000          |1.9505
3    |0.5719    |0.3667              |1.0000          |1.9385
52   |0.8925    |0.0417              |1.0000          |1.9342
41   |0.5809    |0.3500              |1.0000          |1.9309
49   |0.8630    |0.0667              |1.0000          |1.9297
48   |0.8793    |0.0500              |1.0000          |1.9293
50   |0.8865    |0.0417              |1.0000          |1.9281
1    |0.6329    |0.2667              |1.0000          |1.8995
36   |0.6273    |0.2667              |1.0000          |1.8939
5    |0.6216    |0.2667              |1.0000          |1.8883
38   |0.6044    |0.2667              |1.0000          |1.8710
23   |0.6013    |0.2667              |1.0000          |1.8680
43   |0.5936    |0.2667              |1.0000          |1.8603
7    |0.5774    |0.2667              |1.0000          |1.8440
17   |0.5758    |0.2667              |1.0000          |1.8424
6    |0.5640    |0.2667              |1.0000          |1.8307
12   |0.5619    |0.2667              |1.0000          |1.8286
25   |0.5397    |0.2667              |1.0000          |1.8064
34   |0.5133    |0.2667              |1.0000          |1.7800
21   |0.5082    |0.2667              |1.0000          |1.7749
31   |0.5002    |0.2667              |1.0000          |1.7669
42   |0.6764    |0.0500              |1.0000          |1.7264
37   |0.6637    |0.0417              |1.0000          |1.7054
9    |0.6485    |0.0417              |1.0000          |1.6902
32   |0.0045    |0.6417              |1.0000          |1.6461
18   |0.5901    |0.0500              |1.0000          |1.6401
11   |0.5920    |0.0417              |1.0000          |1.6336
4    |0.5474    |0.0750              |1.0000          |1.6224
10   |0.5556    |0.0667              |1.0000          |1.6223
14   |0.5543    |0.0667              |1.0000          |1.6210
33   |0.5515    |0.0667              |1.0000          |1.6181
16   |0.5389    |0.0750              |1.0000          |1.6139
27   |0.5616    |0.0500              |1.0000          |1.6116
13   |0.5379    |0.0500              |1.0000          |1.5879
19   |0.4972    |0.0417              |1.0000          |1.5389
29   |0.0488    |0.3667              |1.0000          |1.4154
28   |0.0475    |0.3500              |1.0000          |1.3975
22   |0.0454    |0.2667              |1.0000          |1.3121
30   |0.0004    |0.2667              |1.0000          |1.2671
20   |0.0465    |0.0500              |1.0000          |1.0965
26   |0.0004    |0.0500              |1.0000          |1.0504
35   |0.0004    |0.0417              |1.0000          |1.0421
24   |0.0004    |0.0417              |0.7527          |0.7948

Team Events (sorted, for dev use, diff check with others to ensure truly different schedules created):
------------------------------------------------------------
0, 102, 153, 175, 238, 301
1, 98, 152, 186, 226, 287
2, 97, 145, 191, 243, 297
3, 101, 149, 204, 249, 292
4, 94, 157, 189, 242, 303
5, 95, 147, 211, 277, 318
6, 103, 154, 209, 255, 310
7, 99, 143, 182, 235, 295
8, 105, 163, 178, 224, 286
9, 124, 156, 192, 247, 309
10, 122, 160, 174, 223, 283
11, 115, 164, 202, 252, 302
12, 120, 151, 198, 268, 308
13, 121, 161, 195, 236, 279
14, 119, 158, 183, 254, 322
15, 118, 155, 212, 276, 324
16, 127, 162, 194, 262, 305
17, 123, 165, 190, 260, 316
18, 55, 148, 217, 272, 317
19, 77, 144, 220, 267, 307
20, 59, 146, 205, 259, 294
22, 79, 142, 196, 231, 273
23, 60, 159, 167, 221, 274
24, 83, 130, 213, 228, 271
25, 57, 150, 201, 250, 304
26, 72, 138, 203, 214, 275
27, 56, 91, 169, 218, 281
28, 68, 88, 219, 256, 299
29, 64, 96, 208, 258, 300
30, 100, 110, 216, 269, 284
31, 58, 87, 210, 261, 296
32, 71, 86, 207, 227, 270
33, 61, 93, 179, 222, 289
34, 54, 89, 197, 233, 280
35, 90, 104, 215, 265, 285
36, 70, 111, 188, 230, 290
37, 74, 125, 172, 225, 278
38, 62, 107, 206, 264, 311
39, 73, 112, 185, 239, 288
40, 65, 113, 187, 248, 313
41, 69, 106, 200, 240, 282
42, 67, 114, 184, 263, 320
43, 63, 116, 199, 253, 291
44, 66, 117, 177, 237, 293
45, 82, 136, 193, 266, 319
46, 75, 126, 168, 245, 314
47, 80, 135, 170, 251, 325
48, 84, 141, 171, 234, 298
49, 78, 134, 181, 244, 312
50, 92, 139, 173, 232, 306
51, 81, 140, 166, 241, 315
52, 76, 131, 176, 246, 321
53, 85, 137, 180, 257, 323
