FLL Scheduler GA Summary Report (ID: 2132037128192 | Hash: -8154062175268963920)

Attributes:
--------------------
rank: 0
origin: (C | KPoint(k=2))
mutations: 0
clones: 0
_hash: -8154062175268963920
Length: 318

Fitness:
--------------------------
BreakTime           : 0.31062795876048954
LocationConsistency : 0.0
OpponentVariety     : 0.8754111684107535
-----------------------------------
Total               : 1.186039127171243
Percentage          : 39.53%

Per-Objective Statistics (Team Distribution):
-----------------------------------------------------------------
Objective                 | Min      | Max      | Avg      | Range   
-----------------------------------------------------------------
BreakTime                 | 0.0004   | 0.9193   | 0.5394   | 0.9189  
LocationConsistency       | 0.0417   | 0.9500   | 0.2390   | 0.9083  
OpponentVariety           | 0.7527   | 1.0000   | 0.9953   | 0.2473  

Team fitnesses (sorted by total fitness descending):
----------------------------------------------------
Max     : 2.741434
Min     : 0.794778
Range   : 1.946655
Average : 1.773710

Team |BreakTime |LocationConsistency |OpponentVariety |Sum
------------------------------------------------------------
46   |0.7914    |0.9500              |1.0000          |2.7414
42   |0.6732    |0.9500              |1.0000          |2.6232
8    |0.5895    |0.6417              |1.0000          |2.2312
50   |0.8630    |0.3500              |1.0000          |2.2130
52   |0.9185    |0.2667              |1.0000          |2.1852
30   |0.5133    |0.6417              |1.0000          |2.1550
45   |0.8865    |0.2667              |1.0000          |2.1531
51   |0.8672    |0.2667              |1.0000          |2.1338
2    |0.6216    |0.3667              |1.0000          |1.9883
5    |0.6329    |0.3500              |1.0000          |1.9829
53   |0.9139    |0.0500              |1.0000          |1.9639
47   |0.9193    |0.0417              |1.0000          |1.9610
36   |0.6764    |0.2667              |1.0000          |1.9431
49   |0.8925    |0.0417              |1.0000          |1.9342
48   |0.8793    |0.0500              |1.0000          |1.9293
1    |0.6485    |0.2667              |1.0000          |1.9152
14   |0.5543    |0.3500              |1.0000          |1.9043
37   |0.6273    |0.2667              |1.0000          |1.8939
40   |0.6257    |0.2667              |1.0000          |1.8923
17   |0.5389    |0.3500              |1.0000          |1.8889
13   |0.5379    |0.3500              |1.0000          |1.8879
43   |0.6044    |0.2667              |1.0000          |1.8710
10   |0.5920    |0.2667              |1.0000          |1.8586
18   |0.5901    |0.2667              |1.0000          |1.8568
38   |0.5809    |0.2667              |1.0000          |1.8476
9    |0.5719    |0.2667              |1.0000          |1.8385
4    |0.5640    |0.2667              |1.0000          |1.8307
12   |0.5619    |0.2667              |1.0000          |1.8286
28   |0.5616    |0.2667              |1.0000          |1.8282
3    |0.5474    |0.2667              |1.0000          |1.8141
19   |0.5082    |0.2667              |1.0000          |1.7749
32   |0.5002    |0.2667              |1.0000          |1.7669
41   |0.6673    |0.0500              |1.0000          |1.7173
39   |0.6637    |0.0500              |1.0000          |1.7137
20   |0.6013    |0.0667              |1.0000          |1.6680
15   |0.6158    |0.0417              |1.0000          |1.6575
6    |0.6005    |0.0500              |1.0000          |1.6505
44   |0.5936    |0.0500              |1.0000          |1.6436
11   |0.5556    |0.0667              |1.0000          |1.6223
7    |0.5774    |0.0417              |1.0000          |1.6190
16   |0.5758    |0.0417              |1.0000          |1.6174
27   |0.5515    |0.0417              |1.0000          |1.5931
24   |0.5397    |0.0500              |1.0000          |1.5897
23   |0.4972    |0.0750              |1.0000          |1.5722
35   |0.0475    |0.3500              |1.0000          |1.3975
31   |0.0004    |0.3500              |1.0000          |1.3504
29   |0.0488    |0.2667              |1.0000          |1.3154
21   |0.0465    |0.2667              |1.0000          |1.3132
25   |0.0004    |0.2667              |1.0000          |1.2671
26   |0.0454    |0.0750              |1.0000          |1.1204
33   |0.0045    |0.0750              |1.0000          |1.0795
34   |0.0004    |0.0667              |1.0000          |1.0671
22   |0.0004    |0.0417              |0.7527          |0.7948

Team Events (sorted, for dev use, diff check with others to ensure truly different schedules created):
------------------------------------------------------------
0, 103, 161, 177, 224, 293
1, 100, 156, 182, 241, 308
2, 94, 149, 205, 249, 287
3, 101, 147, 208, 271, 325
4, 109, 155, 180, 244, 301
5, 97, 154, 184, 228, 292
6, 108, 153, 211, 261, 310
7, 96, 143, 188, 232, 295
8, 99, 145, 191, 240, 299
9, 121, 163, 181, 223, 283
10, 125, 157, 192, 252, 302
11, 114, 165, 203, 246, 309
12, 122, 150, 198, 263, 303
13, 123, 162, 195, 231, 279
14, 118, 159, 189, 260, 322
15, 132, 160, 194, 269, 305
16, 119, 152, 207, 270, 319
17, 120, 164, 190, 255, 316
18, 59, 146, 204, 258, 294
19, 54, 158, 171, 215, 272
20, 71, 144, 214, 264, 307
21, 85, 131, 206, 226, 276
22, 60, 148, 218, 274, 317
24, 57, 151, 200, 250, 304
25, 75, 138, 202, 220, 273
26, 78, 142, 196, 236, 275
27, 55, 93, 176, 222, 290
28, 56, 91, 173, 217, 280
29, 64, 98, 210, 259, 300
30, 61, 89, 197, 234, 281
31, 90, 102, 221, 266, 285
32, 58, 87, 209, 254, 298
33, 76, 86, 213, 229, 277
34, 95, 111, 219, 262, 284
35, 69, 88, 216, 257, 296
36, 66, 115, 187, 268, 320
37, 77, 110, 183, 237, 288
38, 68, 105, 201, 243, 282
39, 72, 124, 166, 225, 278
40, 74, 113, 186, 245, 291
41, 67, 117, 178, 230, 286
42, 65, 112, 185, 248, 313
43, 63, 104, 212, 267, 311
44, 62, 116, 199, 247, 289
45, 92, 139, 167, 235, 306
46, 84, 137, 193, 265, 324
47, 73, 133, 172, 239, 314
48, 83, 140, 168, 233, 297
49, 70, 130, 179, 253, 321
50, 79, 134, 174, 238, 312
51, 82, 136, 175, 256, 323
52, 81, 135, 169, 251, 318
53, 80, 141, 170, 242, 315
