FLL Scheduler GA Summary Report (ID: 2132111942576 | Hash: 8497323639826340865)

Attributes:
--------------------
rank: 0
origin: (C | RoundTypeCrossover)
mutations: 0
clones: 0
_hash: 8497323639826340865
Length: 318

Fitness:
--------------------------
BreakTime           : 0.31062795876048954
LocationConsistency : 0.0
OpponentVariety     : 0.8754111684107535
-----------------------------------
Total               : 1.186039127171243
Percentage          : 39.53%

Per-Objective Statistics (Team Distribution):
-----------------------------------------------------------------
Objective                 | Min      | Max      | Avg      | Range   
-----------------------------------------------------------------
BreakTime                 | 0.0004   | 0.9193   | 0.5394   | 0.9189  
LocationConsistency       | 0.0417   | 0.6417   | 0.2192   | 0.6000  
OpponentVariety           | 0.7527   | 1.0000   | 0.9953   | 0.2473  

Team fitnesses (sorted by total fitness descending):
----------------------------------------------------
Max     : 2.433100
Min     : 1.042072
Range   : 1.391029
Average : 1.753898

Team |BreakTime |LocationConsistency |OpponentVariety |Sum
------------------------------------------------------------
52   |0.7914    |0.6417              |1.0000          |2.4331
10   |0.6158    |0.6417              |1.0000          |2.2575
36   |0.6044    |0.6417              |1.0000          |2.2460
51   |0.8672    |0.3500              |1.0000          |2.2172
48   |0.8630    |0.3500              |1.0000          |2.2130
40   |0.6732    |0.5250              |1.0000          |2.1982
46   |0.9185    |0.2667              |1.0000          |2.1852
11   |0.5379    |0.6417              |1.0000          |2.1796
49   |0.8925    |0.2667              |1.0000          |2.1592
45   |0.8865    |0.2667              |1.0000          |2.1531
42   |0.6764    |0.3500              |1.0000          |2.0264
3    |0.6329    |0.3500              |1.0000          |1.9829
37   |0.6273    |0.3500              |1.0000          |1.9773
47   |0.9193    |0.0417              |1.0000          |1.9610
53   |0.9139    |0.0417              |1.0000          |1.9555
12   |0.5901    |0.3500              |1.0000          |1.9401
38   |0.6673    |0.2667              |1.0000          |1.9339
50   |0.8793    |0.0500              |1.0000          |1.9293
1    |0.6485    |0.2667              |1.0000          |1.9152
34   |0.5616    |0.3500              |1.0000          |1.9116
19   |0.5397    |0.3500              |1.0000          |1.8897
5    |0.6216    |0.2667              |1.0000          |1.8883
25   |0.6013    |0.2667              |1.0000          |1.8680
44   |0.5936    |0.2667              |1.0000          |1.8603
14   |0.5758    |0.2667              |1.0000          |1.8424
16   |0.5556    |0.2667              |1.0000          |1.8223
30   |0.5133    |0.2667              |1.0000          |1.7800
20   |0.5082    |0.2667              |1.0000          |1.7749
39   |0.6637    |0.0417              |1.0000          |1.7054
21   |0.0465    |0.6417              |1.0000          |1.6882
43   |0.6257    |0.0417              |1.0000          |1.6673
7    |0.6005    |0.0667              |1.0000          |1.6672
9    |0.5719    |0.0750              |1.0000          |1.6469
4    |0.5895    |0.0500              |1.0000          |1.6395
13   |0.5920    |0.0417              |1.0000          |1.6336
41   |0.5809    |0.0500              |1.0000          |1.6309
8    |0.5774    |0.0500              |1.0000          |1.6274
6    |0.5474    |0.0750              |1.0000          |1.6224
2    |0.5640    |0.0500              |1.0000          |1.6140
15   |0.5389    |0.0750              |1.0000          |1.6139
18   |0.5543    |0.0500              |1.0000          |1.6043
17   |0.5619    |0.0417              |1.0000          |1.6036
35   |0.5515    |0.0417              |1.0000          |1.5931
32   |0.5002    |0.0500              |1.0000          |1.5502
26   |0.4972    |0.0417              |1.0000          |1.5389
24   |0.0004    |0.2667              |1.0000          |1.2671
28   |0.0488    |0.0667              |1.0000          |1.1154
22   |0.0004    |0.3500              |0.7527          |1.1031
29   |0.0475    |0.0500              |1.0000          |1.0975
23   |0.0454    |0.0417              |1.0000          |1.0871
33   |0.0045    |0.0500              |1.0000          |1.0545
31   |0.0004    |0.0417              |1.0000          |1.0421
27   |0.0004    |0.0417              |1.0000          |1.0421

Team Events (sorted, for dev use, diff check with others to ensure truly different schedules created):
------------------------------------------------------------
0, 102, 161, 178, 224, 286
1, 100, 145, 208, 277, 325
2, 109, 153, 175, 239, 301
3, 97, 148, 183, 232, 295
4, 101, 156, 188, 241, 303
5, 94, 142, 205, 250, 293
6, 96, 152, 186, 228, 287
7, 108, 154, 211, 254, 310
8, 98, 146, 196, 240, 296
9, 122, 158, 182, 255, 322
10, 124, 150, 198, 263, 308
11, 120, 165, 197, 260, 316
12, 121, 163, 174, 223, 282
13, 132, 160, 192, 269, 305
14, 123, 155, 207, 276, 319
15, 118, 157, 195, 247, 309
16, 113, 164, 203, 253, 302
17, 125, 162, 193, 231, 279
18, 57, 151, 200, 249, 304
19, 58, 144, 204, 256, 294
20, 71, 147, 215, 264, 307
21, 85, 130, 206, 226, 270
22, 78, 149, 191, 236, 273
23, 74, 137, 202, 221, 275
24, 54, 159, 169, 214, 274
25, 60, 143, 218, 272, 317
27, 95, 117, 219, 262, 284
28, 67, 99, 210, 257, 300
29, 62, 91, 216, 258, 298
30, 61, 90, 190, 234, 280
31, 88, 103, 220, 266, 285
32, 59, 87, 209, 261, 297
33, 76, 86, 213, 229, 271
34, 56, 89, 166, 217, 281
35, 55, 93, 179, 222, 289
36, 68, 107, 212, 267, 311
37, 77, 116, 189, 237, 290
38, 64, 110, 177, 230, 292
39, 72, 119, 173, 225, 278
40, 66, 115, 187, 251, 315
41, 63, 106, 201, 243, 283
42, 65, 112, 184, 268, 320
43, 75, 114, 185, 238, 288
44, 69, 111, 199, 252, 291
45, 92, 136, 172, 235, 306
46, 82, 140, 170, 248, 318
47, 73, 133, 167, 244, 312
48, 79, 141, 181, 245, 314
49, 70, 131, 176, 246, 321
50, 80, 135, 171, 233, 299
51, 81, 139, 180, 259, 323
52, 84, 138, 194, 265, 324
53, 83, 134, 168, 242, 313
