FLL Scheduler GA Summary Report (ID: 2132037135360 | Hash: 2812083042018778992)

Attributes:
--------------------
rank: 0
origin: (C | KPoint(k=2))
mutations: 0
clones: 0
_hash: 2812083042018778992
Length: 318

Fitness:
--------------------------
BreakTime           : 0.31062795876048954
LocationConsistency : 0.0
OpponentVariety     : 0.8754111684107535
-----------------------------------
Total               : 1.186039127171243
Percentage          : 39.53%

Per-Objective Statistics (Team Distribution):
-----------------------------------------------------------------
Objective                 | Min      | Max      | Avg      | Range   
-----------------------------------------------------------------
BreakTime                 | 0.0004   | 0.9193   | 0.5394   | 0.9189  
LocationConsistency       | 0.0417   | 0.6417   | 0.2039   | 0.6000  
OpponentVariety           | 0.7527   | 1.0000   | 0.9953   | 0.2473  

Team fitnesses (sorted by total fitness descending):
----------------------------------------------------
Max     : 2.528134
Min     : 1.019778
Range   : 1.508355
Average : 1.738647

Team |BreakTime |LocationConsistency |OpponentVariety |Sum
------------------------------------------------------------
49   |0.8865    |0.6417              |1.0000          |2.5281
42   |0.6044    |0.6417              |1.0000          |2.2460
47   |0.9193    |0.2667              |1.0000          |2.1860
45   |0.9139    |0.2667              |1.0000          |2.1805
53   |0.8925    |0.2667              |1.0000          |2.1592
38   |0.6764    |0.3500              |1.0000          |2.0264
43   |0.6673    |0.3500              |1.0000          |2.0173
51   |0.9185    |0.0500              |1.0000          |1.9685
25   |0.6013    |0.3667              |1.0000          |1.9680
41   |0.6732    |0.2667              |1.0000          |1.9398
8    |0.5895    |0.3500              |1.0000          |1.9395
9    |0.5719    |0.3667              |1.0000          |1.9385
36   |0.5809    |0.3500              |1.0000          |1.9309
48   |0.8630    |0.0667              |1.0000          |1.9297
50   |0.8793    |0.0500              |1.0000          |1.9293
11   |0.5556    |0.3667              |1.0000          |1.9223
14   |0.5543    |0.3667              |1.0000          |1.9210
1    |0.6485    |0.2667              |1.0000          |1.9152
52   |0.8672    |0.0417              |1.0000          |1.9088
3    |0.6329    |0.2667              |1.0000          |1.8995
40   |0.6273    |0.2667              |1.0000          |1.8939
39   |0.6257    |0.2667              |1.0000          |1.8923
10   |0.5920    |0.2667              |1.0000          |1.8586
17   |0.5901    |0.2667              |1.0000          |1.8568
4    |0.5774    |0.2667              |1.0000          |1.8440
46   |0.7914    |0.0417              |1.0000          |1.8331
7    |0.5640    |0.2667              |1.0000          |1.8307
12   |0.5619    |0.2667              |1.0000          |1.8286
22   |0.5082    |0.2667              |1.0000          |1.7749
33   |0.5002    |0.2667              |1.0000          |1.7669
37   |0.6637    |0.0500              |1.0000          |1.7137
15   |0.6158    |0.0667              |1.0000          |1.6825
5    |0.6216    |0.0417              |1.0000          |1.6633
6    |0.6005    |0.0500              |1.0000          |1.6505
35   |0.0045    |0.6417              |1.0000          |1.6461
44   |0.5936    |0.0500              |1.0000          |1.6436
31   |0.5616    |0.0667              |1.0000          |1.6282
18   |0.5758    |0.0417              |1.0000          |1.6174
29   |0.5515    |0.0417              |1.0000          |1.5931
2    |0.5474    |0.0417              |1.0000          |1.5891
16   |0.5389    |0.0500              |1.0000          |1.5889
13   |0.5379    |0.0500              |1.0000          |1.5879
20   |0.5397    |0.0417              |1.0000          |1.5814
26   |0.4972    |0.0667              |1.0000          |1.5639
28   |0.5133    |0.0500              |1.0000          |1.5633
23   |0.0465    |0.2667              |1.0000          |1.3132
19   |0.0454    |0.2667              |1.0000          |1.3121
34   |0.0488    |0.0667              |1.0000          |1.1154
27   |0.0475    |0.0417              |1.0000          |1.0891
30   |0.0004    |0.0667              |1.0000          |1.0671
24   |0.0004    |0.0417              |1.0000          |1.0421
32   |0.0004    |0.0417              |1.0000          |1.0421
21   |0.0004    |0.2667              |0.7527          |1.0198

Team Events (sorted, for dev use, diff check with others to ensure truly different schedules created):
------------------------------------------------------------
0, 105, 162, 178, 224, 293
1, 100, 149, 198, 249, 287
2, 102, 152, 175, 238, 301
3, 103, 154, 208, 261, 311
4, 94, 156, 189, 242, 303
5, 98, 153, 187, 228, 292
6, 95, 147, 211, 277, 318
7, 99, 143, 183, 232, 295
8, 97, 145, 196, 243, 297
9, 123, 160, 174, 223, 280
10, 125, 157, 195, 247, 309
11, 113, 164, 200, 252, 302
12, 120, 150, 204, 263, 308
13, 121, 161, 193, 231, 284
14, 119, 159, 182, 260, 322
15, 118, 155, 212, 276, 325
16, 122, 165, 197, 255, 316
17, 126, 163, 192, 269, 305
18, 79, 142, 191, 236, 273
19, 57, 151, 203, 250, 304
20, 85, 129, 213, 226, 270
21, 59, 146, 199, 258, 294
22, 77, 144, 215, 264, 307
23, 72, 138, 201, 221, 275
25, 54, 158, 168, 214, 274
26, 60, 148, 218, 272, 317
27, 69, 90, 216, 257, 299
28, 61, 91, 190, 234, 282
29, 55, 93, 179, 222, 290
30, 101, 117, 219, 262, 279
31, 56, 88, 166, 217, 283
32, 89, 104, 220, 266, 278
33, 58, 87, 210, 254, 296
34, 64, 96, 209, 259, 300
35, 71, 86, 206, 229, 271
36, 68, 106, 202, 241, 281
37, 74, 124, 173, 225, 285
38, 66, 112, 184, 268, 320
39, 73, 114, 185, 239, 291
40, 70, 116, 188, 237, 288
41, 65, 115, 186, 248, 313
42, 63, 107, 207, 267, 310
43, 67, 110, 177, 230, 286
44, 62, 111, 205, 253, 289
45, 81, 140, 169, 240, 315
46, 84, 136, 194, 265, 319
47, 75, 127, 167, 245, 314
48, 78, 134, 181, 244, 312
49, 92, 139, 172, 235, 306
50, 83, 141, 170, 233, 298
51, 80, 135, 171, 251, 324
52, 82, 137, 180, 256, 323
53, 76, 128, 176, 246, 321
