FLL Scheduler GA Summary Report (ID: 2132037129536 | Hash: -6852070793244840726)

Attributes:
--------------------
rank: 0
origin: (C | RoundTypeCrossover)
mutations: 0
clones: 0
_hash: -6852070793244840726
Length: 318

Fitness:
--------------------------
BreakTime           : 0.31062795876048954
LocationConsistency : 0.0
OpponentVariety     : 0.8754111684107535
-----------------------------------
Total               : 1.186039127171243
Percentage          : 39.53%

Per-Objective Statistics (Team Distribution):
-----------------------------------------------------------------
Objective                 | Min      | Max      | Avg      | Range   
-----------------------------------------------------------------
BreakTime                 | 0.0004   | 0.9193   | 0.5394   | 0.9189  
LocationConsistency       | 0.0417   | 0.6417   | 0.1874   | 0.6000  
OpponentVariety           | 0.7527   | 1.0000   | 0.9953   | 0.2473  

Team fitnesses (sorted by total fitness descending):
----------------------------------------------------
Max     : 2.508826
Min     : 1.019778
Range   : 1.489048
Average : 1.722137

Team |BreakTime |LocationConsistency |OpponentVariety |Sum
------------------------------------------------------------
53   |0.8672    |0.6417              |1.0000          |2.5088
50   |0.8793    |0.3500              |1.0000          |2.2293
47   |0.9193    |0.2667              |1.0000          |2.1860
46   |0.9185    |0.2667              |1.0000          |2.1852
34   |0.5133    |0.6417              |1.0000          |2.1550
51   |0.7914    |0.3500              |1.0000          |2.1414
48   |0.8630    |0.2667              |1.0000          |2.1297
37   |0.6637    |0.3500              |1.0000          |2.0137
49   |0.9139    |0.0417              |1.0000          |1.9555
38   |0.6044    |0.3500              |1.0000          |1.9544
42   |0.6732    |0.2667              |1.0000          |1.9398
2    |0.5895    |0.3500              |1.0000          |1.9395
7    |0.5719    |0.3667              |1.0000          |1.9385
52   |0.8925    |0.0417              |1.0000          |1.9342
45   |0.8865    |0.0417              |1.0000          |1.9281
6    |0.5474    |0.3667              |1.0000          |1.9141
5    |0.6216    |0.2667              |1.0000          |1.8883
15   |0.6158    |0.2667              |1.0000          |1.8825
9    |0.6005    |0.2667              |1.0000          |1.8672
44   |0.5936    |0.2667              |1.0000          |1.8603
18   |0.5901    |0.2667              |1.0000          |1.8568
4    |0.5640    |0.2667              |1.0000          |1.8307
12   |0.5619    |0.2667              |1.0000          |1.8286
27   |0.5616    |0.2667              |1.0000          |1.8282
14   |0.5543    |0.2667              |1.0000          |1.8210
39   |0.6764    |0.0500              |1.0000          |1.7264
43   |0.6673    |0.0500              |1.0000          |1.7173
36   |0.6273    |0.0667              |1.0000          |1.6939
41   |0.6257    |0.0667              |1.0000          |1.6923
1    |0.6485    |0.0417              |1.0000          |1.6902
8    |0.6329    |0.0417              |1.0000          |1.6745
24   |0.6013    |0.0417              |1.0000          |1.6430
11   |0.5920    |0.0417              |1.0000          |1.6336
17   |0.5758    |0.0500              |1.0000          |1.6258
40   |0.5809    |0.0417              |1.0000          |1.6226
3    |0.5774    |0.0417              |1.0000          |1.6190
33   |0.5515    |0.0667              |1.0000          |1.6181
16   |0.5389    |0.0750              |1.0000          |1.6139
10   |0.5556    |0.0417              |1.0000          |1.5973
26   |0.5397    |0.0500              |1.0000          |1.5897
13   |0.5379    |0.0500              |1.0000          |1.5879
21   |0.5082    |0.0667              |1.0000          |1.5749
31   |0.5002    |0.0417              |1.0000          |1.5419
19   |0.4972    |0.0417              |1.0000          |1.5389
29   |0.0488    |0.3500              |1.0000          |1.3988
22   |0.0454    |0.3500              |1.0000          |1.3954
32   |0.0045    |0.3500              |1.0000          |1.3545
28   |0.0475    |0.0750              |1.0000          |1.1225
20   |0.0465    |0.0500              |1.0000          |1.0965
30   |0.0004    |0.0667              |1.0000          |1.0671
23   |0.0004    |0.0500              |1.0000          |1.0504
35   |0.0004    |0.0500              |1.0000          |1.0504
25   |0.0004    |0.2667              |0.7527          |1.0198

Team Events (sorted, for dev use, diff check with others to ensure truly different schedules created):
------------------------------------------------------------
0, 105, 163, 178, 224, 286
1, 98, 143, 183, 235, 295
2, 103, 154, 208, 260, 310
3, 95, 147, 211, 277, 318
4, 94, 157, 189, 241, 303
5, 101, 149, 205, 249, 292
6, 97, 145, 196, 240, 297
7, 102, 153, 175, 244, 301
8, 99, 152, 187, 226, 287
9, 118, 156, 195, 247, 309
10, 122, 160, 174, 223, 281
11, 112, 164, 203, 252, 302
12, 121, 151, 198, 262, 308
13, 120, 161, 192, 236, 285
14, 124, 158, 182, 261, 322
15, 125, 155, 212, 276, 324
16, 127, 162, 193, 268, 305
17, 123, 165, 197, 255, 316
18, 55, 148, 217, 272, 317
19, 70, 144, 220, 267, 307
20, 58, 146, 204, 256, 294
21, 79, 142, 191, 231, 273
22, 75, 136, 202, 214, 274
23, 60, 159, 169, 221, 275
24, 84, 130, 213, 228, 271
25, 57, 150, 200, 250, 304
27, 56, 91, 167, 218, 283
28, 68, 88, 219, 259, 299
29, 65, 96, 209, 257, 300
30, 100, 116, 216, 263, 278
31, 59, 87, 210, 254, 296
32, 76, 86, 206, 227, 270
33, 61, 93, 179, 222, 289
34, 54, 89, 190, 233, 282
35, 90, 104, 215, 265, 279
36, 77, 117, 188, 230, 290
37, 73, 119, 172, 225, 284
38, 63, 107, 207, 264, 311
39, 66, 113, 184, 269, 320
40, 69, 106, 201, 243, 280
41, 74, 114, 185, 245, 288
42, 64, 115, 186, 248, 313
43, 67, 110, 177, 237, 293
44, 62, 111, 199, 253, 291
45, 92, 137, 173, 232, 306
46, 80, 141, 170, 251, 325
47, 72, 126, 166, 239, 314
48, 78, 140, 181, 238, 312
49, 81, 135, 168, 242, 315
50, 83, 134, 171, 234, 298
51, 85, 138, 194, 266, 319
52, 71, 131, 176, 246, 321
53, 82, 139, 180, 258, 323
