FLL Scheduler GA Summary Report (ID: 2132111948960 | Hash: -2997602321391372475)

Attributes:
--------------------
rank: 0
origin: (C | RoundTypeCrossover)
mutations: 0
clones: 0
_hash: -2997602321391372475
Length: 318

Fitness:
--------------------------
BreakTime           : 0.31062795876048954
LocationConsistency : 0.0
OpponentVariety     : 0.8754111684107535
-----------------------------------
Total               : 1.186039127171243
Percentage          : 39.53%

Per-Objective Statistics (Team Distribution):
-----------------------------------------------------------------
Objective                 | Min      | Max      | Avg      | Range   
-----------------------------------------------------------------
BreakTime                 | 0.0004   | 0.9193   | 0.5394   | 0.9189  
LocationConsistency       | 0.0417   | 0.9500   | 0.2358   | 0.9083  
OpponentVariety           | 0.7527   | 1.0000   | 0.9953   | 0.2473  

Team fitnesses (sorted by total fitness descending):
----------------------------------------------------
Max     : 2.450224
Min     : 1.019778
Range   : 1.430445
Average : 1.770565

Team |BreakTime |LocationConsistency |OpponentVariety |Sum
------------------------------------------------------------
32   |0.5002    |0.9500              |1.0000          |2.4502
46   |0.7914    |0.6417              |1.0000          |2.4331
36   |0.6044    |0.6417              |1.0000          |2.2460
48   |0.8793    |0.3500              |1.0000          |2.2293
52   |0.9185    |0.2667              |1.0000          |2.1852
49   |0.8925    |0.2667              |1.0000          |2.1592
47   |0.8672    |0.2667              |1.0000          |2.1338
44   |0.6732    |0.3667              |1.0000          |2.0398
42   |0.6764    |0.3500              |1.0000          |2.0264
11   |0.6158    |0.3667              |1.0000          |1.9825
53   |0.9139    |0.0500              |1.0000          |1.9639
51   |0.9193    |0.0417              |1.0000          |1.9610
39   |0.6637    |0.2667              |1.0000          |1.9304
34   |0.5616    |0.3667              |1.0000          |1.9282
45   |0.8865    |0.0417              |1.0000          |1.9281
16   |0.5556    |0.3667              |1.0000          |1.9223
9    |0.6485    |0.2667              |1.0000          |1.9152
2    |0.5640    |0.3500              |1.0000          |1.9140
50   |0.8630    |0.0500              |1.0000          |1.9130
1    |0.5474    |0.3500              |1.0000          |1.8974
37   |0.6273    |0.2667              |1.0000          |1.8939
23   |0.5397    |0.3500              |1.0000          |1.8897
10   |0.5389    |0.3500              |1.0000          |1.8889
5    |0.6216    |0.2667              |1.0000          |1.8883
24   |0.6013    |0.2667              |1.0000          |1.8680
40   |0.5936    |0.2667              |1.0000          |1.8603
15   |0.5920    |0.2667              |1.0000          |1.8586
12   |0.5901    |0.2667              |1.0000          |1.8568
6    |0.5895    |0.2667              |1.0000          |1.8562
41   |0.5809    |0.2667              |1.0000          |1.8476
8    |0.5774    |0.2667              |1.0000          |1.8440
18   |0.5758    |0.2667              |1.0000          |1.8424
13   |0.5379    |0.2667              |1.0000          |1.8046
20   |0.5082    |0.2667              |1.0000          |1.7749
38   |0.6673    |0.0417              |1.0000          |1.7089
43   |0.6257    |0.0667              |1.0000          |1.6923
4    |0.6329    |0.0500              |1.0000          |1.6829
7    |0.6005    |0.0667              |1.0000          |1.6672
3    |0.5719    |0.0417              |1.0000          |1.6135
14   |0.5543    |0.0500              |1.0000          |1.6043
17   |0.5619    |0.0417              |1.0000          |1.6036
35   |0.5515    |0.0417              |1.0000          |1.5931
26   |0.4972    |0.0667              |1.0000          |1.5639
30   |0.5133    |0.0500              |1.0000          |1.5633
19   |0.0004    |0.3667              |1.0000          |1.3671
25   |0.0465    |0.2667              |1.0000          |1.3132
33   |0.0045    |0.2667              |1.0000          |1.2711
29   |0.0488    |0.0667              |1.0000          |1.1154
22   |0.0454    |0.0667              |1.0000          |1.1121
27   |0.0475    |0.0500              |1.0000          |1.0975
28   |0.0004    |0.0750              |1.0000          |1.0754
31   |0.0004    |0.0417              |1.0000          |1.0421
21   |0.0004    |0.2667              |0.7527          |1.0198

Team Events (sorted, for dev use, diff check with others to ensure truly different schedules created):
------------------------------------------------------------
0, 94, 149, 205, 250, 293
1, 100, 147, 211, 277, 325
2, 98, 145, 196, 240, 299
3, 109, 153, 175, 239, 294
4, 101, 156, 189, 241, 303
5, 97, 143, 183, 234, 300
6, 96, 152, 187, 226, 287
7, 108, 154, 209, 260, 317
8, 102, 161, 178, 224, 286
9, 119, 155, 212, 276, 319
10, 118, 158, 182, 261, 322
11, 120, 165, 197, 254, 311
12, 122, 150, 198, 269, 308
13, 123, 162, 193, 231, 279
14, 121, 163, 174, 223, 283
15, 125, 157, 195, 247, 309
16, 113, 164, 203, 253, 302
17, 132, 160, 192, 263, 305
18, 74, 138, 202, 221, 275
19, 59, 146, 204, 259, 301
20, 85, 131, 213, 228, 270
22, 78, 142, 191, 236, 273
23, 56, 151, 200, 249, 304
24, 54, 159, 169, 215, 274
25, 71, 144, 214, 264, 307
26, 60, 148, 218, 272, 310
27, 62, 91, 216, 256, 297
28, 95, 111, 219, 268, 284
29, 67, 99, 208, 258, 295
30, 61, 90, 190, 233, 281
31, 88, 103, 220, 266, 285
32, 58, 87, 210, 255, 298
33, 76, 86, 206, 227, 271
34, 57, 89, 166, 217, 280
35, 55, 93, 179, 222, 289
36, 68, 107, 207, 267, 316
37, 77, 110, 188, 237, 290
38, 64, 117, 177, 230, 292
39, 72, 124, 172, 225, 278
40, 69, 116, 199, 252, 291
41, 63, 106, 201, 243, 282
42, 65, 112, 184, 262, 320
43, 75, 115, 185, 238, 288
44, 66, 114, 186, 251, 312
45, 92, 139, 173, 232, 306
46, 84, 137, 194, 265, 324
47, 81, 136, 180, 257, 323
48, 80, 140, 171, 235, 296
49, 70, 130, 176, 246, 321
50, 79, 134, 181, 245, 313
51, 73, 133, 167, 244, 315
52, 82, 135, 170, 248, 318
53, 83, 141, 168, 242, 314
