FLL Scheduler GA Summary Report (ID: 2132111934736 | Hash: -5981441358975441308)

Attributes:
--------------------
rank: 0
origin: (C | KPoint(k=1))
mutations: 1
clones: 0
_hash: -5981441358975441308
Length: 318

Fitness:
--------------------------
BreakTime           : 0.31062795876048954
LocationConsistency : 0.0
OpponentVariety     : 0.8754111684107535
-----------------------------------
Total               : 1.186039127171243
Percentage          : 39.53%

Per-Objective Statistics (Team Distribution):
-----------------------------------------------------------------
Objective                 | Min      | Max      | Avg      | Range   
-----------------------------------------------------------------
BreakTime                 | 0.0004   | 0.9193   | 0.5394   | 0.9189  
LocationConsistency       | 0.0417   | 0.6417   | 0.2176   | 0.6000  
OpponentVariety           | 0.7527   | 1.0000   | 0.9953   | 0.2473  

Team fitnesses (sorted by total fitness descending):
----------------------------------------------------
Max     : 2.433100
Min     : 1.019778
Range   : 1.413322
Average : 1.752326

Team |BreakTime |LocationConsistency |OpponentVariety |Sum
------------------------------------------------------------
52   |0.7914    |0.6417              |1.0000          |2.4331
53   |0.9139    |0.3500              |1.0000          |2.2639
11   |0.6158    |0.6417              |1.0000          |2.2575
36   |0.6044    |0.6417              |1.0000          |2.2460
50   |0.8793    |0.3500              |1.0000          |2.2293
2    |0.5640    |0.6417              |1.0000          |2.2057
13   |0.5379    |0.6417              |1.0000          |2.1796
49   |0.8925    |0.2667              |1.0000          |2.1592
39   |0.6732    |0.3667              |1.0000          |2.0398
42   |0.6764    |0.3500              |1.0000          |2.0264
4    |0.6329    |0.3500              |1.0000          |1.9829
47   |0.9193    |0.0500              |1.0000          |1.9693
46   |0.9185    |0.0417              |1.0000          |1.9602
6    |0.5895    |0.3500              |1.0000          |1.9395
45   |0.8865    |0.0417              |1.0000          |1.9281
16   |0.5556    |0.3667              |1.0000          |1.9223
51   |0.8672    |0.0500              |1.0000          |1.9172
9    |0.6485    |0.2667              |1.0000          |1.9152
48   |0.8630    |0.0500              |1.0000          |1.9130
34   |0.5616    |0.3500              |1.0000          |1.9116
1    |0.5474    |0.3500              |1.0000          |1.8974
37   |0.6273    |0.2667              |1.0000          |1.8939
26   |0.5397    |0.3500              |1.0000          |1.8897
5    |0.6216    |0.2667              |1.0000          |1.8883
7    |0.6005    |0.2667              |1.0000          |1.8672
43   |0.5936    |0.2667              |1.0000          |1.8603
12   |0.5901    |0.2667              |1.0000          |1.8568
8    |0.5774    |0.2667              |1.0000          |1.8440
18   |0.5758    |0.2667              |1.0000          |1.8424
38   |0.6673    |0.0417              |1.0000          |1.7089
41   |0.6637    |0.0417              |1.0000          |1.7054
21   |0.6013    |0.0667              |1.0000          |1.6680
40   |0.6257    |0.0417              |1.0000          |1.6673
15   |0.5920    |0.0417              |1.0000          |1.6336
44   |0.5809    |0.0500              |1.0000          |1.6309
3    |0.5719    |0.0500              |1.0000          |1.6219
14   |0.5543    |0.0500              |1.0000          |1.6043
17   |0.5619    |0.0417              |1.0000          |1.6036
35   |0.5515    |0.0417              |1.0000          |1.5931
10   |0.5389    |0.0417              |1.0000          |1.5806
19   |0.5082    |0.0667              |1.0000          |1.5749
25   |0.4972    |0.0667              |1.0000          |1.5639
30   |0.5133    |0.0417              |1.0000          |1.5550
32   |0.5002    |0.0417              |1.0000          |1.5419
24   |0.0004    |0.3500              |1.0000          |1.3504
22   |0.0465    |0.2667              |1.0000          |1.3132
33   |0.0045    |0.2667              |1.0000          |1.2711
20   |0.0454    |0.0667              |1.0000          |1.1121
29   |0.0488    |0.0500              |1.0000          |1.0988
27   |0.0475    |0.0500              |1.0000          |1.0975
28   |0.0004    |0.0667              |1.0000          |1.0671
31   |0.0004    |0.0500              |1.0000          |1.0504
23   |0.0004    |0.2667              |0.7527          |1.0198

Team Events (sorted, for dev use, diff check with others to ensure truly different schedules created):
------------------------------------------------------------
0, 94, 149, 205, 250, 293
1, 100, 147, 211, 276, 325
2, 99, 145, 196, 240, 296
3, 109, 155, 175, 239, 301
4, 101, 156, 189, 241, 303
5, 97, 143, 183, 234, 295
6, 96, 154, 187, 226, 287
7, 108, 153, 209, 254, 317
8, 102, 161, 178, 224, 286
9, 123, 152, 212, 277, 319
10, 122, 159, 182, 255, 322
11, 120, 164, 197, 260, 311
12, 119, 150, 198, 263, 308
13, 118, 162, 193, 231, 279
14, 121, 163, 174, 223, 282
15, 125, 157, 195, 247, 309
16, 113, 165, 203, 252, 302
17, 132, 160, 192, 269, 305
18, 58, 146, 204, 257, 294
19, 78, 142, 191, 236, 273
21, 54, 158, 170, 215, 275
22, 71, 144, 214, 264, 307
23, 85, 130, 213, 228, 270
24, 75, 138, 202, 220, 274
25, 60, 148, 218, 272, 310
26, 57, 151, 200, 249, 304
27, 62, 91, 216, 258, 298
28, 95, 111, 219, 262, 284
29, 67, 98, 208, 256, 300
30, 61, 90, 190, 233, 280
31, 88, 103, 221, 266, 285
32, 59, 87, 210, 261, 297
33, 76, 86, 206, 227, 271
34, 56, 89, 173, 217, 281
35, 55, 93, 179, 222, 289
36, 68, 107, 207, 267, 316
37, 77, 110, 188, 237, 290
38, 64, 117, 177, 230, 292
39, 66, 114, 186, 251, 312
40, 74, 115, 185, 238, 288
41, 72, 124, 167, 225, 278
42, 65, 112, 184, 268, 320
43, 69, 116, 199, 253, 291
44, 63, 106, 201, 243, 283
45, 92, 139, 166, 232, 306
46, 82, 135, 169, 248, 318
47, 73, 133, 172, 244, 315
48, 79, 134, 181, 245, 313
49, 70, 131, 176, 246, 321
50, 80, 140, 168, 235, 299
51, 81, 136, 180, 259, 323
52, 84, 137, 194, 265, 324
53, 83, 141, 171, 242, 314
