FLL Scheduler GA Summary Report (ID: 2132037128304 | Hash: 2327228823925071541)

Attributes:
--------------------
rank: 0
origin: (C | TimeSlotCrossover)
mutations: 0
clones: 0
_hash: 2327228823925071541
Length: 318

Fitness:
--------------------------
BreakTime           : 0.31062795876048954
LocationConsistency : 0.0
OpponentVariety     : 0.8754111684107535
-----------------------------------
Total               : 1.186039127171243
Percentage          : 39.53%

Per-Objective Statistics (Team Distribution):
-----------------------------------------------------------------
Objective                 | Min      | Max      | Avg      | Range   
-----------------------------------------------------------------
BreakTime                 | 0.0004   | 0.9193   | 0.5394   | 0.9189  
LocationConsistency       | 0.0417   | 0.6417   | 0.1708   | 0.6000  
OpponentVariety           | 0.7527   | 1.0000   | 0.9953   | 0.2473  

Team fitnesses (sorted by total fitness descending):
----------------------------------------------------
Max     : 2.314821
Min     : 1.019778
Range   : 1.295043
Average : 1.705471

Team |BreakTime |LocationConsistency |OpponentVariety |Sum
------------------------------------------------------------
37   |0.6732    |0.6417              |1.0000          |2.3148
50   |0.9185    |0.2667              |1.0000          |2.1852
46   |0.9139    |0.2667              |1.0000          |2.1805
45   |0.8925    |0.2667              |1.0000          |2.1592
48   |0.8865    |0.2667              |1.0000          |2.1531
47   |0.8793    |0.2667              |1.0000          |2.1460
52   |0.8630    |0.2667              |1.0000          |2.1297
36   |0.6257    |0.3667              |1.0000          |1.9923
16   |0.6158    |0.3667              |1.0000          |1.9825
51   |0.9193    |0.0417              |1.0000          |1.9610
43   |0.6673    |0.2667              |1.0000          |1.9339
49   |0.8672    |0.0667              |1.0000          |1.9338
14   |0.5543    |0.3500              |1.0000          |1.9043
7    |0.6329    |0.2667              |1.0000          |1.8995
5    |0.6216    |0.2667              |1.0000          |1.8883
44   |0.5936    |0.2667              |1.0000          |1.8603
33   |0.5002    |0.3500              |1.0000          |1.8502
41   |0.5809    |0.2667              |1.0000          |1.8476
53   |0.7914    |0.0417              |1.0000          |1.8331
8    |0.5640    |0.2667              |1.0000          |1.8307
17   |0.5619    |0.2667              |1.0000          |1.8286
31   |0.5616    |0.2667              |1.0000          |1.8282
21   |0.5397    |0.2667              |1.0000          |1.8064
35   |0.5133    |0.2667              |1.0000          |1.7800
40   |0.6764    |0.0750              |1.0000          |1.7514
1    |0.6485    |0.0667              |1.0000          |1.7152
42   |0.6637    |0.0417              |1.0000          |1.7054
39   |0.6273    |0.0750              |1.0000          |1.7023
13   |0.5920    |0.0667              |1.0000          |1.6586
38   |0.6044    |0.0500              |1.0000          |1.6544
29   |0.0045    |0.6417              |1.0000          |1.6461
23   |0.6013    |0.0417              |1.0000          |1.6430
3    |0.6005    |0.0417              |1.0000          |1.6422
12   |0.5901    |0.0417              |1.0000          |1.6318
6    |0.5895    |0.0417              |1.0000          |1.6312
2    |0.5774    |0.0417              |1.0000          |1.6190
30   |0.5515    |0.0667              |1.0000          |1.6181
11   |0.5758    |0.0417              |1.0000          |1.6174
18   |0.5389    |0.0750              |1.0000          |1.6139
9    |0.5719    |0.0417              |1.0000          |1.6135
4    |0.5474    |0.0500              |1.0000          |1.5974
10   |0.5556    |0.0417              |1.0000          |1.5973
15   |0.5379    |0.0500              |1.0000          |1.5879
20   |0.5082    |0.0500              |1.0000          |1.5582
25   |0.4972    |0.0417              |1.0000          |1.5389
28   |0.0475    |0.2667              |1.0000          |1.3141
24   |0.0454    |0.0750              |1.0000          |1.1204
27   |0.0488    |0.0500              |1.0000          |1.0988
22   |0.0465    |0.0500              |1.0000          |1.0965
34   |0.0004    |0.0667              |1.0000          |1.0671
19   |0.0004    |0.0500              |1.0000          |1.0504
32   |0.0004    |0.0500              |1.0000          |1.0504
26   |0.0004    |0.2667              |0.7527          |1.0198

Team Events (sorted, for dev use, diff check with others to ensure truly different schedules created):
------------------------------------------------------------
0, 105, 161, 178, 224, 286
1, 103, 154, 208, 260, 310
2, 96, 153, 187, 226, 287
3, 94, 149, 204, 249, 292
4, 101, 151, 188, 241, 303
5, 97, 143, 182, 232, 300
6, 102, 152, 175, 244, 294
7, 100, 147, 211, 277, 318
8, 98, 145, 191, 240, 299
9, 124, 150, 192, 247, 309
10, 132, 160, 194, 262, 305
11, 123, 165, 190, 255, 316
12, 122, 162, 174, 223, 283
13, 121, 163, 195, 231, 279
14, 120, 157, 198, 268, 308
15, 119, 159, 183, 261, 322
16, 115, 164, 202, 252, 302
17, 118, 155, 212, 276, 324
18, 72, 138, 203, 220, 275
19, 59, 146, 205, 256, 301
20, 57, 156, 201, 250, 304
21, 77, 144, 214, 267, 307
22, 60, 158, 169, 215, 274
23, 78, 142, 196, 236, 273
24, 55, 148, 218, 272, 317
26, 85, 129, 213, 228, 270
27, 64, 99, 209, 257, 295
28, 69, 88, 216, 259, 297
29, 71, 86, 206, 227, 271
30, 61, 93, 179, 222, 289
31, 56, 91, 167, 217, 280
32, 90, 104, 221, 265, 285
33, 58, 87, 210, 254, 298
34, 95, 111, 219, 269, 284
35, 54, 89, 197, 234, 281
36, 73, 113, 185, 245, 288
37, 65, 112, 186, 248, 313
38, 62, 107, 207, 264, 311
39, 70, 110, 189, 237, 290
40, 66, 114, 184, 263, 320
41, 68, 106, 200, 243, 282
42, 74, 125, 172, 225, 278
43, 67, 117, 177, 230, 293
44, 63, 116, 199, 253, 291
45, 76, 128, 176, 246, 321
46, 83, 140, 168, 242, 315
47, 80, 141, 171, 233, 296
48, 92, 139, 173, 235, 306
49, 81, 137, 180, 258, 323
50, 82, 135, 170, 251, 325
51, 75, 133, 166, 239, 314
52, 79, 134, 181, 238, 312
53, 84, 136, 193, 266, 319
