FLL Scheduler GA Summary Report (ID: 2132111940112 | Hash: -4138814500862266594)

Attributes:
--------------------
rank: 0
origin: (C | LocationCrossover)
mutations: 0
clones: 0
_hash: -4138814500862266594
Length: 318

Fitness:
--------------------------
BreakTime           : 0.31062795876048954
LocationConsistency : 0.0
OpponentVariety     : 0.8754111684107535
-----------------------------------
Total               : 1.186039127171243
Percentage          : 39.53%

Per-Objective Statistics (Team Distribution):
-----------------------------------------------------------------
Objective                 | Min      | Max      | Avg      | Range   
-----------------------------------------------------------------
BreakTime                 | 0.0004   | 0.9193   | 0.5394   | 0.9189  
LocationConsistency       | 0.0417   | 0.6417   | 0.2124   | 0.6000  
OpponentVariety           | 0.7527   | 1.0000   | 0.9953   | 0.2473  

Team fitnesses (sorted by total fitness descending):
----------------------------------------------------
Max     : 2.257461
Min     : 1.079450
Range   : 1.178011
Average : 1.747137

Team |BreakTime |LocationConsistency |OpponentVariety |Sum
------------------------------------------------------------
18   |0.6158    |0.6417              |1.0000          |2.2575
47   |0.9193    |0.2667              |1.0000          |2.1860
46   |0.9185    |0.2667              |1.0000          |2.1852
45   |0.8865    |0.2667              |1.0000          |2.1531
51   |0.8672    |0.2667              |1.0000          |2.1338
52   |0.7914    |0.2667              |1.0000          |2.0581
40   |0.6732    |0.3500              |1.0000          |2.0232
37   |0.6273    |0.3667              |1.0000          |1.9939
5    |0.6216    |0.3667              |1.0000          |1.9883
53   |0.9139    |0.0500              |1.0000          |1.9639
42   |0.6764    |0.2667              |1.0000          |1.9431
4    |0.5895    |0.3500              |1.0000          |1.9395
48   |0.8630    |0.0750              |1.0000          |1.9380
49   |0.8925    |0.0417              |1.0000          |1.9342
38   |0.6673    |0.2667              |1.0000          |1.9339
41   |0.5809    |0.3500              |1.0000          |1.9309
50   |0.8793    |0.0500              |1.0000          |1.9293
3    |0.6329    |0.2667              |1.0000          |1.8995
36   |0.6044    |0.2667              |1.0000          |1.8710
9    |0.6005    |0.2667              |1.0000          |1.8672
12   |0.5901    |0.2667              |1.0000          |1.8568
15   |0.5758    |0.2667              |1.0000          |1.8424
7    |0.5719    |0.2667              |1.0000          |1.8385
14   |0.5619    |0.2667              |1.0000          |1.8286
10   |0.5556    |0.2667              |1.0000          |1.8223
6    |0.5474    |0.2667              |1.0000          |1.8141
13   |0.5379    |0.2667              |1.0000          |1.8046
30   |0.5133    |0.2667              |1.0000          |1.7800
39   |0.6637    |0.0417              |1.0000          |1.7054
43   |0.6257    |0.0750              |1.0000          |1.7007
1    |0.6485    |0.0417              |1.0000          |1.6902
21   |0.0465    |0.6417              |1.0000          |1.6882
19   |0.0454    |0.6417              |1.0000          |1.6871
44   |0.5936    |0.0667              |1.0000          |1.6603
25   |0.6013    |0.0417              |1.0000          |1.6430
11   |0.5920    |0.0500              |1.0000          |1.6420
8    |0.5774    |0.0417              |1.0000          |1.6190
2    |0.5640    |0.0500              |1.0000          |1.6140
34   |0.5616    |0.0417              |1.0000          |1.6032
17   |0.5543    |0.0417              |1.0000          |1.5960
35   |0.5515    |0.0417              |1.0000          |1.5931
23   |0.5397    |0.0500              |1.0000          |1.5897
16   |0.5389    |0.0500              |1.0000          |1.5889
24   |0.4972    |0.0667              |1.0000          |1.5639
32   |0.5002    |0.0500              |1.0000          |1.5502
20   |0.5082    |0.0417              |1.0000          |1.5499
27   |0.0475    |0.3500              |1.0000          |1.3975
28   |0.0004    |0.3667              |1.0000          |1.3671
26   |0.0004    |0.2667              |1.0000          |1.2671
31   |0.0004    |0.2667              |1.0000          |1.2671
29   |0.0488    |0.0667              |1.0000          |1.1154
22   |0.0004    |0.3500              |0.7527          |1.1031
33   |0.0045    |0.0750              |1.0000          |1.0795

Team Events (sorted, for dev use, diff check with others to ensure truly different schedules created):
------------------------------------------------------------
0, 102, 161, 178, 224, 287
1, 100, 147, 208, 277, 325
2, 109, 154, 174, 239, 301
3, 96, 143, 183, 235, 295
4, 101, 157, 189, 243, 303
5, 95, 149, 205, 250, 292
6, 98, 145, 196, 242, 296
7, 108, 152, 211, 261, 310
8, 97, 155, 187, 228, 286
9, 119, 156, 195, 247, 309
10, 121, 163, 175, 223, 280
11, 120, 165, 197, 255, 316
12, 122, 151, 198, 263, 308
13, 115, 164, 203, 248, 302
14, 126, 160, 192, 269, 305
15, 125, 153, 207, 276, 319
16, 123, 162, 193, 237, 284
17, 124, 158, 182, 260, 321
18, 79, 142, 191, 230, 273
19, 59, 146, 204, 256, 294
20, 77, 144, 221, 264, 307
21, 84, 130, 206, 226, 270
22, 57, 150, 200, 253, 304
23, 60, 148, 217, 272, 317
24, 54, 159, 169, 220, 274
26, 73, 139, 202, 214, 275
27, 62, 91, 219, 258, 298
28, 94, 110, 216, 262, 279
29, 67, 99, 210, 257, 300
30, 61, 90, 190, 232, 282
31, 88, 103, 215, 266, 278
32, 58, 87, 209, 254, 297
33, 70, 86, 213, 229, 271
34, 56, 89, 166, 218, 283
35, 55, 93, 179, 222, 288
36, 68, 106, 212, 267, 311
37, 71, 111, 188, 231, 290
38, 63, 116, 177, 236, 293
39, 75, 118, 172, 225, 285
40, 66, 113, 186, 251, 315
41, 65, 107, 201, 240, 281
42, 64, 114, 184, 268, 323
43, 72, 112, 185, 238, 289
44, 69, 117, 199, 249, 291
45, 92, 138, 173, 233, 306
46, 82, 135, 170, 252, 318
47, 74, 127, 167, 244, 312
48, 78, 134, 181, 245, 314
49, 76, 131, 176, 246, 322
50, 80, 141, 171, 234, 299
51, 81, 136, 180, 259, 320
52, 85, 137, 194, 265, 324
53, 83, 140, 168, 241, 313
