FLL Scheduler GA Summary Report (ID: 2132111935072 | Hash: -8425567614250525704)

Attributes:
--------------------
rank: 0
origin: (C | TimeSlotCrossover)
mutations: 0
clones: 0
_hash: -8425567614250525704
Length: 318

Fitness:
--------------------------
BreakTime           : 0.31062795876048954
LocationConsistency : 0.0
OpponentVariety     : 0.8754111684107535
-----------------------------------
Total               : 1.186039127171243
Percentage          : 39.53%

Per-Objective Statistics (Team Distribution):
-----------------------------------------------------------------
Objective                 | Min      | Max      | Avg      | Range   
-----------------------------------------------------------------
BreakTime                 | 0.0004   | 0.9193   | 0.5394   | 0.9189  
LocationConsistency       | 0.0417   | 0.6417   | 0.2129   | 0.6000  
OpponentVariety           | 0.7527   | 1.0000   | 0.9953   | 0.2473  

Team fitnesses (sorted by total fitness descending):
----------------------------------------------------
Max     : 2.257461
Min     : 1.079450
Range   : 1.178011
Average : 1.747609

Team |BreakTime |LocationConsistency |OpponentVariety |Sum
------------------------------------------------------------
18   |0.6158    |0.6417              |1.0000          |2.2575
36   |0.6044    |0.6417              |1.0000          |2.2460
49   |0.9193    |0.2667              |1.0000          |2.1860
53   |0.9185    |0.2667              |1.0000          |2.1852
48   |0.8865    |0.2667              |1.0000          |2.1531
52   |0.8672    |0.2667              |1.0000          |2.1338
45   |0.7914    |0.2667              |1.0000          |2.0581
37   |0.6273    |0.3667              |1.0000          |1.9939
50   |0.9139    |0.0500              |1.0000          |1.9639
4    |0.5895    |0.3500              |1.0000          |1.9395
51   |0.8630    |0.0750              |1.0000          |1.9380
46   |0.8925    |0.0417              |1.0000          |1.9342
38   |0.6673    |0.2667              |1.0000          |1.9339
47   |0.8793    |0.0500              |1.0000          |1.9293
1    |0.6485    |0.2667              |1.0000          |1.9152
2    |0.5640    |0.3500              |1.0000          |1.9140
3    |0.6329    |0.2667              |1.0000          |1.8995
5    |0.6216    |0.2667              |1.0000          |1.8883
12   |0.5901    |0.2667              |1.0000          |1.8568
15   |0.5758    |0.2667              |1.0000          |1.8424
7    |0.5719    |0.2667              |1.0000          |1.8385
11   |0.5619    |0.2667              |1.0000          |1.8286
16   |0.5556    |0.2667              |1.0000          |1.8223
6    |0.5474    |0.2667              |1.0000          |1.8141
10   |0.5379    |0.2667              |1.0000          |1.8046
30   |0.5133    |0.2667              |1.0000          |1.7800
40   |0.6732    |0.0750              |1.0000          |1.7482
42   |0.6764    |0.0667              |1.0000          |1.7431
39   |0.6637    |0.0417              |1.0000          |1.7054
43   |0.6257    |0.0750              |1.0000          |1.7007
19   |0.0465    |0.6417              |1.0000          |1.6882
20   |0.0454    |0.6417              |1.0000          |1.6871
24   |0.6013    |0.0417              |1.0000          |1.6430
9    |0.6005    |0.0417              |1.0000          |1.6422
28   |0.0004    |0.6417              |1.0000          |1.6421
17   |0.5920    |0.0500              |1.0000          |1.6420
44   |0.5936    |0.0417              |1.0000          |1.6353
41   |0.5809    |0.0500              |1.0000          |1.6309
8    |0.5774    |0.0417              |1.0000          |1.6190
34   |0.5616    |0.0417              |1.0000          |1.6032
13   |0.5543    |0.0417              |1.0000          |1.5960
35   |0.5515    |0.0417              |1.0000          |1.5931
23   |0.5397    |0.0500              |1.0000          |1.5897
14   |0.5389    |0.0500              |1.0000          |1.5889
25   |0.4972    |0.0667              |1.0000          |1.5639
32   |0.5002    |0.0500              |1.0000          |1.5502
21   |0.5082    |0.0417              |1.0000          |1.5499
27   |0.0475    |0.3500              |1.0000          |1.3975
26   |0.0004    |0.2667              |1.0000          |1.2671
31   |0.0004    |0.2667              |1.0000          |1.2671
22   |0.0004    |0.3500              |0.7527          |1.1031
29   |0.0488    |0.0417              |1.0000          |1.0904
33   |0.0045    |0.0750              |1.0000          |1.0795

Team Events (sorted, for dev use, diff check with others to ensure truly different schedules created):
------------------------------------------------------------
0, 103, 161, 178, 224, 287
1, 101, 147, 208, 277, 325
2, 109, 152, 174, 239, 301
3, 97, 143, 183, 235, 295
4, 100, 157, 189, 243, 303
5, 94, 149, 205, 250, 292
6, 98, 145, 196, 242, 296
7, 108, 154, 211, 261, 310
8, 96, 153, 187, 228, 286
9, 122, 150, 198, 263, 308
10, 115, 164, 203, 248, 302
11, 120, 165, 197, 255, 316
12, 123, 162, 193, 237, 284
13, 125, 155, 207, 276, 319
14, 126, 160, 192, 269, 305
15, 119, 156, 195, 247, 309
16, 121, 163, 175, 223, 280
17, 124, 158, 182, 260, 321
19, 77, 144, 221, 264, 307
20, 79, 142, 191, 230, 273
21, 59, 146, 204, 256, 294
22, 84, 130, 206, 226, 270
23, 57, 151, 200, 253, 304
24, 54, 159, 169, 220, 274
25, 60, 148, 217, 272, 317
26, 73, 139, 202, 214, 275
27, 69, 91, 219, 258, 298
28, 95, 110, 216, 262, 279
29, 64, 99, 210, 257, 300
30, 61, 90, 190, 232, 282
31, 88, 102, 215, 266, 278
32, 58, 87, 209, 254, 297
33, 70, 86, 213, 229, 271
34, 56, 89, 166, 218, 283
35, 55, 93, 179, 222, 288
36, 63, 107, 212, 267, 311
37, 71, 111, 188, 231, 290
38, 67, 116, 177, 236, 293
39, 75, 118, 172, 225, 285
40, 65, 113, 186, 251, 315
41, 68, 106, 201, 240, 281
42, 66, 114, 184, 268, 323
43, 72, 112, 185, 238, 289
44, 62, 117, 199, 249, 291
45, 85, 137, 194, 265, 324
46, 76, 131, 176, 246, 322
47, 80, 141, 171, 234, 299
48, 92, 138, 173, 233, 306
49, 74, 127, 167, 244, 312
50, 83, 140, 168, 241, 313
51, 78, 134, 181, 245, 314
52, 81, 136, 180, 259, 320
53, 82, 135, 170, 252, 318
