FLL Scheduler GA Summary Report (ID: 2132118894656 | Hash: 7243813237517540467)

Attributes:
--------------------
rank: 0
origin: (C | RoundTypeCrossover)
mutations: 0
clones: 0
_hash: 7243813237517540467
Length: 318

Fitness:
--------------------------
BreakTime           : 0.31062795876048954
LocationConsistency : 0.0
OpponentVariety     : 0.8754111684107535
-----------------------------------
Total               : 1.186039127171243
Percentage          : 39.53%

Per-Objective Statistics (Team Distribution):
-----------------------------------------------------------------
Objective                 | Min      | Max      | Avg      | Range   
-----------------------------------------------------------------
BreakTime                 | 0.0004   | 0.9193   | 0.5394   | 0.9189  
LocationConsistency       | 0.0417   | 0.9500   | 0.2355   | 0.9083  
OpponentVariety           | 0.7527   | 1.0000   | 0.9953   | 0.2473  

Team fitnesses (sorted by total fitness descending):
----------------------------------------------------
Max     : 2.623154
Min     : 1.042072
Range   : 1.581083
Average : 1.770251

Team |BreakTime |LocationConsistency |OpponentVariety |Sum
------------------------------------------------------------
41   |0.6732    |0.9500              |1.0000          |2.6232
42   |0.6044    |0.9500              |1.0000          |2.5544
8    |0.5895    |0.9500              |1.0000          |2.5395
48   |0.8630    |0.5250              |1.0000          |2.3880
47   |0.9193    |0.3500              |1.0000          |2.2693
45   |0.9139    |0.3500              |1.0000          |2.2639
51   |0.9185    |0.2667              |1.0000          |2.1852
53   |0.8925    |0.2667              |1.0000          |2.1592
49   |0.8865    |0.2667              |1.0000          |2.1531
46   |0.7914    |0.2667              |1.0000          |2.0581
1    |0.6216    |0.3500              |1.0000          |1.9716
36   |0.5809    |0.3500              |1.0000          |1.9309
50   |0.8793    |0.0500              |1.0000          |1.9293
52   |0.8672    |0.0500              |1.0000          |1.9172
3    |0.6485    |0.2667              |1.0000          |1.9152
14   |0.5543    |0.3500              |1.0000          |1.9043
44   |0.6257    |0.2667              |1.0000          |1.8923
15   |0.6158    |0.2667              |1.0000          |1.8825
10   |0.5920    |0.2667              |1.0000          |1.8586
9    |0.5719    |0.2667              |1.0000          |1.8385
4    |0.5640    |0.2667              |1.0000          |1.8307
12   |0.5619    |0.2667              |1.0000          |1.8286
11   |0.5556    |0.2667              |1.0000          |1.8223
31   |0.5515    |0.2667              |1.0000          |1.8181
2    |0.5474    |0.2667              |1.0000          |1.8141
33   |0.5133    |0.2667              |1.0000          |1.7800
38   |0.6764    |0.0417              |1.0000          |1.7181
43   |0.6673    |0.0500              |1.0000          |1.7173
37   |0.6637    |0.0417              |1.0000          |1.7054
5    |0.6329    |0.0500              |1.0000          |1.6829
40   |0.6273    |0.0500              |1.0000          |1.6773
6    |0.6005    |0.0750              |1.0000          |1.6755
39   |0.5936    |0.0667              |1.0000          |1.6603
25   |0.6013    |0.0500              |1.0000          |1.6513
17   |0.5901    |0.0500              |1.0000          |1.6401
32   |0.5616    |0.0667              |1.0000          |1.6282
7    |0.5774    |0.0417              |1.0000          |1.6190
18   |0.5758    |0.0417              |1.0000          |1.6174
20   |0.5397    |0.0500              |1.0000          |1.5897
13   |0.5379    |0.0500              |1.0000          |1.5879
16   |0.5389    |0.0417              |1.0000          |1.5806
19   |0.5082    |0.0417              |1.0000          |1.5499
26   |0.4972    |0.0500              |1.0000          |1.5472
27   |0.5002    |0.0417              |1.0000          |1.5419
21   |0.0465    |0.3500              |1.0000          |1.3965
22   |0.0004    |0.6417              |0.7527          |1.3948
35   |0.0045    |0.3500              |1.0000          |1.3545
30   |0.0004    |0.3500              |1.0000          |1.3504
29   |0.0475    |0.2667              |1.0000          |1.3141
23   |0.0454    |0.2667              |1.0000          |1.3121
34   |0.0488    |0.0417              |1.0000          |1.0904
24   |0.0004    |0.0500              |1.0000          |1.0504
28   |0.0004    |0.0417              |1.0000          |1.0421

Team Events (sorted, for dev use, diff check with others to ensure truly different schedules created):
------------------------------------------------------------
0, 101, 156, 188, 241, 308
1, 94, 149, 198, 250, 287
2, 105, 162, 177, 224, 293
3, 100, 147, 211, 271, 325
4, 102, 152, 180, 244, 301
5, 97, 153, 186, 228, 292
6, 103, 154, 208, 261, 310
7, 96, 143, 183, 232, 295
8, 98, 145, 197, 240, 297
9, 123, 160, 181, 223, 283
10, 118, 157, 194, 252, 302
11, 112, 164, 200, 246, 309
12, 121, 150, 204, 263, 303
13, 120, 161, 192, 231, 279
14, 124, 159, 182, 260, 321
15, 125, 155, 212, 270, 319
16, 122, 165, 196, 255, 316
17, 127, 163, 193, 269, 306
18, 56, 146, 199, 259, 294
19, 58, 151, 203, 249, 307
20, 77, 144, 214, 264, 304
21, 85, 130, 213, 226, 276
22, 79, 142, 190, 236, 275
23, 72, 138, 201, 220, 273
25, 60, 158, 168, 215, 272
26, 55, 148, 218, 274, 317
27, 57, 92, 210, 254, 296
28, 95, 117, 219, 262, 284
29, 69, 88, 216, 257, 299
30, 90, 104, 221, 266, 285
31, 61, 86, 176, 222, 290
32, 59, 91, 166, 217, 280
33, 54, 89, 191, 234, 281
34, 64, 99, 209, 258, 300
35, 71, 93, 206, 229, 277
36, 68, 106, 202, 243, 282
37, 74, 119, 173, 225, 278
38, 66, 113, 184, 268, 323
39, 62, 110, 205, 247, 289
40, 70, 116, 189, 237, 288
41, 65, 115, 187, 251, 313
42, 63, 107, 207, 267, 311
43, 67, 111, 178, 230, 286
44, 73, 114, 185, 245, 291
45, 81, 141, 169, 242, 314
46, 84, 136, 195, 265, 324
47, 75, 126, 167, 239, 315
48, 78, 134, 174, 238, 312
49, 87, 139, 172, 235, 305
50, 83, 140, 170, 233, 298
51, 80, 135, 171, 248, 318
52, 82, 137, 175, 256, 320
53, 76, 131, 179, 253, 322
