FLL Scheduler GA Summary Report (ID: 2132118892752 | Hash: 3542880707187071046)

Attributes:
--------------------
rank: 0
origin: (C | KPoint(k=3))
mutations: 2
clones: 1
_hash: 3542880707187071046
Length: 318

Fitness:
--------------------------
BreakTime           : 0.31062795876048954
LocationConsistency : 0.0
OpponentVariety     : 0.8754111684107535
-----------------------------------
Total               : 1.186039127171243
Percentage          : 39.53%

Per-Objective Statistics (Team Distribution):
-----------------------------------------------------------------
Objective                 | Min      | Max      | Avg      | Range   
-----------------------------------------------------------------
BreakTime                 | 0.0004   | 0.9193   | 0.5394   | 0.9189  
LocationConsistency       | 0.0417   | 0.6417   | 0.2228   | 0.6000  
OpponentVariety           | 0.7527   | 1.0000   | 0.9953   | 0.2473  

Team fitnesses (sorted by total fitness descending):
----------------------------------------------------
Max     : 2.318059
Min     : 1.042085
Range   : 1.275973
Average : 1.757515

Team |BreakTime |LocationConsistency |OpponentVariety |Sum
------------------------------------------------------------
38   |0.6764    |0.6417              |1.0000          |2.3181
42   |0.6257    |0.6417              |1.0000          |2.2673
53   |0.9139    |0.3500              |1.0000          |2.2639
3    |0.6216    |0.6417              |1.0000          |2.2633
15   |0.6158    |0.6417              |1.0000          |2.2575
49   |0.8925    |0.3500              |1.0000          |2.2425
48   |0.8793    |0.3500              |1.0000          |2.2293
46   |0.7914    |0.2667              |1.0000          |2.0581
40   |0.6732    |0.3667              |1.0000          |2.0398
9    |0.6329    |0.3500              |1.0000          |1.9829
51   |0.9193    |0.0500              |1.0000          |1.9693
52   |0.9185    |0.0417              |1.0000          |1.9602
37   |0.6044    |0.3500              |1.0000          |1.9544
12   |0.5901    |0.3500              |1.0000          |1.9401
4    |0.5895    |0.3500              |1.0000          |1.9395
34   |0.5616    |0.3667              |1.0000          |1.9282
45   |0.8865    |0.0417              |1.0000          |1.9281
47   |0.8672    |0.0500              |1.0000          |1.9172
50   |0.8630    |0.0417              |1.0000          |1.9047
16   |0.5379    |0.3500              |1.0000          |1.8879
18   |0.5758    |0.2667              |1.0000          |1.8424
17   |0.5619    |0.2667              |1.0000          |1.8286
6    |0.5474    |0.2667              |1.0000          |1.8141
21   |0.5397    |0.2667              |1.0000          |1.8064
30   |0.5133    |0.2667              |1.0000          |1.7800
32   |0.5002    |0.2667              |1.0000          |1.7669
36   |0.6673    |0.0500              |1.0000          |1.7173
41   |0.6637    |0.0417              |1.0000          |1.7054
43   |0.6273    |0.0667              |1.0000          |1.6939
1    |0.6485    |0.0417              |1.0000          |1.6902
23   |0.6013    |0.0750              |1.0000          |1.6763
7    |0.6005    |0.0500              |1.0000          |1.6505
33   |0.0045    |0.6417              |1.0000          |1.6461
44   |0.5936    |0.0500              |1.0000          |1.6436
13   |0.5920    |0.0417              |1.0000          |1.6336
39   |0.5809    |0.0500              |1.0000          |1.6309
8    |0.5774    |0.0500              |1.0000          |1.6274
11   |0.5556    |0.0667              |1.0000          |1.6223
5    |0.5719    |0.0500              |1.0000          |1.6219
14   |0.5543    |0.0667              |1.0000          |1.6210
10   |0.5389    |0.0750              |1.0000          |1.6139
2    |0.5640    |0.0417              |1.0000          |1.6057
35   |0.5515    |0.0417              |1.0000          |1.5931
25   |0.5082    |0.0667              |1.0000          |1.5749
24   |0.4972    |0.0667              |1.0000          |1.5639
28   |0.0004    |0.5250              |1.0000          |1.5254
26   |0.0465    |0.3500              |1.0000          |1.3965
19   |0.0004    |0.6417              |0.7527          |1.3948
20   |0.0004    |0.2667              |1.0000          |1.2671
22   |0.0454    |0.0667              |1.0000          |1.1121
27   |0.0475    |0.0500              |1.0000          |1.0975
29   |0.0488    |0.0417              |1.0000          |1.0904
31   |0.0004    |0.0417              |1.0000          |1.0421

Team Events (sorted, for dev use, diff check with others to ensure truly different schedules created):
------------------------------------------------------------
0, 102, 161, 180, 224, 293
1, 100, 146, 211, 277, 318
2, 101, 156, 189, 241, 308
3, 97, 143, 183, 234, 295
4, 99, 145, 196, 240, 296
5, 94, 149, 205, 250, 287
6, 96, 153, 187, 228, 292
7, 108, 154, 209, 254, 310
8, 109, 152, 175, 239, 301
9, 119, 155, 212, 276, 324
10, 125, 157, 195, 252, 302
11, 120, 164, 197, 261, 316
12, 121, 162, 174, 223, 280
13, 123, 163, 193, 231, 284
14, 118, 159, 182, 255, 322
15, 122, 150, 198, 262, 303
16, 113, 165, 203, 246, 309
17, 132, 160, 192, 269, 306
18, 85, 130, 213, 226, 270
19, 72, 138, 202, 221, 275
20, 56, 151, 200, 249, 307
21, 78, 142, 191, 236, 273
22, 54, 158, 170, 215, 274
23, 60, 148, 218, 272, 317
24, 59, 147, 204, 256, 294
26, 76, 144, 214, 264, 304
27, 62, 91, 216, 258, 298
28, 95, 111, 219, 263, 279
29, 67, 98, 208, 257, 300
30, 61, 90, 190, 233, 282
31, 88, 103, 220, 266, 278
32, 58, 87, 210, 260, 297
33, 71, 86, 206, 229, 271
34, 57, 89, 173, 217, 283
35, 55, 93, 179, 222, 290
36, 64, 117, 177, 230, 286
37, 68, 107, 207, 267, 311
38, 65, 112, 184, 268, 321
39, 63, 106, 201, 243, 281
40, 66, 114, 186, 251, 313
41, 75, 124, 167, 225, 285
42, 73, 115, 185, 238, 291
43, 70, 110, 188, 237, 288
44, 69, 116, 199, 247, 289
45, 92, 139, 166, 232, 305
46, 84, 137, 194, 265, 319
47, 81, 136, 181, 259, 323
48, 80, 140, 168, 235, 299
49, 77, 131, 176, 253, 320
50, 79, 134, 178, 245, 312
51, 74, 133, 172, 244, 315
52, 82, 135, 169, 248, 325
53, 83, 141, 171, 242, 314
