FLL Scheduler GA Summary Report (ID: 2132126139328 | Hash: -3126211273144732894)

Attributes:
--------------------
rank: 0
origin: (C | KPoint(k=1))
mutations: 1
clones: 0
_hash: -3126211273144732894
Length: 318

Fitness:
--------------------------
BreakTime           : 0.31062795876048954
LocationConsistency : 0.0
OpponentVariety     : 0.8754111684107535
-----------------------------------
Total               : 1.186039127171243
Percentage          : 39.53%

Per-Objective Statistics (Team Distribution):
-----------------------------------------------------------------
Objective                 | Min      | Max      | Avg      | Range   
-----------------------------------------------------------------
BreakTime                 | 0.0004   | 0.9193   | 0.5394   | 0.9189  
LocationConsistency       | 0.0417   | 0.6417   | 0.1945   | 0.6000  
OpponentVariety           | 0.7527   | 1.0000   | 0.9953   | 0.2473  

Team fitnesses (sorted by total fitness descending):
----------------------------------------------------
Max     : 2.314821
Min     : 1.019778
Range   : 1.295043
Average : 1.729213

Team |BreakTime |LocationConsistency |OpponentVariety |Sum
------------------------------------------------------------
44   |0.6732    |0.6417              |1.0000          |2.3148
2    |0.5895    |0.6417              |1.0000          |2.2312
47   |0.9193    |0.2667              |1.0000          |2.1860
53   |0.9139    |0.2667              |1.0000          |2.1805
49   |0.8925    |0.2667              |1.0000          |2.1592
45   |0.8865    |0.2667              |1.0000          |2.1531
52   |0.8793    |0.2667              |1.0000          |2.1460
50   |0.7914    |0.2667              |1.0000          |2.0581
8    |0.6329    |0.3500              |1.0000          |1.9829
37   |0.6273    |0.3500              |1.0000          |1.9773
43   |0.6257    |0.3500              |1.0000          |1.9757
46   |0.9185    |0.0417              |1.0000          |1.9602
36   |0.6044    |0.3500              |1.0000          |1.9544
42   |0.6764    |0.2667              |1.0000          |1.9431
48   |0.8630    |0.0750              |1.0000          |1.9380
39   |0.6637    |0.2667              |1.0000          |1.9304
51   |0.8672    |0.0500              |1.0000          |1.9172
1    |0.6485    |0.2667              |1.0000          |1.9152
18   |0.5389    |0.3500              |1.0000          |1.8889
16   |0.5379    |0.3500              |1.0000          |1.8879
30   |0.5133    |0.3500              |1.0000          |1.8633
17   |0.5758    |0.2667              |1.0000          |1.8424
7    |0.5719    |0.2667              |1.0000          |1.8385
12   |0.5619    |0.2667              |1.0000          |1.8286
34   |0.5616    |0.2667              |1.0000          |1.8282
10   |0.5556    |0.2667              |1.0000          |1.8223
14   |0.5543    |0.2667              |1.0000          |1.8210
35   |0.5515    |0.2667              |1.0000          |1.8181
38   |0.6673    |0.0417              |1.0000          |1.7089
5    |0.6216    |0.0417              |1.0000          |1.6633
11   |0.6158    |0.0417              |1.0000          |1.6575
25   |0.6013    |0.0500              |1.0000          |1.6513
40   |0.5936    |0.0500              |1.0000          |1.6436
9    |0.6005    |0.0417              |1.0000          |1.6422
13   |0.5920    |0.0417              |1.0000          |1.6336
15   |0.5901    |0.0417              |1.0000          |1.6318
41   |0.5809    |0.0417              |1.0000          |1.6226
3    |0.5774    |0.0417              |1.0000          |1.6190
4    |0.5640    |0.0417              |1.0000          |1.6057
23   |0.5397    |0.0500              |1.0000          |1.5897
6    |0.5474    |0.0417              |1.0000          |1.5891
20   |0.4972    |0.0750              |1.0000          |1.5722
19   |0.5082    |0.0417              |1.0000          |1.5499
32   |0.5002    |0.0417              |1.0000          |1.5419
33   |0.0045    |0.3500              |1.0000          |1.3545
21   |0.0465    |0.2667              |1.0000          |1.3132
26   |0.0004    |0.2667              |1.0000          |1.2671
31   |0.0488    |0.0500              |1.0000          |1.0988
27   |0.0475    |0.0500              |1.0000          |1.0975
22   |0.0454    |0.0500              |1.0000          |1.0954
28   |0.0004    |0.0667              |1.0000          |1.0671
29   |0.0004    |0.0500              |1.0000          |1.0504
24   |0.0004    |0.2667              |0.7527          |1.0198

Team Events (sorted, for dev use, diff check with others to ensure truly different schedules created):
------------------------------------------------------------
0, 102, 161, 178, 224, 286
1, 96, 143, 182, 232, 295
2, 108, 153, 208, 261, 310
3, 100, 147, 210, 277, 318
4, 101, 150, 188, 242, 303
5, 95, 149, 198, 249, 292
6, 98, 145, 191, 243, 297
7, 109, 155, 175, 239, 301
8, 97, 154, 187, 228, 287
9, 118, 151, 192, 246, 309
10, 125, 158, 183, 260, 322
11, 112, 164, 200, 253, 302
12, 121, 163, 174, 223, 280
13, 123, 162, 195, 231, 284
14, 120, 165, 190, 255, 316
15, 122, 157, 205, 268, 308
16, 126, 160, 194, 262, 307
17, 124, 152, 213, 276, 324
18, 59, 146, 199, 256, 294
19, 60, 148, 217, 273, 317
20, 71, 144, 221, 266, 304
21, 79, 142, 196, 236, 272
22, 57, 156, 203, 250, 306
23, 85, 130, 212, 226, 271
24, 54, 159, 170, 220, 274
26, 73, 138, 201, 215, 275
27, 69, 89, 219, 258, 298
28, 94, 110, 216, 269, 279
29, 91, 103, 214, 264, 278
30, 61, 88, 197, 234, 282
31, 64, 99, 209, 257, 300
32, 58, 92, 211, 254, 296
33, 76, 93, 206, 229, 270
34, 56, 90, 172, 218, 283
35, 55, 86, 179, 222, 289
36, 63, 106, 207, 265, 311
37, 77, 111, 189, 237, 290
38, 67, 116, 177, 230, 293
39, 75, 119, 167, 225, 285
40, 62, 117, 204, 252, 291
41, 68, 107, 202, 240, 281
42, 66, 113, 185, 263, 320
43, 72, 115, 184, 238, 288
44, 65, 114, 186, 248, 313
45, 87, 139, 166, 235, 305
46, 82, 135, 169, 251, 325
47, 74, 131, 173, 244, 315
48, 78, 134, 181, 245, 312
49, 70, 127, 176, 247, 321
50, 84, 137, 193, 267, 319
51, 81, 136, 180, 259, 323
52, 80, 140, 168, 233, 299
53, 83, 141, 171, 241, 314
