FLL Scheduler GA Summary Report (ID: 2132037132336 | Hash: -2217766381627866642)

Attributes:
--------------------
rank: 0
origin: (C | KPoint(k=3))
mutations: 0
clones: 0
_hash: -2217766381627866642
Length: 318

Fitness:
--------------------------
BreakTime           : 0.31062795876048954
LocationConsistency : 0.0
OpponentVariety     : 0.8754111684107535
-----------------------------------
Total               : 1.186039127171243
Percentage          : 39.53%

Per-Objective Statistics (Team Distribution):
-----------------------------------------------------------------
Objective                 | Min      | Max      | Avg      | Range   
-----------------------------------------------------------------
BreakTime                 | 0.0004   | 0.9193   | 0.5394   | 0.9189  
LocationConsistency       | 0.0417   | 0.6417   | 0.2362   | 0.6000  
OpponentVariety           | 0.7527   | 1.0000   | 0.9953   | 0.2473  

Team fitnesses (sorted by total fitness descending):
----------------------------------------------------
Max     : 2.504678
Min     : 0.803112
Range   : 1.701566
Average : 1.770880

Team |BreakTime |LocationConsistency |OpponentVariety |Sum
------------------------------------------------------------
48   |0.8630    |0.6417              |1.0000          |2.5047
51   |0.7914    |0.6417              |1.0000          |2.4331
41   |0.6257    |0.6417              |1.0000          |2.2673
50   |0.8793    |0.3500              |1.0000          |2.2293
12   |0.5619    |0.6417              |1.0000          |2.2036
47   |0.9193    |0.2667              |1.0000          |2.1860
46   |0.9185    |0.2667              |1.0000          |2.1852
52   |0.8925    |0.2667              |1.0000          |2.1592
34   |0.5133    |0.6417              |1.0000          |2.1550
53   |0.8672    |0.2667              |1.0000          |2.1338
43   |0.6732    |0.3667              |1.0000          |2.0398
42   |0.6673    |0.3500              |1.0000          |2.0173
23   |0.6013    |0.3667              |1.0000          |1.9680
49   |0.9139    |0.0417              |1.0000          |1.9555
9    |0.6005    |0.3500              |1.0000          |1.9505
45   |0.8865    |0.0417              |1.0000          |1.9281
8    |0.6329    |0.2667              |1.0000          |1.8995
36   |0.6273    |0.2667              |1.0000          |1.8939
24   |0.5397    |0.3500              |1.0000          |1.8897
5    |0.6216    |0.2667              |1.0000          |1.8883
15   |0.6158    |0.2667              |1.0000          |1.8825
38   |0.6044    |0.2667              |1.0000          |1.8710
1    |0.5895    |0.2667              |1.0000          |1.8562
40   |0.5809    |0.2667              |1.0000          |1.8476
3    |0.5774    |0.2667              |1.0000          |1.8440
17   |0.5758    |0.2667              |1.0000          |1.8424
7    |0.5719    |0.2667              |1.0000          |1.8385
33   |0.5515    |0.2667              |1.0000          |1.8181
6    |0.5474    |0.2667              |1.0000          |1.8141
39   |0.6764    |0.0750              |1.0000          |1.7514
37   |0.6637    |0.0417              |1.0000          |1.7054
2    |0.6485    |0.0417              |1.0000          |1.6902
16   |0.5901    |0.0500              |1.0000          |1.6401
27   |0.5616    |0.0750              |1.0000          |1.6366
44   |0.5936    |0.0417              |1.0000          |1.6353
13   |0.5920    |0.0417              |1.0000          |1.6336
4    |0.5640    |0.0500              |1.0000          |1.6140
10   |0.5556    |0.0417              |1.0000          |1.5973
14   |0.5543    |0.0417              |1.0000          |1.5960
18   |0.5389    |0.0500              |1.0000          |1.5889
11   |0.5379    |0.0500              |1.0000          |1.5879
19   |0.5082    |0.0417              |1.0000          |1.5499
31   |0.5002    |0.0417              |1.0000          |1.5419
26   |0.4972    |0.0417              |1.0000          |1.5389
29   |0.0488    |0.3667              |1.0000          |1.4154
28   |0.0475    |0.3500              |1.0000          |1.3975
22   |0.0465    |0.3500              |1.0000          |1.3965
21   |0.0004    |0.3667              |1.0000          |1.3671
20   |0.0454    |0.2667              |1.0000          |1.3121
30   |0.0004    |0.2667              |1.0000          |1.2671
32   |0.0045    |0.0417              |1.0000          |1.0461
35   |0.0004    |0.0417              |1.0000          |1.0421
25   |0.0004    |0.0500              |0.7527          |0.8031

Team Events (sorted, for dev use, diff check with others to ensure truly different schedules created):
------------------------------------------------------------
0, 99, 148, 182, 235, 295
1, 105, 163, 178, 224, 286
2, 103, 154, 209, 255, 310
3, 95, 144, 211, 270, 318
4, 94, 157, 189, 242, 303
5, 100, 142, 205, 249, 292
6, 97, 146, 191, 243, 297
7, 102, 153, 175, 238, 301
8, 98, 152, 186, 226, 287
9, 118, 156, 192, 247, 309
10, 121, 151, 198, 268, 308
11, 115, 164, 203, 252, 302
12, 122, 160, 174, 223, 283
13, 120, 161, 195, 236, 279
14, 124, 158, 183, 254, 322
15, 123, 165, 190, 260, 316
16, 132, 162, 194, 262, 305
17, 125, 155, 212, 271, 324
18, 56, 145, 204, 259, 294
19, 84, 149, 196, 231, 274
20, 72, 136, 202, 214, 272
21, 70, 147, 220, 267, 307
23, 55, 159, 167, 221, 273
24, 58, 150, 200, 250, 304
25, 78, 129, 213, 228, 277
26, 60, 143, 217, 275, 317
27, 59, 91, 169, 218, 281
28, 68, 88, 219, 256, 299
29, 64, 96, 208, 258, 300
30, 101, 110, 216, 269, 284
31, 57, 87, 210, 261, 296
32, 77, 86, 207, 227, 276
33, 54, 93, 179, 222, 289
34, 61, 89, 197, 233, 280
35, 90, 104, 215, 265, 285
36, 76, 111, 188, 230, 290
37, 74, 119, 172, 225, 278
38, 63, 107, 206, 264, 311
39, 66, 114, 184, 263, 320
40, 69, 106, 201, 240, 282
41, 73, 112, 185, 239, 288
42, 67, 117, 177, 237, 293
43, 65, 113, 187, 248, 313
44, 62, 116, 199, 253, 291
45, 92, 137, 173, 232, 306
46, 81, 141, 170, 251, 325
47, 75, 133, 168, 245, 314
48, 85, 140, 181, 244, 312
49, 80, 135, 166, 241, 315
50, 83, 134, 171, 234, 298
51, 79, 138, 193, 266, 319
52, 71, 128, 176, 246, 321
53, 82, 139, 180, 257, 323
