FLL Scheduler GA Summary Report (ID: 2132037134912 | Hash: 6858061851310218094)

Attributes:
--------------------
rank: 0
origin: (C | RoundTypeCrossover)
mutations: 0
clones: 0
_hash: 6858061851310218094
Length: 318

Fitness:
--------------------------
BreakTime           : 0.31062795876048954
LocationConsistency : 0.0
OpponentVariety     : 0.8754111684107535
-----------------------------------
Total               : 1.186039127171243
Percentage          : 39.53%

Per-Objective Statistics (Team Distribution):
-----------------------------------------------------------------
Objective                 | Min      | Max      | Avg      | Range   
-----------------------------------------------------------------
BreakTime                 | 0.0004   | 0.9193   | 0.5394   | 0.9189  
LocationConsistency       | 0.0417   | 0.6417   | 0.2291   | 0.6000  
OpponentVariety           | 0.7527   | 1.0000   | 0.9953   | 0.2473  

Team fitnesses (sorted by total fitness descending):
----------------------------------------------------
Max     : 2.388011
Min     : 1.042102
Range   : 1.345909
Average : 1.763804

Team |BreakTime |LocationConsistency |OpponentVariety |Sum
------------------------------------------------------------
48   |0.8630    |0.5250              |1.0000          |2.3880
41   |0.6732    |0.6417              |1.0000          |2.3148
44   |0.6257    |0.6417              |1.0000          |2.2673
47   |0.9193    |0.2667              |1.0000          |2.1860
52   |0.9185    |0.2667              |1.0000          |2.1852
49   |0.8925    |0.2667              |1.0000          |2.1592
45   |0.8865    |0.2667              |1.0000          |2.1531
46   |0.7914    |0.2667              |1.0000          |2.0581
38   |0.6764    |0.3500              |1.0000          |2.0264
43   |0.6673    |0.3500              |1.0000          |2.0173
5    |0.6329    |0.3500              |1.0000          |1.9829
15   |0.6158    |0.3667              |1.0000          |1.9825
53   |0.9139    |0.0500              |1.0000          |1.9639
42   |0.6044    |0.3500              |1.0000          |1.9544
39   |0.5936    |0.3500              |1.0000          |1.9436
17   |0.5901    |0.3500              |1.0000          |1.9401
9    |0.5719    |0.3667              |1.0000          |1.9385
11   |0.5556    |0.3667              |1.0000          |1.9223
14   |0.5543    |0.3667              |1.0000          |1.9210
50   |0.8793    |0.0417              |1.0000          |1.9210
51   |0.8672    |0.0500              |1.0000          |1.9172
1    |0.6216    |0.2667              |1.0000          |1.8883
25   |0.6013    |0.2667              |1.0000          |1.8680
36   |0.5809    |0.2667              |1.0000          |1.8476
32   |0.5616    |0.2667              |1.0000          |1.8282
2    |0.5474    |0.2667              |1.0000          |1.8141
13   |0.5379    |0.2667              |1.0000          |1.8046
33   |0.5133    |0.2667              |1.0000          |1.7800
19   |0.5082    |0.2667              |1.0000          |1.7749
37   |0.6637    |0.0500              |1.0000          |1.7137
3    |0.6485    |0.0417              |1.0000          |1.6902
40   |0.6273    |0.0500              |1.0000          |1.6773
6    |0.6005    |0.0500              |1.0000          |1.6505
8    |0.5895    |0.0500              |1.0000          |1.6395
10   |0.5920    |0.0417              |1.0000          |1.6336
7    |0.5774    |0.0500              |1.0000          |1.6274
18   |0.5758    |0.0500              |1.0000          |1.6258
16   |0.5389    |0.0750              |1.0000          |1.6139
12   |0.5619    |0.0500              |1.0000          |1.6119
4    |0.5640    |0.0417              |1.0000          |1.6057
31   |0.5515    |0.0417              |1.0000          |1.5931
20   |0.5397    |0.0500              |1.0000          |1.5897
26   |0.4972    |0.0500              |1.0000          |1.5472
27   |0.5002    |0.0417              |1.0000          |1.5419
23   |0.0454    |0.3667              |1.0000          |1.4121
22   |0.0004    |0.6417              |0.7527          |1.3948
28   |0.0004    |0.3667              |1.0000          |1.3671
35   |0.0045    |0.3500              |1.0000          |1.3545
29   |0.0475    |0.2667              |1.0000          |1.3141
21   |0.0465    |0.2667              |1.0000          |1.3132
34   |0.0488    |0.0750              |1.0000          |1.1238
30   |0.0004    |0.0500              |1.0000          |1.0504
24   |0.0004    |0.0417              |1.0000          |1.0421

Team Events (sorted, for dev use, diff check with others to ensure truly different schedules created):
------------------------------------------------------------
0, 94, 156, 188, 241, 303
1, 100, 149, 204, 250, 287
2, 103, 162, 177, 224, 293
3, 95, 146, 211, 277, 318
4, 109, 152, 180, 244, 301
5, 98, 153, 187, 228, 292
6, 108, 154, 208, 254, 310
7, 99, 142, 183, 232, 295
8, 97, 145, 194, 240, 297
9, 122, 160, 181, 223, 283
10, 125, 157, 195, 252, 309
11, 113, 164, 202, 246, 302
12, 120, 150, 198, 263, 308
13, 121, 161, 193, 231, 278
14, 119, 159, 182, 255, 322
15, 118, 155, 212, 276, 324
16, 123, 165, 197, 260, 316
17, 126, 163, 192, 269, 304
18, 56, 147, 205, 256, 294
19, 58, 151, 200, 249, 305
20, 77, 144, 215, 264, 307
21, 85, 130, 213, 226, 271
22, 79, 143, 191, 236, 275
23, 72, 138, 203, 221, 273
25, 61, 158, 170, 214, 272
26, 55, 148, 218, 274, 317
27, 57, 87, 210, 261, 296
28, 101, 117, 219, 262, 285
29, 69, 90, 216, 258, 299
30, 89, 102, 220, 266, 284
31, 60, 93, 176, 222, 290
32, 59, 88, 173, 217, 280
33, 54, 91, 190, 234, 281
34, 64, 96, 209, 257, 300
35, 71, 86, 206, 229, 270
36, 68, 105, 201, 243, 282
37, 74, 124, 167, 225, 279
38, 66, 112, 184, 268, 320
39, 62, 111, 199, 247, 289
40, 70, 116, 189, 237, 288
41, 65, 114, 186, 251, 313
42, 63, 104, 207, 267, 311
43, 67, 110, 178, 230, 286
44, 73, 115, 185, 245, 291
45, 92, 139, 166, 235, 306
46, 84, 136, 196, 265, 319
47, 75, 127, 172, 239, 314
48, 78, 134, 174, 238, 312
49, 76, 131, 179, 253, 321
50, 83, 141, 168, 233, 298
51, 82, 137, 175, 259, 323
52, 80, 135, 169, 248, 325
53, 81, 140, 171, 242, 315
