FLL Scheduler GA Summary Report (ID: 2132037137264 | Hash: 3762296651537574452)

Attributes:
--------------------
rank: 0
origin: (C | KPoint(k=3))
mutations: 0
clones: 0
_hash: 3762296651537574452
Length: 318

Fitness:
--------------------------
BreakTime           : 0.31062795876048954
LocationConsistency : 0.0
OpponentVariety     : 0.8754111684107535
-----------------------------------
Total               : 1.186039127171243
Percentage          : 39.53%

Per-Objective Statistics (Team Distribution):
-----------------------------------------------------------------
Objective                 | Min      | Max      | Avg      | Range   
-----------------------------------------------------------------
BreakTime                 | 0.0004   | 0.9193   | 0.5394   | 0.9189  
LocationConsistency       | 0.0417   | 0.9500   | 0.2577   | 0.9083  
OpponentVariety           | 0.7527   | 1.0000   | 0.9953   | 0.2473  

Team fitnesses (sorted by total fitness descending):
----------------------------------------------------
Max     : 2.623154
Min     : 1.042072
Range   : 1.581083
Average : 1.792420

Team |BreakTime |LocationConsistency |OpponentVariety |Sum
------------------------------------------------------------
40   |0.6732    |0.9500              |1.0000          |2.6232
46   |0.7914    |0.6417              |1.0000          |2.4331
13   |0.6158    |0.6417              |1.0000          |2.2575
36   |0.6044    |0.6417              |1.0000          |2.2460
16   |0.5379    |0.6417              |1.0000          |2.1796
49   |0.8925    |0.2667              |1.0000          |2.1592
45   |0.8865    |0.2667              |1.0000          |2.1531
48   |0.8793    |0.2667              |1.0000          |2.1460
47   |0.8672    |0.2667              |1.0000          |2.1338
42   |0.6764    |0.3500              |1.0000          |2.0264
37   |0.6273    |0.3500              |1.0000          |1.9773
51   |0.9193    |0.0500              |1.0000          |1.9693
53   |0.9139    |0.0500              |1.0000          |1.9639
52   |0.9185    |0.0417              |1.0000          |1.9602
17   |0.5901    |0.3500              |1.0000          |1.9401
4    |0.5895    |0.3500              |1.0000          |1.9395
38   |0.6673    |0.2667              |1.0000          |1.9339
11   |0.5556    |0.3667              |1.0000          |1.9223
1    |0.6485    |0.2667              |1.0000          |1.9152
50   |0.8630    |0.0500              |1.0000          |1.9130
6    |0.5474    |0.3500              |1.0000          |1.8974
23   |0.5397    |0.3500              |1.0000          |1.8897
5    |0.6216    |0.2667              |1.0000          |1.8883
24   |0.6013    |0.2667              |1.0000          |1.8680
7    |0.6005    |0.2667              |1.0000          |1.8672
26   |0.4972    |0.3667              |1.0000          |1.8639
43   |0.5936    |0.2667              |1.0000          |1.8603
10   |0.5920    |0.2667              |1.0000          |1.8586
44   |0.5809    |0.2667              |1.0000          |1.8476
8    |0.5774    |0.2667              |1.0000          |1.8440
18   |0.5758    |0.2667              |1.0000          |1.8424
34   |0.5133    |0.2667              |1.0000          |1.7800
20   |0.5082    |0.2667              |1.0000          |1.7749
28   |0.5002    |0.2667              |1.0000          |1.7669
41   |0.6637    |0.0500              |1.0000          |1.7137
25   |0.0465    |0.6417              |1.0000          |1.6882
3    |0.6329    |0.0500              |1.0000          |1.6829
39   |0.6257    |0.0417              |1.0000          |1.6673
27   |0.5616    |0.0667              |1.0000          |1.6282
9    |0.5719    |0.0500              |1.0000          |1.6219
2    |0.5640    |0.0500              |1.0000          |1.6140
15   |0.5543    |0.0500              |1.0000          |1.6043
12   |0.5619    |0.0417              |1.0000          |1.6036
30   |0.5515    |0.0417              |1.0000          |1.5931
14   |0.5389    |0.0500              |1.0000          |1.5889
19   |0.0004    |0.3667              |1.0000          |1.3671
29   |0.0488    |0.2667              |1.0000          |1.3154
35   |0.0475    |0.2667              |1.0000          |1.3141
22   |0.0454    |0.0667              |1.0000          |1.1121
21   |0.0004    |0.3500              |0.7527          |1.1031
33   |0.0045    |0.0500              |1.0000          |1.0545
31   |0.0004    |0.0417              |1.0000          |1.0421
32   |0.0004    |0.0417              |1.0000          |1.0421

Team Events (sorted, for dev use, diff check with others to ensure truly different schedules created):
------------------------------------------------------------
0, 104, 161, 178, 224, 286
1, 100, 147, 210, 277, 325
2, 109, 155, 175, 239, 300
3, 97, 143, 183, 232, 295
4, 101, 156, 188, 241, 303
5, 94, 149, 205, 250, 293
6, 96, 154, 186, 228, 287
7, 108, 153, 208, 260, 311
8, 99, 145, 196, 240, 296
9, 121, 163, 174, 223, 283
10, 125, 157, 195, 247, 309
11, 113, 164, 203, 253, 302
12, 122, 158, 182, 261, 322
13, 123, 152, 207, 276, 319
14, 118, 162, 193, 231, 279
15, 119, 150, 198, 263, 308
16, 120, 165, 197, 254, 317
17, 132, 160, 192, 269, 305
18, 74, 138, 202, 221, 275
19, 59, 146, 204, 259, 294
20, 85, 130, 206, 226, 270
22, 78, 142, 191, 236, 273
23, 56, 151, 200, 249, 304
24, 54, 159, 171, 214, 274
25, 71, 144, 215, 264, 307
26, 60, 148, 217, 272, 316
27, 57, 89, 173, 218, 280
28, 58, 87, 211, 255, 297
29, 67, 98, 209, 258, 301
30, 55, 93, 179, 222, 289
31, 88, 105, 220, 266, 285
32, 95, 117, 216, 262, 284
33, 76, 86, 213, 229, 271
34, 61, 90, 190, 234, 281
35, 62, 91, 219, 256, 298
36, 68, 107, 212, 267, 310
37, 77, 116, 189, 237, 290
38, 64, 110, 177, 230, 292
39, 75, 114, 185, 238, 288
40, 66, 115, 187, 251, 314
41, 72, 124, 166, 225, 278
42, 65, 112, 184, 268, 320
43, 69, 111, 199, 252, 291
44, 63, 106, 201, 243, 282
45, 92, 139, 167, 235, 306
46, 84, 137, 194, 265, 324
47, 81, 136, 180, 257, 323
48, 80, 140, 168, 233, 299
49, 70, 131, 176, 246, 321
50, 79, 134, 181, 245, 315
51, 73, 133, 172, 244, 312
52, 82, 135, 169, 248, 318
53, 83, 141, 170, 242, 313
