FLL Scheduler GA Summary Report (ID: 2132037139280 | Hash: 9065695868122227138)

Attributes:
--------------------
rank: 0
origin: (C | TimeSlotCrossover)
mutations: 1
clones: 0
_hash: 9065695868122227138
Length: 318

Fitness:
--------------------------
BreakTime           : 0.31062795876048954
LocationConsistency : 0.0
OpponentVariety     : 0.8754111684107535
-----------------------------------
Total               : 1.186039127171243
Percentage          : 39.53%

Per-Objective Statistics (Team Distribution):
-----------------------------------------------------------------
Objective                 | Min      | Max      | Avg      | Range   
-----------------------------------------------------------------
BreakTime                 | 0.0004   | 0.9193   | 0.5394   | 0.9189  
LocationConsistency       | 0.0417   | 0.6417   | 0.2250   | 0.6000  
OpponentVariety           | 0.7527   | 1.0000   | 0.9953   | 0.2473  

Team fitnesses (sorted by total fitness descending):
----------------------------------------------------
Max     : 2.263852
Min     : 1.090421
Range   : 1.173431
Average : 1.759716

Team |BreakTime |LocationConsistency |OpponentVariety |Sum
------------------------------------------------------------
45   |0.9139    |0.3500              |1.0000          |2.2639
50   |0.8793    |0.3500              |1.0000          |2.2293
48   |0.8630    |0.3500              |1.0000          |2.2130
32   |0.5616    |0.6417              |1.0000          |2.2032
46   |0.9185    |0.2667              |1.0000          |2.1852
11   |0.5379    |0.6417              |1.0000          |2.1796
53   |0.8865    |0.2667              |1.0000          |2.1531
51   |0.8672    |0.2667              |1.0000          |2.1338
52   |0.7914    |0.2667              |1.0000          |2.0581
39   |0.6637    |0.3500              |1.0000          |2.0137
37   |0.6273    |0.3667              |1.0000          |1.9939
24   |0.6013    |0.3667              |1.0000          |1.9680
47   |0.9193    |0.0417              |1.0000          |1.9610
44   |0.5936    |0.3500              |1.0000          |1.9436
42   |0.6764    |0.2667              |1.0000          |1.9431
40   |0.6732    |0.2667              |1.0000          |1.9398
4    |0.5895    |0.3500              |1.0000          |1.9395
49   |0.8925    |0.0417              |1.0000          |1.9342
38   |0.6673    |0.2667              |1.0000          |1.9339
16   |0.5556    |0.3667              |1.0000          |1.9223
2    |0.5640    |0.3500              |1.0000          |1.9140
3    |0.6329    |0.2667              |1.0000          |1.8995
23   |0.5397    |0.3500              |1.0000          |1.8897
10   |0.6158    |0.2667              |1.0000          |1.8825
14   |0.5758    |0.2667              |1.0000          |1.8424
31   |0.5515    |0.2667              |1.0000          |1.8181
6    |0.5474    |0.2667              |1.0000          |1.8141
27   |0.5133    |0.2667              |1.0000          |1.7800
1    |0.6485    |0.0417              |1.0000          |1.6902
5    |0.6216    |0.0667              |1.0000          |1.6883
43   |0.6257    |0.0500              |1.0000          |1.6757
36   |0.6044    |0.0500              |1.0000          |1.6544
7    |0.6005    |0.0417              |1.0000          |1.6422
13   |0.5920    |0.0500              |1.0000          |1.6420
12   |0.5901    |0.0500              |1.0000          |1.6401
41   |0.5809    |0.0500              |1.0000          |1.6309
9    |0.5719    |0.0500              |1.0000          |1.6219
8    |0.5774    |0.0417              |1.0000          |1.6190
17   |0.5619    |0.0500              |1.0000          |1.6119
18   |0.5543    |0.0417              |1.0000          |1.5960
15   |0.5389    |0.0500              |1.0000          |1.5889
26   |0.4972    |0.0667              |1.0000          |1.5639
34   |0.5002    |0.0500              |1.0000          |1.5502
21   |0.5082    |0.0417              |1.0000          |1.5499
29   |0.0045    |0.5250              |1.0000          |1.5295
19   |0.0004    |0.3667              |1.0000          |1.3671
25   |0.0465    |0.2667              |1.0000          |1.3132
20   |0.0454    |0.2667              |1.0000          |1.3121
35   |0.0004    |0.2667              |1.0000          |1.2671
33   |0.0004    |0.2667              |1.0000          |1.2671
22   |0.0004    |0.3500              |0.7527          |1.1031
30   |0.0475    |0.0500              |1.0000          |1.0975
28   |0.0488    |0.0417              |1.0000          |1.0904

Team Events (sorted, for dev use, diff check with others to ensure truly different schedules created):
------------------------------------------------------------
0, 109, 161, 178, 224, 286
1, 101, 146, 208, 277, 325
2, 102, 155, 174, 239, 301
3, 97, 143, 183, 232, 295
4, 100, 156, 189, 241, 303
5, 94, 149, 205, 250, 292
6, 96, 154, 187, 228, 287
7, 103, 153, 211, 260, 317
8, 98, 145, 196, 240, 296
9, 122, 159, 182, 261, 322
10, 119, 150, 198, 263, 308
11, 120, 164, 197, 255, 311
12, 121, 163, 175, 223, 282
13, 132, 160, 192, 269, 305
14, 123, 152, 207, 276, 319
15, 125, 157, 195, 252, 309
16, 113, 165, 203, 246, 302
17, 118, 162, 193, 231, 285
19, 74, 138, 202, 221, 275
20, 84, 142, 191, 236, 273
21, 58, 147, 204, 256, 294
22, 78, 131, 206, 226, 270
23, 57, 151, 200, 249, 304
24, 54, 158, 169, 214, 274
25, 70, 144, 215, 264, 307
26, 60, 148, 217, 272, 310
27, 61, 89, 190, 234, 281
28, 64, 99, 210, 257, 300
29, 77, 93, 213, 229, 271
30, 69, 88, 219, 259, 298
31, 55, 86, 179, 222, 289
32, 56, 90, 166, 218, 280
33, 95, 117, 216, 262, 279
34, 59, 92, 209, 254, 297
35, 91, 108, 220, 266, 278
36, 63, 105, 212, 267, 316
37, 76, 116, 188, 237, 290
38, 67, 110, 177, 230, 293
39, 72, 124, 172, 225, 284
40, 65, 115, 186, 251, 312
41, 68, 104, 201, 243, 283
42, 66, 112, 185, 268, 320
43, 75, 114, 184, 238, 288
44, 62, 111, 199, 247, 291
45, 80, 141, 168, 242, 314
46, 81, 134, 170, 248, 318
47, 73, 133, 167, 244, 315
48, 85, 135, 181, 245, 313
49, 71, 130, 176, 253, 321
50, 83, 140, 171, 233, 299
51, 82, 136, 180, 258, 323
52, 79, 137, 194, 265, 324
53, 87, 139, 173, 235, 306
