FLL Scheduler GA Summary Report (ID: 2132126147728 | Hash: -2070357041243307250)

Attributes:
--------------------
rank: 0
origin: (C | TimeSlotCrossover)
mutations: 0
clones: 0
_hash: -2070357041243307250
Length: 318

Fitness:
--------------------------
BreakTime           : 0.31062795876048954
LocationConsistency : 0.0
OpponentVariety     : 0.8754111684107535
-----------------------------------
Total               : 1.186039127171243
Percentage          : 39.53%

Per-Objective Statistics (Team Distribution):
-----------------------------------------------------------------
Objective                 | Min      | Max      | Avg      | Range   
-----------------------------------------------------------------
BreakTime                 | 0.0004   | 0.9193   | 0.5394   | 0.9189  
LocationConsistency       | 0.0417   | 0.5250   | 0.1972   | 0.4833  
OpponentVariety           | 0.7527   | 1.0000   | 0.9953   | 0.2473  

Team fitnesses (sorted by total fitness descending):
----------------------------------------------------
Max     : 2.388011
Min     : 1.054450
Range   : 1.333561
Average : 1.731886

Team |BreakTime |LocationConsistency |OpponentVariety |Sum
------------------------------------------------------------
48   |0.8630    |0.5250              |1.0000          |2.3880
53   |0.9139    |0.3500              |1.0000          |2.2639
47   |0.9193    |0.2667              |1.0000          |2.1860
52   |0.9185    |0.2667              |1.0000          |2.1852
49   |0.8925    |0.2667              |1.0000          |2.1592
51   |0.8672    |0.2667              |1.0000          |2.1338
40   |0.6732    |0.3500              |1.0000          |2.0232
42   |0.6764    |0.2667              |1.0000          |1.9431
43   |0.6637    |0.2667              |1.0000          |1.9304
50   |0.8793    |0.0500              |1.0000          |1.9293
45   |0.8865    |0.0417              |1.0000          |1.9281
1    |0.6485    |0.2667              |1.0000          |1.9152
37   |0.6273    |0.2667              |1.0000          |1.8939
39   |0.6257    |0.2667              |1.0000          |1.8923
2    |0.6216    |0.2667              |1.0000          |1.8883
13   |0.5379    |0.3500              |1.0000          |1.8879
15   |0.6158    |0.2667              |1.0000          |1.8825
36   |0.6044    |0.2667              |1.0000          |1.8710
23   |0.6013    |0.2667              |1.0000          |1.8680
8    |0.5895    |0.2667              |1.0000          |1.8562
41   |0.5809    |0.2667              |1.0000          |1.8476
9    |0.5719    |0.2667              |1.0000          |1.8385
46   |0.7914    |0.0417              |1.0000          |1.8331
34   |0.5616    |0.2667              |1.0000          |1.8282
11   |0.5556    |0.2667              |1.0000          |1.8223
14   |0.5543    |0.2667              |1.0000          |1.8210
3    |0.5474    |0.2667              |1.0000          |1.8141
21   |0.5082    |0.2667              |1.0000          |1.7749
32   |0.5002    |0.2667              |1.0000          |1.7669
38   |0.6673    |0.0500              |1.0000          |1.7173
5    |0.6329    |0.0500              |1.0000          |1.6829
6    |0.6005    |0.0750              |1.0000          |1.6755
10   |0.5920    |0.0667              |1.0000          |1.6586
44   |0.5936    |0.0500              |1.0000          |1.6436
17   |0.5901    |0.0500              |1.0000          |1.6401
18   |0.5758    |0.0500              |1.0000          |1.6258
7    |0.5774    |0.0417              |1.0000          |1.6190
35   |0.5515    |0.0667              |1.0000          |1.6181
4    |0.5640    |0.0417              |1.0000          |1.6057
12   |0.5619    |0.0417              |1.0000          |1.6036
25   |0.5397    |0.0500              |1.0000          |1.5897
16   |0.5389    |0.0500              |1.0000          |1.5889
30   |0.5133    |0.0500              |1.0000          |1.5633
22   |0.4972    |0.0417              |1.0000          |1.5389
28   |0.0004    |0.5250              |1.0000          |1.5254
29   |0.0488    |0.2667              |1.0000          |1.3154
19   |0.0465    |0.2667              |1.0000          |1.3132
26   |0.0004    |0.2667              |1.0000          |1.2671
31   |0.0004    |0.2667              |1.0000          |1.2671
24   |0.0454    |0.0667              |1.0000          |1.1121
20   |0.0004    |0.3500              |0.7527          |1.1031
27   |0.0475    |0.0417              |1.0000          |1.0891
33   |0.0045    |0.0500              |1.0000          |1.0545

Team Events (sorted, for dev use, diff check with others to ensure truly different schedules created):
------------------------------------------------------------
0, 107, 161, 177, 224, 293
1, 101, 156, 182, 241, 308
2, 94, 149, 205, 250, 287
3, 100, 147, 208, 277, 318
4, 102, 152, 180, 244, 301
5, 97, 153, 186, 228, 292
6, 103, 154, 211, 261, 310
7, 96, 142, 188, 232, 295
8, 98, 145, 197, 240, 297
9, 123, 163, 181, 223, 280
10, 118, 157, 194, 252, 302
11, 113, 164, 203, 246, 309
12, 121, 150, 198, 262, 303
13, 120, 162, 192, 231, 284
14, 124, 158, 189, 260, 322
15, 125, 155, 207, 276, 324
16, 122, 165, 196, 255, 316
17, 126, 160, 193, 269, 305
18, 71, 144, 214, 264, 307
19, 85, 130, 206, 226, 270
20, 56, 146, 204, 258, 294
21, 55, 148, 218, 272, 317
22, 61, 159, 168, 215, 274
23, 79, 143, 190, 236, 273
24, 58, 151, 201, 249, 304
25, 75, 137, 202, 220, 275
27, 69, 90, 216, 257, 299
28, 95, 111, 219, 263, 279
29, 64, 99, 210, 259, 300
30, 54, 91, 191, 234, 282
31, 89, 106, 221, 266, 278
32, 57, 87, 209, 254, 296
33, 76, 86, 213, 229, 271
34, 59, 88, 172, 217, 283
35, 60, 92, 176, 222, 290
36, 63, 104, 212, 267, 311
37, 77, 110, 183, 237, 288
38, 67, 117, 178, 230, 286
39, 74, 115, 185, 245, 291
40, 65, 114, 187, 251, 313
41, 68, 105, 200, 243, 281
42, 66, 112, 184, 268, 321
43, 72, 119, 167, 225, 285
44, 62, 116, 199, 247, 289
45, 93, 136, 166, 235, 306
46, 84, 138, 195, 265, 319
47, 73, 127, 173, 239, 315
48, 78, 134, 174, 238, 312
49, 70, 131, 179, 253, 320
50, 83, 141, 170, 233, 298
51, 82, 139, 175, 256, 323
52, 80, 135, 171, 248, 325
53, 81, 140, 169, 242, 314
