FLL Scheduler GA Summary Report (ID: 2132126149072 | Hash: -6928645860842395458)

Attributes:
--------------------
rank: 0
origin: (C | RoundTypeCrossover)
mutations: 1
clones: 1
_hash: -6928645860842395458
Length: 318

Fitness:
--------------------------
BreakTime           : 0.31062795876048954
LocationConsistency : 0.0
OpponentVariety     : 0.8754111684107535
-----------------------------------
Total               : 1.186039127171243
Percentage          : 39.53%

Per-Objective Statistics (Team Distribution):
-----------------------------------------------------------------
Objective                 | Min      | Max      | Avg      | Range   
-----------------------------------------------------------------
BreakTime                 | 0.0004   | 0.9193   | 0.5394   | 0.9189  
LocationConsistency       | 0.0417   | 0.9500   | 0.2028   | 0.9083  
OpponentVariety           | 0.7527   | 1.0000   | 0.9953   | 0.2473  

Team fitnesses (sorted by total fitness descending):
----------------------------------------------------
Max     : 2.560979
Min     : 1.042102
Range   : 1.518877
Average : 1.737546

Team |BreakTime |LocationConsistency |OpponentVariety |Sum
------------------------------------------------------------
47   |0.9193    |0.6417              |1.0000          |2.5610
42   |0.6044    |0.9500              |1.0000          |2.5544
2    |0.6216    |0.6417              |1.0000          |2.2633
48   |0.8630    |0.3667              |1.0000          |2.2297
51   |0.9185    |0.2667              |1.0000          |2.1852
45   |0.8865    |0.2667              |1.0000          |2.1531
41   |0.6732    |0.3500              |1.0000          |2.0232
43   |0.6673    |0.3500              |1.0000          |2.0173
15   |0.6158    |0.3667              |1.0000          |1.9825
53   |0.9139    |0.0500              |1.0000          |1.9639
44   |0.5936    |0.3500              |1.0000          |1.9436
38   |0.6764    |0.2667              |1.0000          |1.9431
9    |0.5719    |0.3667              |1.0000          |1.9385
49   |0.8925    |0.0417              |1.0000          |1.9342
50   |0.8793    |0.0417              |1.0000          |1.9210
52   |0.8672    |0.0500              |1.0000          |1.9172
1    |0.6485    |0.2667              |1.0000          |1.9152
39   |0.6257    |0.2667              |1.0000          |1.8923
17   |0.5389    |0.3500              |1.0000          |1.8889
13   |0.5379    |0.3500              |1.0000          |1.8879
36   |0.5809    |0.2667              |1.0000          |1.8476
46   |0.7914    |0.0417              |1.0000          |1.8331
4    |0.5640    |0.2667              |1.0000          |1.8307
31   |0.5616    |0.2667              |1.0000          |1.8282
3    |0.5474    |0.2667              |1.0000          |1.8141
19   |0.5082    |0.2667              |1.0000          |1.7749
37   |0.6637    |0.0417              |1.0000          |1.7054
5    |0.6329    |0.0417              |1.0000          |1.6745
40   |0.6273    |0.0417              |1.0000          |1.6689
18   |0.5901    |0.0750              |1.0000          |1.6651
6    |0.6005    |0.0500              |1.0000          |1.6505
20   |0.6013    |0.0417              |1.0000          |1.6430
10   |0.5920    |0.0417              |1.0000          |1.6336
8    |0.5895    |0.0417              |1.0000          |1.6312
14   |0.5543    |0.0750              |1.0000          |1.6293
7    |0.5774    |0.0500              |1.0000          |1.6274
11   |0.5556    |0.0667              |1.0000          |1.6223
16   |0.5758    |0.0417              |1.0000          |1.6174
12   |0.5619    |0.0417              |1.0000          |1.6036
29   |0.5515    |0.0417              |1.0000          |1.5931
26   |0.5397    |0.0417              |1.0000          |1.5814
28   |0.5133    |0.0417              |1.0000          |1.5550
25   |0.4972    |0.0500              |1.0000          |1.5472
33   |0.5002    |0.0417              |1.0000          |1.5419
21   |0.0465    |0.3500              |1.0000          |1.3965
22   |0.0004    |0.6417              |0.7527          |1.3948
35   |0.0045    |0.3500              |1.0000          |1.3545
27   |0.0475    |0.2667              |1.0000          |1.3141
34   |0.0488    |0.0750              |1.0000          |1.1238
23   |0.0454    |0.0667              |1.0000          |1.1121
30   |0.0004    |0.0667              |1.0000          |1.0671
32   |0.0004    |0.0500              |1.0000          |1.0504
24   |0.0004    |0.0417              |1.0000          |1.0421

Team Events (sorted, for dev use, diff check with others to ensure truly different schedules created):
------------------------------------------------------------
0, 105, 162, 178, 224, 293
1, 94, 156, 182, 241, 308
2, 100, 149, 204, 250, 287
3, 95, 146, 211, 271, 318
4, 102, 152, 175, 244, 301
5, 98, 153, 184, 228, 292
6, 103, 154, 208, 254, 310
7, 99, 142, 188, 232, 295
8, 97, 145, 197, 240, 297
9, 122, 160, 174, 223, 283
10, 125, 157, 194, 252, 302
11, 113, 164, 202, 246, 309
12, 120, 150, 198, 263, 303
13, 121, 161, 192, 231, 279
14, 119, 159, 189, 255, 322
15, 126, 163, 193, 269, 306
16, 118, 155, 212, 270, 324
17, 123, 165, 196, 260, 316
18, 56, 147, 205, 256, 294
19, 61, 158, 170, 215, 272
20, 77, 144, 214, 264, 304
21, 85, 130, 213, 226, 276
22, 79, 143, 190, 236, 275
23, 72, 138, 203, 220, 273
25, 55, 148, 218, 274, 317
26, 58, 151, 200, 249, 307
27, 69, 90, 216, 258, 299
28, 54, 91, 191, 234, 281
29, 60, 93, 179, 222, 290
30, 101, 117, 219, 262, 284
31, 59, 88, 172, 217, 280
32, 89, 104, 221, 266, 285
33, 57, 87, 210, 261, 296
34, 64, 96, 209, 257, 300
35, 71, 86, 206, 229, 277
36, 68, 106, 201, 243, 282
37, 74, 124, 167, 225, 278
38, 66, 112, 187, 268, 320
39, 73, 115, 186, 245, 291
40, 70, 116, 183, 237, 288
41, 65, 114, 185, 251, 313
42, 63, 107, 207, 267, 311
43, 67, 110, 177, 230, 286
44, 62, 111, 199, 247, 289
45, 92, 139, 166, 235, 305
46, 84, 136, 195, 265, 319
47, 75, 127, 173, 239, 315
48, 78, 134, 181, 238, 312
49, 76, 131, 176, 253, 321
50, 83, 141, 168, 233, 298
51, 80, 135, 169, 248, 325
52, 82, 137, 180, 259, 323
53, 81, 140, 171, 242, 314
