FLL Scheduler GA Summary Report (ID: 2132118891744 | Hash: -9110617079167156762)

Attributes:
--------------------
rank: 0
origin: (C | KPoint(k=1))
mutations: 0
clones: 0
_hash: -9110617079167156762
Length: 318

Fitness:
--------------------------
BreakTime           : 0.31062795876048954
LocationConsistency : 0.0
OpponentVariety     : 0.8754111684107535
-----------------------------------
Total               : 1.186039127171243
Percentage          : 39.53%

Per-Objective Statistics (Team Distribution):
-----------------------------------------------------------------
Objective                 | Min      | Max      | Avg      | Range   
-----------------------------------------------------------------
BreakTime                 | 0.0004   | 0.9193   | 0.5394   | 0.9189  
LocationConsistency       | 0.0417   | 0.9500   | 0.2346   | 0.9083  
OpponentVariety           | 0.7527   | 1.0000   | 0.9953   | 0.2473  

Team fitnesses (sorted by total fitness descending):
----------------------------------------------------
Max     : 2.741434
Min     : 1.019778
Range   : 1.721655
Average : 1.769307

Team |BreakTime |LocationConsistency |OpponentVariety |Sum
------------------------------------------------------------
52   |0.7914    |0.9500              |1.0000          |2.7414
36   |0.6044    |0.9500              |1.0000          |2.5544
37   |0.6273    |0.6417              |1.0000          |2.2689
48   |0.8630    |0.3500              |1.0000          |2.2130
47   |0.9193    |0.2667              |1.0000          |2.1860
46   |0.9185    |0.2667              |1.0000          |2.1852
30   |0.5133    |0.6417              |1.0000          |2.1550
45   |0.8865    |0.2667              |1.0000          |2.1531
50   |0.8793    |0.2667              |1.0000          |2.1460
51   |0.8672    |0.2667              |1.0000          |2.1338
10   |0.5556    |0.5250              |1.0000          |2.0806
38   |0.6673    |0.3500              |1.0000          |2.0173
8    |0.6329    |0.3500              |1.0000          |1.9829
53   |0.9139    |0.0500              |1.0000          |1.9639
24   |0.6013    |0.3500              |1.0000          |1.9513
49   |0.8925    |0.0417              |1.0000          |1.9342
39   |0.6637    |0.2667              |1.0000          |1.9304
1    |0.6485    |0.2667              |1.0000          |1.9152
12   |0.5619    |0.3500              |1.0000          |1.9119
43   |0.6257    |0.2667              |1.0000          |1.8923
23   |0.5397    |0.3500              |1.0000          |1.8897
11   |0.6158    |0.2667              |1.0000          |1.8825
16   |0.5379    |0.2667              |1.0000          |1.8046
22   |0.5082    |0.2667              |1.0000          |1.7749
42   |0.6764    |0.0750              |1.0000          |1.7514
44   |0.6732    |0.0750              |1.0000          |1.7482
5    |0.6216    |0.0667              |1.0000          |1.6883
13   |0.5920    |0.0667              |1.0000          |1.6586
40   |0.5936    |0.0500              |1.0000          |1.6436
9    |0.6005    |0.0417              |1.0000          |1.6422
26   |0.0004    |0.6417              |1.0000          |1.6421
28   |0.0004    |0.6417              |1.0000          |1.6421
2    |0.5895    |0.0500              |1.0000          |1.6395
7    |0.5719    |0.0667              |1.0000          |1.6385
15   |0.5901    |0.0417              |1.0000          |1.6318
41   |0.5809    |0.0500              |1.0000          |1.6309
14   |0.5543    |0.0750              |1.0000          |1.6293
3    |0.5774    |0.0417              |1.0000          |1.6190
17   |0.5758    |0.0417              |1.0000          |1.6174
4    |0.5640    |0.0417              |1.0000          |1.6057
34   |0.5616    |0.0417              |1.0000          |1.6032
35   |0.5515    |0.0417              |1.0000          |1.5931
6    |0.5474    |0.0417              |1.0000          |1.5891
18   |0.5389    |0.0500              |1.0000          |1.5889
32   |0.5002    |0.0417              |1.0000          |1.5419
25   |0.4972    |0.0417              |1.0000          |1.5389
33   |0.0045    |0.3500              |1.0000          |1.3545
27   |0.0475    |0.2667              |1.0000          |1.3141
19   |0.0465    |0.2667              |1.0000          |1.3132
31   |0.0488    |0.0417              |1.0000          |1.0904
21   |0.0454    |0.0417              |1.0000          |1.0871
29   |0.0004    |0.0417              |1.0000          |1.0421
20   |0.0004    |0.2667              |0.7527          |1.0198

Team Events (sorted, for dev use, diff check with others to ensure truly different schedules created):
------------------------------------------------------------
0, 102, 161, 178, 224, 286
1, 96, 148, 183, 235, 295
2, 108, 154, 208, 261, 310
3, 100, 144, 210, 277, 318
4, 101, 157, 188, 242, 303
5, 95, 142, 205, 250, 292
6, 98, 146, 191, 243, 297
7, 109, 153, 175, 239, 301
8, 97, 152, 186, 228, 287
9, 124, 156, 192, 252, 308
10, 119, 158, 182, 260, 322
11, 115, 164, 203, 246, 302
12, 123, 163, 174, 223, 280
13, 120, 162, 196, 236, 284
14, 122, 165, 190, 255, 316
15, 121, 151, 198, 263, 309
16, 132, 160, 194, 269, 305
17, 118, 155, 213, 276, 324
18, 71, 147, 215, 264, 306
19, 78, 130, 212, 226, 271
20, 84, 149, 195, 231, 272
21, 59, 145, 204, 259, 294
22, 57, 150, 200, 249, 304
24, 54, 159, 170, 214, 274
25, 60, 143, 219, 273, 317
26, 75, 138, 202, 220, 275
27, 69, 88, 216, 257, 298
28, 94, 111, 218, 262, 279
29, 91, 103, 221, 266, 278
30, 61, 89, 197, 233, 282
31, 64, 99, 209, 258, 300
32, 58, 87, 211, 254, 296
33, 76, 86, 206, 229, 270
34, 56, 90, 172, 217, 283
35, 55, 93, 179, 222, 289
36, 63, 107, 207, 267, 311
37, 77, 110, 189, 230, 290
38, 67, 117, 177, 237, 293
39, 72, 125, 167, 225, 285
40, 62, 116, 199, 247, 291
41, 68, 106, 201, 240, 281
42, 66, 114, 184, 268, 320
43, 74, 113, 185, 238, 288
44, 65, 112, 187, 251, 315
45, 92, 139, 166, 232, 307
46, 81, 135, 169, 248, 325
47, 73, 133, 173, 244, 312
48, 85, 134, 181, 245, 314
49, 70, 131, 176, 253, 321
50, 83, 140, 168, 234, 299
51, 82, 136, 180, 256, 323
52, 79, 137, 193, 265, 319
53, 80, 141, 171, 241, 313
