FLL Scheduler GA Summary Report (ID: 2132126141792 | Hash: -1797458552379346291)

Attributes:
--------------------
rank: 0
origin: (C | TimeSlotCrossover)
mutations: 0
clones: 0
_hash: -1797458552379346291
Length: 318

Fitness:
--------------------------
BreakTime           : 0.31062795876048954
LocationConsistency : 0.0
OpponentVariety     : 0.8754111684107535
-----------------------------------
Total               : 1.186039127171243
Percentage          : 39.53%

Per-Objective Statistics (Team Distribution):
-----------------------------------------------------------------
Objective                 | Min      | Max      | Avg      | Range   
-----------------------------------------------------------------
BreakTime                 | 0.0004   | 0.9193   | 0.5394   | 0.9189  
LocationConsistency       | 0.0417   | 0.6417   | 0.2102   | 0.6000  
OpponentVariety           | 0.7527   | 1.0000   | 0.9953   | 0.2473  

Team fitnesses (sorted by total fitness descending):
----------------------------------------------------
Max     : 2.236467
Min     : 1.054450
Range   : 1.182017
Average : 1.744936

Team |BreakTime |LocationConsistency |OpponentVariety |Sum
------------------------------------------------------------
45   |0.8865    |0.3500              |1.0000          |2.2365
4    |0.5895    |0.6417              |1.0000          |2.2312
52   |0.9185    |0.2667              |1.0000          |2.1852
51   |0.8672    |0.2667              |1.0000          |2.1338
48   |0.8630    |0.2667              |1.0000          |2.1297
46   |0.7914    |0.2667              |1.0000          |2.0581
38   |0.6764    |0.3500              |1.0000          |2.0264
40   |0.6732    |0.3500              |1.0000          |2.0232
53   |0.9139    |0.0750              |1.0000          |1.9889
43   |0.6273    |0.3500              |1.0000          |1.9773
47   |0.9193    |0.0417              |1.0000          |1.9610
49   |0.8925    |0.0417              |1.0000          |1.9342
50   |0.8793    |0.0500              |1.0000          |1.9293
34   |0.5616    |0.3500              |1.0000          |1.9116
15   |0.5556    |0.3500              |1.0000          |1.9056
13   |0.5543    |0.3500              |1.0000          |1.9043
42   |0.6257    |0.2667              |1.0000          |1.8923
24   |0.5397    |0.3500              |1.0000          |1.8897
3    |0.6216    |0.2667              |1.0000          |1.8883
11   |0.5379    |0.3500              |1.0000          |1.8879
37   |0.6044    |0.2667              |1.0000          |1.8710
20   |0.5082    |0.3500              |1.0000          |1.8582
17   |0.5901    |0.2667              |1.0000          |1.8568
39   |0.5809    |0.2667              |1.0000          |1.8476
18   |0.5758    |0.2667              |1.0000          |1.8424
5    |0.5719    |0.2667              |1.0000          |1.8385
6    |0.5474    |0.2667              |1.0000          |1.8141
30   |0.5133    |0.2667              |1.0000          |1.7800
36   |0.6673    |0.0500              |1.0000          |1.7173
41   |0.6637    |0.0500              |1.0000          |1.7137
1    |0.6485    |0.0417              |1.0000          |1.6902
16   |0.6158    |0.0667              |1.0000          |1.6825
7    |0.6005    |0.0750              |1.0000          |1.6755
9    |0.6329    |0.0417              |1.0000          |1.6745
22   |0.6013    |0.0667              |1.0000          |1.6680
10   |0.5920    |0.0667              |1.0000          |1.6586
44   |0.5936    |0.0500              |1.0000          |1.6436
25   |0.0004    |0.6417              |1.0000          |1.6421
8    |0.5774    |0.0417              |1.0000          |1.6190
2    |0.5640    |0.0417              |1.0000          |1.6057
12   |0.5619    |0.0417              |1.0000          |1.6036
35   |0.5515    |0.0417              |1.0000          |1.5931
14   |0.5389    |0.0500              |1.0000          |1.5889
21   |0.4972    |0.0667              |1.0000          |1.5639
32   |0.5002    |0.0417              |1.0000          |1.5419
28   |0.0475    |0.3500              |1.0000          |1.3975
27   |0.0004    |0.3667              |1.0000          |1.3671
31   |0.0004    |0.3500              |1.0000          |1.3504
19   |0.0465    |0.2667              |1.0000          |1.3132
23   |0.0454    |0.0667              |1.0000          |1.1121
26   |0.0004    |0.3500              |0.7527          |1.1031
29   |0.0488    |0.0500              |1.0000          |1.0988
33   |0.0045    |0.0500              |1.0000          |1.0545

Team Events (sorted, for dev use, diff check with others to ensure truly different schedules created):
------------------------------------------------------------
0, 103, 161, 178, 224, 293
1, 100, 147, 208, 277, 318
2, 101, 156, 188, 241, 302
3, 96, 143, 183, 232, 301
4, 98, 145, 196, 240, 298
5, 94, 149, 205, 250, 287
6, 97, 153, 186, 228, 292
7, 108, 154, 211, 261, 310
8, 109, 152, 175, 244, 294
9, 122, 162, 174, 223, 283
10, 120, 150, 198, 262, 309
11, 113, 165, 203, 246, 303
12, 121, 163, 193, 231, 279
13, 118, 155, 207, 276, 324
14, 124, 157, 195, 252, 308
15, 119, 159, 182, 260, 322
16, 123, 164, 197, 255, 316
17, 132, 160, 192, 269, 305
18, 71, 144, 214, 264, 306
20, 59, 146, 204, 259, 300
21, 60, 148, 219, 272, 317
22, 54, 158, 171, 215, 274
23, 78, 142, 191, 236, 273
24, 57, 151, 200, 249, 304
25, 75, 138, 202, 220, 275
26, 85, 130, 206, 226, 270
27, 95, 111, 218, 263, 284
28, 69, 88, 217, 257, 296
29, 64, 99, 210, 258, 295
30, 61, 89, 190, 234, 281
31, 90, 102, 221, 266, 285
32, 58, 87, 209, 254, 299
33, 76, 86, 213, 229, 271
34, 56, 91, 173, 216, 280
35, 55, 93, 179, 222, 290
36, 67, 117, 177, 230, 286
37, 63, 104, 212, 267, 311
38, 66, 112, 184, 268, 320
39, 68, 105, 201, 243, 282
40, 65, 114, 187, 251, 313
41, 72, 125, 166, 225, 278
42, 74, 115, 185, 245, 291
43, 77, 110, 189, 237, 288
44, 62, 116, 199, 247, 289
45, 92, 139, 167, 235, 307
46, 84, 137, 194, 265, 319
47, 73, 133, 172, 239, 315
48, 79, 134, 181, 238, 312
49, 70, 131, 176, 253, 321
50, 83, 140, 168, 233, 297
51, 82, 136, 180, 256, 323
52, 81, 135, 169, 248, 325
53, 80, 141, 170, 242, 314
