FLL Scheduler GA Summary Report (ID: 2132118885136 | Hash: 6491795612004525264)

Attributes:
--------------------
rank: 0
origin: (C | KPoint(k=2))
mutations: 2
clones: 2
_hash: 6491795612004525264
Length: 318

Fitness:
--------------------------
BreakTime           : 0.31062795876048954
LocationConsistency : 0.0
OpponentVariety     : 0.8754111684107535
-----------------------------------
Total               : 1.186039127171243
Percentage          : 39.53%

Per-Objective Statistics (Team Distribution):
-----------------------------------------------------------------
Objective                 | Min      | Max      | Avg      | Range   
-----------------------------------------------------------------
BreakTime                 | 0.0004   | 0.9193   | 0.5394   | 0.9189  
LocationConsistency       | 0.0417   | 0.6417   | 0.1912   | 0.6000  
OpponentVariety           | 0.7527   | 1.0000   | 0.9953   | 0.2473  

Team fitnesses (sorted by total fitness descending):
----------------------------------------------------
Max     : 2.314821
Min     : 1.042085
Range   : 1.272736
Average : 1.725911

Team |BreakTime |LocationConsistency |OpponentVariety |Sum
------------------------------------------------------------
44   |0.6732    |0.6417              |1.0000          |2.3148
53   |0.9139    |0.3500              |1.0000          |2.2639
48   |0.8793    |0.3500              |1.0000          |2.2293
45   |0.8865    |0.2667              |1.0000          |2.1531
47   |0.8672    |0.2667              |1.0000          |2.1338
50   |0.8630    |0.2667              |1.0000          |2.1297
46   |0.7914    |0.2667              |1.0000          |2.0581
40   |0.6764    |0.3500              |1.0000          |2.0264
51   |0.9193    |0.0417              |1.0000          |1.9610
52   |0.9185    |0.0417              |1.0000          |1.9602
7    |0.5895    |0.3500              |1.0000          |1.9395
49   |0.8925    |0.0417              |1.0000          |1.9342
43   |0.6673    |0.2667              |1.0000          |1.9339
34   |0.5616    |0.3500              |1.0000          |1.9116
6    |0.6329    |0.2667              |1.0000          |1.8995
37   |0.6273    |0.2667              |1.0000          |1.8939
36   |0.6257    |0.2667              |1.0000          |1.8923
24   |0.5397    |0.3500              |1.0000          |1.8897
16   |0.6158    |0.2667              |1.0000          |1.8825
20   |0.5082    |0.3667              |1.0000          |1.8749
42   |0.6044    |0.2667              |1.0000          |1.8710
12   |0.5901    |0.2667              |1.0000          |1.8568
5    |0.5719    |0.2667              |1.0000          |1.8385
14   |0.5543    |0.2667              |1.0000          |1.8210
8    |0.5474    |0.2667              |1.0000          |1.8141
17   |0.5379    |0.2667              |1.0000          |1.8046
30   |0.5133    |0.2667              |1.0000          |1.7800
32   |0.5002    |0.2667              |1.0000          |1.7669
39   |0.6637    |0.0500              |1.0000          |1.7137
1    |0.6485    |0.0417              |1.0000          |1.6902
3    |0.6216    |0.0667              |1.0000          |1.6883
22   |0.6013    |0.0667              |1.0000          |1.6680
9    |0.6005    |0.0500              |1.0000          |1.6505
41   |0.5936    |0.0500              |1.0000          |1.6436
10   |0.5920    |0.0417              |1.0000          |1.6336
38   |0.5809    |0.0500              |1.0000          |1.6309
4    |0.5774    |0.0417              |1.0000          |1.6190
18   |0.5758    |0.0417              |1.0000          |1.6174
2    |0.5640    |0.0500              |1.0000          |1.6140
11   |0.5556    |0.0500              |1.0000          |1.6056
15   |0.5619    |0.0417              |1.0000          |1.6036
35   |0.5515    |0.0417              |1.0000          |1.5931
13   |0.5389    |0.0500              |1.0000          |1.5889
21   |0.4972    |0.0667              |1.0000          |1.5639
26   |0.0004    |0.6417              |0.7527          |1.3948
33   |0.0045    |0.3500              |1.0000          |1.3545
25   |0.0004    |0.2667              |1.0000          |1.2671
23   |0.0454    |0.0667              |1.0000          |1.1121
29   |0.0488    |0.0500              |1.0000          |1.0988
27   |0.0475    |0.0417              |1.0000          |1.0891
19   |0.0465    |0.0417              |1.0000          |1.0882
28   |0.0004    |0.0667              |1.0000          |1.0671
31   |0.0004    |0.0417              |1.0000          |1.0421

Team Events (sorted, for dev use, diff check with others to ensure truly different schedules created):
------------------------------------------------------------
0, 103, 161, 178, 224, 293
1, 101, 146, 208, 270, 318
2, 100, 156, 189, 241, 302
3, 108, 152, 211, 261, 310
4, 98, 145, 191, 240, 297
5, 109, 155, 175, 244, 301
6, 97, 143, 183, 235, 295
7, 94, 149, 205, 250, 287
8, 96, 154, 187, 228, 292
9, 120, 163, 174, 223, 282
10, 119, 157, 192, 252, 308
11, 121, 164, 190, 255, 316
12, 123, 153, 207, 271, 324
13, 125, 162, 194, 236, 278
14, 113, 165, 203, 246, 303
15, 122, 159, 182, 260, 322
16, 124, 151, 198, 263, 309
17, 132, 160, 195, 269, 305
18, 71, 144, 214, 265, 306
20, 59, 147, 204, 259, 294
21, 60, 148, 218, 275, 317
22, 54, 158, 170, 215, 273
23, 78, 142, 196, 231, 274
24, 57, 150, 201, 249, 304
25, 75, 138, 202, 220, 272
26, 85, 130, 206, 226, 277
27, 69, 90, 216, 257, 299
28, 95, 111, 219, 262, 285
29, 64, 99, 210, 258, 300
30, 61, 91, 197, 233, 280
31, 88, 102, 221, 267, 284
32, 58, 86, 209, 254, 296
33, 76, 87, 213, 229, 276
34, 56, 89, 173, 217, 281
35, 55, 93, 179, 222, 290
36, 74, 115, 185, 245, 291
37, 77, 110, 188, 230, 288
38, 68, 105, 200, 243, 283
39, 72, 118, 167, 225, 279
40, 66, 112, 184, 268, 320
41, 62, 116, 199, 247, 289
42, 63, 104, 212, 266, 311
43, 67, 117, 177, 237, 286
44, 65, 114, 186, 251, 313
45, 92, 139, 166, 232, 307
46, 84, 137, 193, 264, 319
47, 81, 136, 180, 256, 323
48, 80, 140, 168, 234, 298
49, 70, 131, 176, 253, 321
50, 79, 134, 181, 238, 312
51, 73, 133, 172, 239, 315
52, 82, 135, 169, 248, 325
53, 83, 141, 171, 242, 314
