FLL Scheduler GA Summary Report (ID: 2132111948624 | Hash: 940911637745000873)

Attributes:
--------------------
rank: 0
origin: (C | TimeSlotCrossover)
mutations: 0
clones: 0
_hash: 940911637745000873
Length: 318

Fitness:
--------------------------
BreakTime           : 0.31062795876048954
LocationConsistency : 0.0
OpponentVariety     : 0.8754111684107535
-----------------------------------
Total               : 1.186039127171243
Percentage          : 39.53%

Per-Objective Statistics (Team Distribution):
-----------------------------------------------------------------
Objective                 | Min      | Max      | Avg      | Range   
-----------------------------------------------------------------
BreakTime                 | 0.0004   | 0.9193   | 0.5394   | 0.9189  
LocationConsistency       | 0.0417   | 0.9500   | 0.2824   | 0.9083  
OpponentVariety           | 0.7527   | 1.0000   | 0.9953   | 0.2473  

Team fitnesses (sorted by total fitness descending):
----------------------------------------------------
Max     : 2.869312
Min     : 0.794778
Range   : 2.074534
Average : 1.817106

Team |BreakTime |LocationConsistency |OpponentVariety |Sum
------------------------------------------------------------
47   |0.9193    |0.9500              |1.0000          |2.8693
46   |0.9185    |0.6417              |1.0000          |2.5602
38   |0.6044    |0.9500              |1.0000          |2.5544
51   |0.8672    |0.6417              |1.0000          |2.5088
48   |0.8630    |0.6417              |1.0000          |2.5047
39   |0.5936    |0.6417              |1.0000          |2.2353
4    |0.5895    |0.6417              |1.0000          |2.2312
49   |0.8925    |0.2667              |1.0000          |2.1592
45   |0.8865    |0.2667              |1.0000          |2.1531
50   |0.8793    |0.2667              |1.0000          |2.1460
52   |0.7914    |0.3500              |1.0000          |2.1414
23   |0.6013    |0.5250              |1.0000          |2.1263
40   |0.6732    |0.3500              |1.0000          |2.0232
53   |0.9139    |0.0417              |1.0000          |1.9555
33   |0.0045    |0.9500              |1.0000          |1.9545
37   |0.6764    |0.2667              |1.0000          |1.9431
42   |0.6673    |0.2667              |1.0000          |1.9339
44   |0.6637    |0.2667              |1.0000          |1.9304
34   |0.5616    |0.3667              |1.0000          |1.9282
10   |0.5556    |0.3667              |1.0000          |1.9223
8    |0.6329    |0.2667              |1.0000          |1.8995
25   |0.5397    |0.3500              |1.0000          |1.8897
16   |0.5379    |0.3500              |1.0000          |1.8879
9    |0.6005    |0.2667              |1.0000          |1.8672
13   |0.5920    |0.2667              |1.0000          |1.8586
43   |0.5809    |0.2667              |1.0000          |1.8476
17   |0.5758    |0.2667              |1.0000          |1.8424
35   |0.5515    |0.2667              |1.0000          |1.8181
19   |0.5082    |0.2667              |1.0000          |1.7749
36   |0.6273    |0.0667              |1.0000          |1.6939
1    |0.6485    |0.0417              |1.0000          |1.6902
3    |0.6216    |0.0667              |1.0000          |1.6883
22   |0.0454    |0.6417              |1.0000          |1.6871
41   |0.6257    |0.0417              |1.0000          |1.6673
11   |0.6158    |0.0500              |1.0000          |1.6658
7    |0.5719    |0.0667              |1.0000          |1.6385
15   |0.5901    |0.0417              |1.0000          |1.6318
14   |0.5543    |0.0667              |1.0000          |1.6210
5    |0.5774    |0.0417              |1.0000          |1.6190
2    |0.5640    |0.0417              |1.0000          |1.6057
12   |0.5619    |0.0417              |1.0000          |1.6036
6    |0.5474    |0.0417              |1.0000          |1.5891
18   |0.5389    |0.0500              |1.0000          |1.5889
30   |0.5133    |0.0500              |1.0000          |1.5633
32   |0.5002    |0.0417              |1.0000          |1.5419
20   |0.4972    |0.0417              |1.0000          |1.5389
21   |0.0465    |0.3500              |1.0000          |1.3965
27   |0.0475    |0.2667              |1.0000          |1.3141
29   |0.0004    |0.2667              |1.0000          |1.2671
28   |0.0004    |0.2667              |1.0000          |1.2671
31   |0.0488    |0.0500              |1.0000          |1.0988
26   |0.0004    |0.0667              |1.0000          |1.0671
24   |0.0004    |0.0417              |0.7527          |0.7948

Team Events (sorted, for dev use, diff check with others to ensure truly different schedules created):
------------------------------------------------------------
0, 105, 163, 178, 224, 286
1, 100, 144, 210, 277, 318
2, 101, 157, 182, 242, 308
3, 96, 148, 188, 232, 295
4, 103, 154, 208, 260, 310
5, 95, 142, 205, 249, 292
6, 98, 146, 191, 243, 297
7, 102, 153, 175, 238, 301
8, 97, 152, 184, 228, 287
9, 124, 156, 192, 252, 302
10, 119, 158, 189, 261, 322
11, 113, 164, 200, 247, 309
12, 122, 160, 174, 223, 280
13, 121, 161, 194, 231, 284
14, 123, 165, 190, 255, 316
15, 120, 151, 198, 263, 303
16, 132, 162, 195, 269, 306
17, 118, 155, 213, 276, 324
18, 56, 145, 204, 256, 294
19, 60, 143, 218, 273, 317
20, 70, 147, 214, 264, 304
22, 84, 149, 197, 236, 272
23, 55, 159, 170, 215, 274
24, 78, 129, 212, 226, 271
25, 58, 150, 203, 250, 307
26, 72, 136, 201, 220, 275
27, 68, 88, 216, 259, 298
28, 94, 117, 219, 262, 279
29, 90, 104, 221, 266, 278
30, 61, 89, 196, 234, 282
31, 64, 99, 209, 257, 300
32, 57, 87, 211, 254, 296
33, 77, 86, 206, 229, 270
34, 59, 91, 172, 217, 283
35, 54, 93, 179, 222, 289
36, 76, 116, 183, 237, 290
37, 66, 112, 187, 268, 320
38, 63, 107, 207, 267, 311
39, 62, 111, 199, 246, 291
40, 65, 114, 185, 248, 313
41, 73, 115, 186, 239, 288
42, 67, 110, 177, 230, 293
43, 69, 106, 202, 240, 281
44, 74, 125, 167, 225, 285
45, 92, 137, 166, 235, 305
46, 81, 141, 169, 251, 325
47, 75, 133, 173, 245, 315
48, 85, 140, 181, 244, 312
49, 71, 128, 176, 253, 321
50, 83, 134, 168, 233, 299
51, 82, 139, 180, 258, 323
52, 79, 138, 193, 265, 319
53, 80, 135, 171, 241, 314
