FLL Scheduler GA Summary Report (ID: 2132111937088 | Hash: 2144306245076229565)

Attributes:
--------------------
rank: 0
origin: (C | KPoint(k=1))
mutations: 1
clones: 0
_hash: 2144306245076229565
Length: 318

Fitness:
--------------------------
BreakTime           : 0.31062795876048954
LocationConsistency : 0.0
OpponentVariety     : 0.8754111684107535
-----------------------------------
Total               : 1.186039127171243
Percentage          : 39.53%

Per-Objective Statistics (Team Distribution):
-----------------------------------------------------------------
Objective                 | Min      | Max      | Avg      | Range   
-----------------------------------------------------------------
BreakTime                 | 0.0004   | 0.9193   | 0.5394   | 0.9189  
LocationConsistency       | 0.0417   | 0.9500   | 0.2091   | 0.9083  
OpponentVariety           | 0.7527   | 1.0000   | 0.9953   | 0.2473  

Team fitnesses (sorted by total fitness descending):
----------------------------------------------------
Max     : 2.554359
Min     : 0.803112
Range   : 1.751248
Average : 1.743835

Team |BreakTime |LocationConsistency |OpponentVariety |Sum
------------------------------------------------------------
36   |0.6044    |0.9500              |1.0000          |2.5544
42   |0.6764    |0.6417              |1.0000          |2.3181
53   |0.9139    |0.3500              |1.0000          |2.2639
10   |0.6158    |0.6417              |1.0000          |2.2575
48   |0.8793    |0.3500              |1.0000          |2.2293
49   |0.8925    |0.2667              |1.0000          |2.1592
27   |0.5133    |0.6417              |1.0000          |2.1550
45   |0.8865    |0.2667              |1.0000          |2.1531
46   |0.7914    |0.3500              |1.0000          |2.1414
39   |0.6732    |0.3667              |1.0000          |2.0398
51   |0.9193    |0.0500              |1.0000          |1.9693
52   |0.9185    |0.0417              |1.0000          |1.9602
16   |0.5556    |0.3667              |1.0000          |1.9223
47   |0.8672    |0.0500              |1.0000          |1.9172
6    |0.6485    |0.2667              |1.0000          |1.9152
50   |0.8630    |0.0500              |1.0000          |1.9130
34   |0.5616    |0.3500              |1.0000          |1.9116
18   |0.5543    |0.3500              |1.0000          |1.9043
1    |0.5474    |0.3500              |1.0000          |1.8974
37   |0.6273    |0.2667              |1.0000          |1.8939
19   |0.5397    |0.3500              |1.0000          |1.8897
15   |0.5389    |0.3500              |1.0000          |1.8889
5    |0.6216    |0.2667              |1.0000          |1.8883
43   |0.5936    |0.2667              |1.0000          |1.8603
12   |0.5901    |0.2667              |1.0000          |1.8568
4    |0.5895    |0.2667              |1.0000          |1.8562
11   |0.5379    |0.2667              |1.0000          |1.8046
32   |0.5002    |0.2667              |1.0000          |1.7669
38   |0.6673    |0.0417              |1.0000          |1.7089
41   |0.6637    |0.0417              |1.0000          |1.7054
40   |0.6257    |0.0750              |1.0000          |1.7007
3    |0.6329    |0.0500              |1.0000          |1.6829
25   |0.6013    |0.0750              |1.0000          |1.6763
7    |0.6005    |0.0417              |1.0000          |1.6422
13   |0.5920    |0.0417              |1.0000          |1.6336
44   |0.5809    |0.0500              |1.0000          |1.6309
8    |0.5774    |0.0417              |1.0000          |1.6190
14   |0.5758    |0.0417              |1.0000          |1.6174
9    |0.5719    |0.0417              |1.0000          |1.6135
2    |0.5640    |0.0417              |1.0000          |1.6057
17   |0.5619    |0.0417              |1.0000          |1.6036
35   |0.5515    |0.0417              |1.0000          |1.5931
26   |0.4972    |0.0667              |1.0000          |1.5639
20   |0.5082    |0.0417              |1.0000          |1.5499
24   |0.0004    |0.3667              |1.0000          |1.3671
21   |0.0465    |0.2667              |1.0000          |1.3132
23   |0.0454    |0.0750              |1.0000          |1.1204
28   |0.0488    |0.0667              |1.0000          |1.1154
30   |0.0475    |0.0417              |1.0000          |1.0891
29   |0.0004    |0.0750              |1.0000          |1.0754
33   |0.0045    |0.0500              |1.0000          |1.0545
31   |0.0004    |0.0500              |1.0000          |1.0504
22   |0.0004    |0.0500              |0.7527          |0.8031

Team Events (sorted, for dev use, diff check with others to ensure truly different schedules created):
------------------------------------------------------------
0, 94, 149, 205, 250, 293
1, 100, 147, 208, 277, 318
2, 109, 155, 175, 239, 294
3, 97, 143, 183, 232, 300
4, 101, 156, 189, 241, 303
5, 102, 161, 178, 224, 286
6, 96, 154, 187, 228, 287
7, 108, 153, 211, 254, 317
8, 98, 145, 191, 240, 299
9, 118, 159, 182, 255, 322
10, 122, 150, 198, 269, 308
11, 120, 164, 190, 260, 311
12, 121, 163, 174, 223, 282
13, 132, 160, 194, 263, 305
14, 119, 152, 207, 276, 324
15, 125, 157, 192, 247, 309
16, 113, 165, 203, 252, 302
17, 123, 162, 195, 231, 279
18, 57, 151, 200, 249, 304
19, 59, 146, 204, 257, 301
20, 71, 144, 214, 264, 307
21, 85, 131, 206, 226, 270
22, 78, 142, 196, 236, 273
23, 74, 138, 202, 220, 275
24, 54, 158, 170, 215, 274
25, 60, 148, 218, 272, 310
27, 61, 90, 197, 234, 280
28, 67, 99, 210, 256, 295
29, 95, 111, 219, 268, 284
30, 62, 91, 216, 258, 297
31, 88, 103, 221, 266, 285
32, 58, 87, 209, 261, 298
33, 76, 86, 213, 229, 271
34, 56, 89, 173, 217, 281
35, 55, 93, 179, 222, 289
36, 68, 107, 212, 267, 316
37, 77, 110, 188, 237, 290
38, 64, 117, 177, 230, 292
39, 66, 114, 186, 251, 312
40, 75, 115, 184, 238, 288
41, 72, 124, 167, 225, 278
42, 65, 112, 185, 262, 320
43, 69, 116, 199, 253, 291
44, 63, 106, 201, 243, 283
45, 92, 139, 166, 235, 306
46, 84, 137, 193, 265, 319
47, 81, 136, 180, 259, 323
48, 80, 140, 168, 233, 296
49, 70, 130, 176, 246, 321
50, 79, 134, 181, 245, 313
51, 73, 133, 172, 244, 315
52, 82, 135, 169, 248, 325
53, 83, 141, 171, 242, 314
