FLL Scheduler GA Summary Report (ID: 2132126140560 | Hash: -3360946995052209142)

Attributes:
--------------------
rank: 0
origin: (C | RoundTypeCrossover)
mutations: 0
clones: 0
_hash: -3360946995052209142
Length: 318

Fitness:
--------------------------
BreakTime           : 0.31062795876048954
LocationConsistency : 0.0
OpponentVariety     : 0.8754111684107535
-----------------------------------
Total               : 1.186039127171243
Percentage          : 39.53%

Per-Objective Statistics (Team Distribution):
-----------------------------------------------------------------
Objective                 | Min      | Max      | Avg      | Range   
-----------------------------------------------------------------
BreakTime                 | 0.0004   | 0.9193   | 0.5394   | 0.9189  
LocationConsistency       | 0.0417   | 0.6417   | 0.1917   | 0.6000  
OpponentVariety           | 0.7527   | 1.0000   | 0.9953   | 0.2473  

Team fitnesses (sorted by total fitness descending):
----------------------------------------------------
Max     : 2.388011
Min     : 1.067072
Range   : 1.320940
Average : 1.726383

Team |BreakTime |LocationConsistency |OpponentVariety |Sum
------------------------------------------------------------
48   |0.8630    |0.5250              |1.0000          |2.3880
44   |0.5936    |0.6417              |1.0000          |2.2353
51   |0.9185    |0.2667              |1.0000          |2.1852
53   |0.9139    |0.2667              |1.0000          |2.1805
49   |0.8925    |0.2667              |1.0000          |2.1592
45   |0.8865    |0.2667              |1.0000          |2.1531
43   |0.6673    |0.3500              |1.0000          |2.0173
5    |0.6329    |0.3500              |1.0000          |1.9829
47   |0.9193    |0.0417              |1.0000          |1.9610
20   |0.6013    |0.3500              |1.0000          |1.9513
6    |0.6005    |0.3500              |1.0000          |1.9505
38   |0.6764    |0.2667              |1.0000          |1.9431
9    |0.5719    |0.3667              |1.0000          |1.9385
36   |0.5809    |0.3500              |1.0000          |1.9309
50   |0.8793    |0.0500              |1.0000          |1.9293
11   |0.5556    |0.3667              |1.0000          |1.9223
1    |0.6485    |0.2667              |1.0000          |1.9152
52   |0.8672    |0.0417              |1.0000          |1.9088
39   |0.6257    |0.2667              |1.0000          |1.8923
2    |0.6216    |0.2667              |1.0000          |1.8883
42   |0.6044    |0.2667              |1.0000          |1.8710
46   |0.7914    |0.0417              |1.0000          |1.8331
31   |0.5616    |0.2667              |1.0000          |1.8282
3    |0.5474    |0.2667              |1.0000          |1.8141
13   |0.5379    |0.2667              |1.0000          |1.8046
19   |0.5082    |0.2667              |1.0000          |1.7749
41   |0.6732    |0.0500              |1.0000          |1.7232
37   |0.6637    |0.0417              |1.0000          |1.7054
40   |0.6273    |0.0417              |1.0000          |1.6689
15   |0.6158    |0.0417              |1.0000          |1.6575
18   |0.5901    |0.0500              |1.0000          |1.6401
10   |0.5920    |0.0417              |1.0000          |1.6336
8    |0.5895    |0.0417              |1.0000          |1.6312
16   |0.5758    |0.0500              |1.0000          |1.6258
7    |0.5774    |0.0417              |1.0000          |1.6190
17   |0.5389    |0.0750              |1.0000          |1.6139
4    |0.5640    |0.0417              |1.0000          |1.6057
12   |0.5619    |0.0417              |1.0000          |1.6036
14   |0.5543    |0.0417              |1.0000          |1.5960
29   |0.5515    |0.0417              |1.0000          |1.5931
26   |0.5397    |0.0500              |1.0000          |1.5897
28   |0.5133    |0.0500              |1.0000          |1.5633
25   |0.4972    |0.0500              |1.0000          |1.5472
33   |0.5002    |0.0417              |1.0000          |1.5419
22   |0.0004    |0.6417              |0.7527          |1.3948
35   |0.0045    |0.3500              |1.0000          |1.3545
21   |0.0465    |0.2667              |1.0000          |1.3132
24   |0.0004    |0.2667              |1.0000          |1.2671
32   |0.0004    |0.2667              |1.0000          |1.2671
34   |0.0488    |0.0667              |1.0000          |1.1154
23   |0.0454    |0.0667              |1.0000          |1.1121
27   |0.0475    |0.0417              |1.0000          |1.0891
30   |0.0004    |0.0667              |1.0000          |1.0671

Team Events (sorted, for dev use, diff check with others to ensure truly different schedules created):
------------------------------------------------------------
0, 103, 161, 177, 224, 293
1, 94, 156, 182, 241, 303
2, 100, 149, 205, 250, 287
3, 95, 146, 211, 277, 318
4, 109, 152, 180, 244, 301
5, 98, 153, 185, 228, 292
6, 108, 154, 208, 261, 311
7, 99, 142, 188, 232, 295
8, 97, 145, 197, 240, 297
9, 122, 163, 181, 223, 280
10, 125, 157, 194, 252, 309
11, 113, 164, 203, 247, 302
12, 120, 150, 198, 263, 308
13, 121, 162, 192, 231, 284
14, 119, 158, 189, 260, 322
15, 127, 160, 193, 269, 305
16, 118, 155, 212, 276, 324
17, 123, 165, 196, 255, 316
18, 56, 147, 204, 259, 294
19, 61, 159, 168, 215, 272
20, 77, 144, 214, 264, 307
21, 85, 130, 213, 226, 271
22, 79, 143, 190, 236, 275
23, 72, 138, 202, 220, 273
25, 55, 148, 218, 274, 317
26, 58, 151, 200, 249, 304
27, 69, 90, 216, 257, 299
28, 54, 91, 191, 234, 282
29, 60, 93, 176, 222, 290
30, 101, 117, 219, 262, 279
31, 59, 88, 172, 217, 283
32, 89, 102, 221, 266, 278
33, 57, 87, 210, 254, 296
34, 64, 96, 209, 258, 300
35, 71, 86, 206, 229, 270
36, 68, 105, 201, 243, 281
37, 74, 124, 167, 225, 285
38, 66, 112, 187, 268, 320
39, 73, 115, 186, 245, 291
40, 70, 116, 183, 237, 288
41, 65, 114, 184, 251, 312
42, 63, 104, 207, 267, 310
43, 67, 110, 178, 230, 286
44, 62, 111, 199, 246, 289
45, 92, 139, 166, 235, 306
46, 84, 136, 195, 265, 319
47, 75, 126, 173, 239, 314
48, 78, 134, 174, 238, 313
49, 76, 131, 179, 253, 321
50, 83, 141, 170, 233, 298
51, 80, 135, 171, 248, 325
52, 82, 137, 175, 256, 323
53, 81, 140, 169, 242, 315
