FLL Scheduler GA Summary Report (ID: 2132126139776 | Hash: -2540681448425059167)

Attributes:
--------------------
rank: 0
origin: (C | KPoint(k=3))
mutations: 0
clones: 0
_hash: -2540681448425059167
Length: 318

Fitness:
--------------------------
BreakTime           : 0.31062795876048954
LocationConsistency : 0.0
OpponentVariety     : 0.8754111684107535
-----------------------------------
Total               : 1.186039127171243
Percentage          : 39.53%

Per-Objective Statistics (Team Distribution):
-----------------------------------------------------------------
Objective                 | Min      | Max      | Avg      | Range   
-----------------------------------------------------------------
BreakTime                 | 0.0004   | 0.9193   | 0.5394   | 0.9189  
LocationConsistency       | 0.0417   | 0.9500   | 0.2272   | 0.9083  
OpponentVariety           | 0.7527   | 1.0000   | 0.9953   | 0.2473  

Team fitnesses (sorted by total fitness descending):
----------------------------------------------------
Max     : 2.539497
Min     : 1.050419
Range   : 1.489079
Average : 1.761917

Team |BreakTime |LocationConsistency |OpponentVariety |Sum
------------------------------------------------------------
4    |0.5895    |0.9500              |1.0000          |2.5395
41   |0.6732    |0.6417              |1.0000          |2.3148
16   |0.6158    |0.6417              |1.0000          |2.2575
42   |0.6044    |0.6417              |1.0000          |2.2460
49   |0.8925    |0.3500              |1.0000          |2.2425
45   |0.8865    |0.3500              |1.0000          |2.2365
47   |0.9193    |0.2667              |1.0000          |2.1860
52   |0.9185    |0.2667              |1.0000          |2.1852
48   |0.8630    |0.2667              |1.0000          |2.1297
53   |0.9139    |0.0500              |1.0000          |1.9639
40   |0.6764    |0.2667              |1.0000          |1.9431
12   |0.5901    |0.3500              |1.0000          |1.9401
43   |0.6673    |0.2667              |1.0000          |1.9339
39   |0.6637    |0.2667              |1.0000          |1.9304
50   |0.8793    |0.0417              |1.0000          |1.9210
51   |0.8672    |0.0500              |1.0000          |1.9172
9    |0.6329    |0.2667              |1.0000          |1.8995
37   |0.6273    |0.2667              |1.0000          |1.8939
23   |0.5397    |0.3500              |1.0000          |1.8897
3    |0.6216    |0.2667              |1.0000          |1.8883
44   |0.5936    |0.2667              |1.0000          |1.8603
38   |0.5809    |0.2667              |1.0000          |1.8476
18   |0.5758    |0.2667              |1.0000          |1.8424
5    |0.5719    |0.2667              |1.0000          |1.8385
46   |0.7914    |0.0417              |1.0000          |1.8331
15   |0.5619    |0.2667              |1.0000          |1.8286
34   |0.5616    |0.2667              |1.0000          |1.8282
11   |0.5556    |0.2667              |1.0000          |1.8223
6    |0.5474    |0.2667              |1.0000          |1.8141
30   |0.5133    |0.2667              |1.0000          |1.7800
1    |0.6485    |0.0417              |1.0000          |1.6902
26   |0.6013    |0.0667              |1.0000          |1.6680
36   |0.6257    |0.0417              |1.0000          |1.6673
7    |0.6005    |0.0417              |1.0000          |1.6422
10   |0.5920    |0.0500              |1.0000          |1.6420
8    |0.5774    |0.0500              |1.0000          |1.6274
2    |0.5640    |0.0500              |1.0000          |1.6140
14   |0.5543    |0.0500              |1.0000          |1.6043
35   |0.5515    |0.0417              |1.0000          |1.5931
13   |0.5389    |0.0500              |1.0000          |1.5889
17   |0.5379    |0.0500              |1.0000          |1.5879
25   |0.4972    |0.0667              |1.0000          |1.5639
19   |0.5082    |0.0417              |1.0000          |1.5499
32   |0.5002    |0.0417              |1.0000          |1.5419
22   |0.0004    |0.6417              |0.7527          |1.3948
28   |0.0004    |0.3667              |1.0000          |1.3671
33   |0.0045    |0.3500              |1.0000          |1.3545
27   |0.0475    |0.2667              |1.0000          |1.3141
20   |0.0004    |0.2667              |1.0000          |1.2671
21   |0.0454    |0.0667              |1.0000          |1.1121
24   |0.0465    |0.0500              |1.0000          |1.0965
29   |0.0488    |0.0417              |1.0000          |1.0904
31   |0.0004    |0.0500              |1.0000          |1.0504

Team Events (sorted, for dev use, diff check with others to ensure truly different schedules created):
------------------------------------------------------------
0, 103, 161, 178, 224, 286
1, 100, 147, 208, 270, 318
2, 101, 156, 189, 241, 302
3, 96, 143, 183, 232, 295
4, 98, 145, 196, 240, 297
5, 94, 149, 205, 250, 292
6, 97, 154, 187, 228, 287
7, 108, 152, 211, 254, 310
8, 109, 155, 174, 244, 301
9, 120, 162, 175, 223, 283
10, 119, 157, 195, 247, 308
11, 121, 164, 197, 261, 316
12, 123, 153, 207, 271, 324
13, 125, 163, 193, 231, 279
14, 113, 165, 203, 253, 303
15, 122, 159, 182, 255, 322
16, 124, 151, 198, 262, 309
17, 126, 160, 192, 269, 305
18, 59, 146, 204, 256, 294
19, 75, 138, 202, 220, 272
21, 78, 142, 191, 236, 274
22, 85, 130, 206, 226, 277
23, 57, 150, 200, 249, 304
24, 71, 144, 214, 266, 306
25, 60, 148, 218, 275, 317
26, 54, 158, 170, 215, 273
27, 69, 88, 216, 258, 299
28, 95, 111, 219, 263, 284
29, 64, 99, 210, 257, 300
30, 61, 89, 190, 234, 281
31, 90, 102, 221, 265, 285
32, 58, 87, 209, 260, 296
33, 76, 86, 213, 229, 276
34, 56, 91, 172, 217, 280
35, 55, 93, 179, 222, 289
36, 74, 115, 185, 245, 288
37, 77, 110, 188, 237, 290
38, 68, 105, 201, 243, 282
39, 72, 118, 167, 225, 278
40, 66, 112, 184, 268, 321
41, 65, 114, 186, 251, 313
42, 63, 104, 212, 264, 311
43, 67, 117, 177, 230, 293
44, 62, 116, 199, 252, 291
45, 92, 139, 166, 235, 307
46, 84, 137, 194, 267, 319
47, 73, 127, 173, 239, 315
48, 79, 134, 181, 238, 312
49, 70, 131, 176, 246, 320
50, 83, 141, 168, 233, 298
51, 82, 136, 180, 259, 323
52, 81, 135, 169, 248, 325
53, 80, 140, 171, 242, 314
