FLL Scheduler GA Summary Report (ID: 2132037138384 | Hash: -7987858604747857837)

Attributes:
--------------------
rank: 0
origin: (C | KPoint(k=3))
mutations: 0
clones: 0
_hash: -7987858604747857837
Length: 318

Fitness:
--------------------------
BreakTime           : 0.31062795876048954
LocationConsistency : 0.0
OpponentVariety     : 0.8754111684107535
-----------------------------------
Total               : 1.186039127171243
Percentage          : 39.53%

Per-Objective Statistics (Team Distribution):
-----------------------------------------------------------------
Objective                 | Min      | Max      | Avg      | Range   
-----------------------------------------------------------------
BreakTime                 | 0.0004   | 0.9193   | 0.5394   | 0.9189  
LocationConsistency       | 0.0417   | 0.6417   | 0.1814   | 0.6000  
OpponentVariety           | 0.7527   | 1.0000   | 0.9953   | 0.2473  

Team fitnesses (sorted by total fitness descending):
----------------------------------------------------
Max     : 2.267338
Min     : 1.019778
Range   : 1.247559
Average : 1.716163

Team |BreakTime |LocationConsistency |OpponentVariety |Sum
------------------------------------------------------------
39   |0.6257    |0.6417              |1.0000          |2.2673
46   |0.8865    |0.3500              |1.0000          |2.2365
49   |0.8630    |0.3667              |1.0000          |2.2297
47   |0.9193    |0.2667              |1.0000          |2.1860
52   |0.8925    |0.2667              |1.0000          |2.1592
33   |0.5133    |0.6417              |1.0000          |2.1550
51   |0.9139    |0.0500              |1.0000          |1.9639
45   |0.9185    |0.0417              |1.0000          |1.9602
40   |0.6732    |0.2667              |1.0000          |1.9398
6    |0.5895    |0.3500              |1.0000          |1.9395
36   |0.6673    |0.2667              |1.0000          |1.9339
10   |0.5556    |0.3667              |1.0000          |1.9223
48   |0.8793    |0.0417              |1.0000          |1.9210
53   |0.8672    |0.0417              |1.0000          |1.9088
16   |0.6158    |0.2667              |1.0000          |1.8825
43   |0.5936    |0.2667              |1.0000          |1.8603
41   |0.5809    |0.2667              |1.0000          |1.8476
15   |0.5758    |0.2667              |1.0000          |1.8424
9    |0.5719    |0.2667              |1.0000          |1.8385
50   |0.7914    |0.0417              |1.0000          |1.8331
4    |0.5640    |0.2667              |1.0000          |1.8307
17   |0.5619    |0.2667              |1.0000          |1.8286
28   |0.5616    |0.2667              |1.0000          |1.8282
27   |0.5515    |0.2667              |1.0000          |1.8181
20   |0.5082    |0.2667              |1.0000          |1.7749
31   |0.5002    |0.2667              |1.0000          |1.7669
42   |0.6764    |0.0500              |1.0000          |1.7264
44   |0.6637    |0.0417              |1.0000          |1.7054
1    |0.6485    |0.0417              |1.0000          |1.6902
5    |0.6216    |0.0667              |1.0000          |1.6883
37   |0.6273    |0.0500              |1.0000          |1.6773
7    |0.6005    |0.0750              |1.0000          |1.6755
2    |0.6329    |0.0417              |1.0000          |1.6745
23   |0.6013    |0.0667              |1.0000          |1.6680
38   |0.6044    |0.0500              |1.0000          |1.6544
35   |0.0045    |0.6417              |1.0000          |1.6461
12   |0.5920    |0.0417              |1.0000          |1.6336
13   |0.5901    |0.0417              |1.0000          |1.6318
14   |0.5543    |0.0750              |1.0000          |1.6293
8    |0.5774    |0.0417              |1.0000          |1.6190
18   |0.5389    |0.0750              |1.0000          |1.6139
3    |0.5474    |0.0500              |1.0000          |1.5974
21   |0.5397    |0.0500              |1.0000          |1.5897
11   |0.5379    |0.0417              |1.0000          |1.5796
25   |0.4972    |0.0750              |1.0000          |1.5722
32   |0.0475    |0.2667              |1.0000          |1.3141
19   |0.0004    |0.2667              |1.0000          |1.2671
29   |0.0488    |0.0667              |1.0000          |1.1154
24   |0.0454    |0.0500              |1.0000          |1.0954
22   |0.0465    |0.0417              |1.0000          |1.0882
30   |0.0004    |0.0667              |1.0000          |1.0671
34   |0.0004    |0.0417              |1.0000          |1.0421
26   |0.0004    |0.2667              |0.7527          |1.0198

Team Events (sorted, for dev use, diff check with others to ensure truly different schedules created):
------------------------------------------------------------
0, 105, 163, 178, 224, 286
1, 102, 153, 175, 244, 301
2, 95, 149, 204, 249, 292
3, 100, 147, 211, 277, 318
4, 101, 157, 188, 241, 303
5, 97, 143, 183, 232, 295
6, 96, 152, 186, 226, 287
7, 103, 154, 208, 261, 310
8, 98, 145, 191, 240, 297
9, 124, 156, 192, 247, 308
10, 120, 151, 198, 268, 309
11, 122, 160, 174, 223, 283
12, 123, 165, 190, 255, 316
13, 121, 161, 195, 231, 279
14, 132, 162, 194, 262, 304
15, 119, 158, 182, 260, 322
16, 115, 164, 202, 252, 302
17, 118, 155, 212, 276, 324
18, 72, 138, 203, 214, 272
19, 59, 146, 205, 259, 294
20, 56, 150, 201, 250, 305
21, 77, 144, 220, 267, 306
22, 55, 159, 170, 221, 273
23, 79, 142, 196, 236, 275
24, 60, 148, 218, 274, 317
26, 85, 129, 213, 228, 270
27, 54, 93, 179, 222, 289
28, 57, 91, 172, 217, 280
29, 67, 99, 209, 258, 300
30, 94, 110, 219, 269, 284
31, 58, 87, 210, 254, 296
32, 63, 88, 216, 257, 299
33, 61, 89, 197, 234, 281
34, 90, 104, 215, 265, 285
35, 71, 86, 206, 227, 271
36, 64, 117, 177, 230, 293
37, 70, 111, 189, 237, 290
38, 68, 107, 207, 264, 311
39, 73, 112, 185, 245, 288
40, 66, 113, 187, 248, 313
41, 62, 106, 200, 243, 282
42, 65, 114, 184, 263, 320
43, 69, 116, 199, 253, 291
44, 74, 125, 167, 225, 278
45, 80, 135, 169, 251, 325
46, 92, 139, 166, 235, 307
47, 75, 133, 173, 239, 314
48, 83, 141, 168, 233, 298
49, 78, 134, 181, 238, 312
50, 84, 136, 193, 266, 319
51, 81, 140, 171, 242, 315
52, 76, 128, 176, 246, 321
53, 82, 137, 180, 256, 323
