FLL Scheduler GA Summary Report (ID: 2132126147952 | Hash: -2608588135092871156)

Attributes:
--------------------
rank: 0
origin: (C | TimeSlotCrossover)
mutations: 0
clones: 0
_hash: -2608588135092871156
Length: 318

Fitness:
--------------------------
BreakTime           : 0.31062795876048954
LocationConsistency : 0.0
OpponentVariety     : 0.8754111684107535
-----------------------------------
Total               : 1.186039127171243
Percentage          : 39.53%

Per-Objective Statistics (Team Distribution):
-----------------------------------------------------------------
Objective                 | Min      | Max      | Avg      | Range   
-----------------------------------------------------------------
BreakTime                 | 0.0004   | 0.9193   | 0.5394   | 0.9189  
LocationConsistency       | 0.0417   | 0.9500   | 0.2258   | 0.9083  
OpponentVariety           | 0.7527   | 1.0000   | 0.9953   | 0.2473  

Team fitnesses (sorted by total fitness descending):
----------------------------------------------------
Max     : 2.504678
Min     : 0.803112
Range   : 1.701566
Average : 1.760502

Team |BreakTime |LocationConsistency |OpponentVariety |Sum
------------------------------------------------------------
48   |0.8630    |0.6417              |1.0000          |2.5047
41   |0.6732    |0.6417              |1.0000          |2.3148
53   |0.9139    |0.3500              |1.0000          |2.2639
50   |0.8793    |0.3500              |1.0000          |2.2293
51   |0.8672    |0.3500              |1.0000          |2.2172
11   |0.5556    |0.6417              |1.0000          |2.1973
47   |0.9193    |0.2667              |1.0000          |2.1860
49   |0.8925    |0.2667              |1.0000          |2.1592
45   |0.8865    |0.2667              |1.0000          |2.1531
16   |0.6158    |0.3667              |1.0000          |1.9825
52   |0.9185    |0.0417              |1.0000          |1.9602
33   |0.0045    |0.9500              |1.0000          |1.9545
2    |0.5895    |0.3500              |1.0000          |1.9395
15   |0.5619    |0.3500              |1.0000          |1.9119
6    |0.6329    |0.2667              |1.0000          |1.8995
37   |0.6273    |0.2667              |1.0000          |1.8939
40   |0.6257    |0.2667              |1.0000          |1.8923
24   |0.5397    |0.3500              |1.0000          |1.8897
17   |0.5379    |0.3500              |1.0000          |1.8879
42   |0.6044    |0.2667              |1.0000          |1.8710
30   |0.5133    |0.3500              |1.0000          |1.8633
12   |0.5901    |0.2667              |1.0000          |1.8568
46   |0.7914    |0.0500              |1.0000          |1.8414
1    |0.5719    |0.2667              |1.0000          |1.8385
7    |0.5640    |0.2667              |1.0000          |1.8307
14   |0.5543    |0.2667              |1.0000          |1.8210
8    |0.5474    |0.2667              |1.0000          |1.8141
36   |0.6764    |0.0500              |1.0000          |1.7264
43   |0.6673    |0.0417              |1.0000          |1.7089
39   |0.6637    |0.0417              |1.0000          |1.7054
9    |0.6485    |0.0417              |1.0000          |1.6902
5    |0.6216    |0.0667              |1.0000          |1.6883
19   |0.0465    |0.6417              |1.0000          |1.6882
22   |0.6013    |0.0750              |1.0000          |1.6763
3    |0.6005    |0.0750              |1.0000          |1.6755
44   |0.5936    |0.0750              |1.0000          |1.6686
10   |0.5920    |0.0667              |1.0000          |1.6586
34   |0.5616    |0.0750              |1.0000          |1.6366
4    |0.5774    |0.0500              |1.0000          |1.6274
38   |0.5809    |0.0417              |1.0000          |1.6226
18   |0.5758    |0.0417              |1.0000          |1.6174
35   |0.5515    |0.0417              |1.0000          |1.5931
13   |0.5389    |0.0500              |1.0000          |1.5889
21   |0.4972    |0.0667              |1.0000          |1.5639
20   |0.5082    |0.0417              |1.0000          |1.5499
32   |0.5002    |0.0417              |1.0000          |1.5419
28   |0.0475    |0.2667              |1.0000          |1.3141
23   |0.0454    |0.2667              |1.0000          |1.3121
27   |0.0004    |0.2667              |1.0000          |1.2671
29   |0.0488    |0.0667              |1.0000          |1.1154
31   |0.0004    |0.0500              |1.0000          |1.0504
25   |0.0004    |0.0417              |1.0000          |1.0421
26   |0.0004    |0.0500              |0.7527          |0.8031

Team Events (sorted, for dev use, diff check with others to ensure truly different schedules created):
------------------------------------------------------------
0, 98, 145, 191, 240, 297
1, 97, 143, 183, 235, 295
2, 96, 152, 187, 228, 292
3, 108, 154, 211, 254, 310
4, 100, 156, 189, 241, 303
5, 109, 153, 175, 244, 301
6, 101, 147, 208, 277, 318
7, 94, 149, 205, 250, 287
8, 103, 161, 178, 224, 293
9, 122, 162, 174, 223, 283
10, 124, 157, 192, 252, 309
11, 123, 164, 190, 261, 316
12, 118, 155, 207, 276, 324
13, 121, 163, 195, 236, 279
14, 115, 165, 203, 246, 302
15, 119, 159, 182, 255, 322
16, 120, 150, 198, 262, 308
17, 127, 160, 194, 269, 305
18, 70, 144, 214, 264, 307
20, 59, 146, 204, 256, 294
21, 60, 148, 219, 272, 317
22, 54, 158, 170, 215, 274
23, 79, 142, 196, 231, 273
24, 56, 151, 201, 249, 304
25, 72, 137, 202, 220, 275
26, 85, 129, 206, 226, 270
27, 95, 110, 218, 263, 284
28, 62, 90, 217, 258, 299
29, 67, 99, 210, 257, 300
30, 61, 91, 197, 233, 281
31, 88, 102, 221, 266, 285
32, 58, 86, 209, 260, 296
33, 77, 87, 213, 229, 271
34, 57, 89, 173, 216, 280
35, 55, 93, 179, 222, 290
36, 65, 114, 184, 268, 320
37, 76, 111, 188, 230, 288
38, 63, 105, 200, 243, 282
39, 74, 125, 167, 225, 278
40, 73, 112, 185, 245, 291
41, 66, 113, 186, 251, 313
42, 68, 104, 212, 267, 311
43, 64, 116, 177, 237, 286
44, 69, 117, 199, 247, 289
45, 92, 136, 166, 232, 306
46, 84, 138, 193, 265, 319
47, 75, 126, 172, 239, 315
48, 78, 141, 181, 238, 312
49, 71, 128, 176, 253, 321
50, 80, 135, 168, 234, 298
51, 81, 139, 180, 259, 323
52, 82, 140, 169, 248, 325
53, 83, 134, 171, 242, 314
