FLL Scheduler GA Summary Report (ID: 2132111946496 | Hash: -8259501800342448189)

Attributes:
--------------------
rank: 0
origin: (C | RoundTypeCrossover)
mutations: 0
clones: 0
_hash: -8259501800342448189
Length: 318

Fitness:
--------------------------
BreakTime           : 0.31062795876048954
LocationConsistency : 0.0
OpponentVariety     : 0.8754111684107535
-----------------------------------
Total               : 1.186039127171243
Percentage          : 39.53%

Per-Objective Statistics (Team Distribution):
-----------------------------------------------------------------
Objective                 | Min      | Max      | Avg      | Range   
-----------------------------------------------------------------
BreakTime                 | 0.0004   | 0.9193   | 0.5394   | 0.9189  
LocationConsistency       | 0.0417   | 0.6417   | 0.2013   | 0.6000  
OpponentVariety           | 0.7527   | 1.0000   | 0.9953   | 0.2473  

Team fitnesses (sorted by total fitness descending):
----------------------------------------------------
Max     : 2.433100
Min     : 1.019778
Range   : 1.413322
Average : 1.735974

Team |BreakTime |LocationConsistency |OpponentVariety |Sum
------------------------------------------------------------
50   |0.7914    |0.6417              |1.0000          |2.4331
44   |0.6732    |0.6417              |1.0000          |2.3148
39   |0.6637    |0.6417              |1.0000          |2.3054
48   |0.8630    |0.3500              |1.0000          |2.2130
47   |0.9193    |0.2667              |1.0000          |2.1860
46   |0.9185    |0.2667              |1.0000          |2.1852
53   |0.8865    |0.2667              |1.0000          |2.1531
52   |0.8793    |0.2667              |1.0000          |2.1460
5    |0.6216    |0.3667              |1.0000          |1.9883
8    |0.6329    |0.3500              |1.0000          |1.9829
45   |0.9139    |0.0417              |1.0000          |1.9555
36   |0.6044    |0.3500              |1.0000          |1.9544
40   |0.5936    |0.3500              |1.0000          |1.9436
2    |0.5895    |0.3500              |1.0000          |1.9395
49   |0.8925    |0.0417              |1.0000          |1.9342
38   |0.6673    |0.2667              |1.0000          |1.9339
10   |0.5556    |0.3667              |1.0000          |1.9223
51   |0.8672    |0.0500              |1.0000          |1.9172
1    |0.6485    |0.2667              |1.0000          |1.9152
37   |0.6273    |0.2667              |1.0000          |1.8939
43   |0.6257    |0.2667              |1.0000          |1.8923
11   |0.6158    |0.2667              |1.0000          |1.8825
30   |0.5133    |0.3500              |1.0000          |1.8633
41   |0.5809    |0.2667              |1.0000          |1.8476
34   |0.5616    |0.2667              |1.0000          |1.8282
6    |0.5474    |0.2667              |1.0000          |1.8141
42   |0.6764    |0.0750              |1.0000          |1.7514
13   |0.5920    |0.0667              |1.0000          |1.6586
24   |0.6013    |0.0500              |1.0000          |1.6513
9    |0.6005    |0.0417              |1.0000          |1.6422
7    |0.5719    |0.0667              |1.0000          |1.6385
15   |0.5901    |0.0417              |1.0000          |1.6318
17   |0.5758    |0.0500              |1.0000          |1.6258
3    |0.5774    |0.0417              |1.0000          |1.6190
4    |0.5640    |0.0417              |1.0000          |1.6057
12   |0.5619    |0.0417              |1.0000          |1.6036
14   |0.5543    |0.0417              |1.0000          |1.5960
35   |0.5515    |0.0417              |1.0000          |1.5931
23   |0.5397    |0.0500              |1.0000          |1.5897
18   |0.5389    |0.0500              |1.0000          |1.5889
16   |0.5379    |0.0500              |1.0000          |1.5879
22   |0.5082    |0.0417              |1.0000          |1.5499
25   |0.4972    |0.0500              |1.0000          |1.5472
32   |0.5002    |0.0417              |1.0000          |1.5419
21   |0.0454    |0.3500              |1.0000          |1.3954
33   |0.0045    |0.3500              |1.0000          |1.3545
26   |0.0004    |0.2667              |1.0000          |1.2671
28   |0.0004    |0.2667              |1.0000          |1.2671
31   |0.0488    |0.0500              |1.0000          |1.0988
29   |0.0475    |0.0500              |1.0000          |1.0975
19   |0.0465    |0.0417              |1.0000          |1.0882
27   |0.0004    |0.0500              |1.0000          |1.0504
20   |0.0004    |0.2667              |0.7527          |1.0198

Team Events (sorted, for dev use, diff check with others to ensure truly different schedules created):
------------------------------------------------------------
0, 102, 161, 178, 224, 286
1, 96, 148, 183, 232, 295
2, 108, 154, 208, 261, 310
3, 100, 144, 210, 277, 318
4, 101, 157, 189, 242, 303
5, 95, 142, 198, 249, 292
6, 98, 146, 191, 243, 297
7, 109, 153, 175, 239, 301
8, 97, 152, 187, 228, 287
9, 124, 156, 192, 246, 308
10, 119, 158, 182, 260, 322
11, 115, 164, 200, 253, 302
12, 123, 163, 174, 223, 280
13, 120, 162, 195, 231, 284
14, 122, 165, 190, 255, 316
15, 121, 151, 205, 268, 309
16, 132, 160, 194, 262, 306
17, 118, 155, 213, 276, 324
18, 71, 147, 221, 266, 304
19, 78, 130, 212, 226, 271
20, 84, 149, 196, 236, 272
21, 59, 145, 199, 256, 294
22, 57, 150, 203, 250, 307
24, 54, 159, 170, 220, 274
25, 60, 143, 217, 273, 317
26, 75, 138, 201, 215, 275
27, 91, 103, 214, 264, 278
28, 94, 111, 216, 269, 279
29, 69, 88, 219, 258, 298
30, 61, 89, 197, 234, 282
31, 64, 99, 209, 257, 300
32, 58, 87, 211, 254, 296
33, 76, 86, 206, 229, 270
34, 56, 90, 172, 218, 283
35, 55, 93, 179, 222, 289
36, 63, 107, 207, 265, 311
37, 77, 110, 188, 237, 290
38, 67, 117, 177, 230, 293
39, 73, 125, 167, 225, 285
40, 62, 116, 204, 252, 291
41, 68, 106, 202, 240, 281
42, 66, 114, 184, 263, 320
43, 74, 113, 185, 238, 288
44, 65, 112, 186, 248, 313
45, 80, 141, 171, 241, 314
46, 81, 135, 169, 251, 325
47, 72, 133, 173, 244, 315
48, 85, 134, 181, 245, 312
49, 70, 131, 176, 247, 321
50, 79, 137, 193, 267, 319
51, 82, 136, 180, 259, 323
52, 83, 140, 168, 233, 299
53, 92, 139, 166, 235, 305
