FLL Scheduler GA Summary Report (ID: 2132037137600 | Hash: 6366235401822471339)

Attributes:
--------------------
rank: 0
origin: (C | TimeSlotCrossover)
mutations: 0
clones: 0
_hash: 6366235401822471339
Length: 318

Fitness:
--------------------------
BreakTime           : 0.31062795876048954
LocationConsistency : 0.0
OpponentVariety     : 0.8754111684107535
-----------------------------------
Total               : 1.186039127171243
Percentage          : 39.53%

Per-Objective Statistics (Team Distribution):
-----------------------------------------------------------------
Objective                 | Min      | Max      | Avg      | Range   
-----------------------------------------------------------------
BreakTime                 | 0.0004   | 0.9193   | 0.5394   | 0.9189  
LocationConsistency       | 0.0417   | 0.6417   | 0.2039   | 0.6000  
OpponentVariety           | 0.7527   | 1.0000   | 0.9953   | 0.2473  

Team fitnesses (sorted by total fitness descending):
----------------------------------------------------
Max     : 2.534208
Min     : 1.050419
Range   : 1.483789
Average : 1.738647

Team |BreakTime |LocationConsistency |OpponentVariety |Sum
------------------------------------------------------------
49   |0.8925    |0.6417              |1.0000          |2.5342
53   |0.8865    |0.3500              |1.0000          |2.2365
4    |0.5895    |0.6417              |1.0000          |2.2312
50   |0.8630    |0.3500              |1.0000          |2.2130
46   |0.9185    |0.2667              |1.0000          |2.1852
52   |0.7914    |0.3500              |1.0000          |2.1414
38   |0.6764    |0.3500              |1.0000          |2.0264
15   |0.6158    |0.3667              |1.0000          |1.9825
45   |0.9139    |0.0500              |1.0000          |1.9639
51   |0.9193    |0.0417              |1.0000          |1.9610
36   |0.6673    |0.2667              |1.0000          |1.9339
48   |0.8793    |0.0500              |1.0000          |1.9293
47   |0.8672    |0.0500              |1.0000          |1.9172
1    |0.6485    |0.2667              |1.0000          |1.9152
33   |0.5616    |0.3500              |1.0000          |1.9116
10   |0.5556    |0.3500              |1.0000          |1.9056
42   |0.6257    |0.2667              |1.0000          |1.8923
24   |0.5397    |0.3500              |1.0000          |1.8897
3    |0.6216    |0.2667              |1.0000          |1.8883
16   |0.5379    |0.3500              |1.0000          |1.8879
37   |0.6044    |0.2667              |1.0000          |1.8710
12   |0.5901    |0.2667              |1.0000          |1.8568
5    |0.5719    |0.2667              |1.0000          |1.8385
6    |0.5474    |0.2667              |1.0000          |1.8141
28   |0.5133    |0.2667              |1.0000          |1.7800
40   |0.6732    |0.0750              |1.0000          |1.7482
41   |0.6637    |0.0417              |1.0000          |1.7054
43   |0.6273    |0.0750              |1.0000          |1.7023
9    |0.6329    |0.0500              |1.0000          |1.6829
21   |0.6013    |0.0667              |1.0000          |1.6680
7    |0.6005    |0.0667              |1.0000          |1.6672
11   |0.5920    |0.0667              |1.0000          |1.6586
44   |0.5936    |0.0500              |1.0000          |1.6436
25   |0.0004    |0.6417              |1.0000          |1.6421
8    |0.5774    |0.0500              |1.0000          |1.6274
39   |0.5809    |0.0417              |1.0000          |1.6226
18   |0.5758    |0.0417              |1.0000          |1.6174
2    |0.5640    |0.0500              |1.0000          |1.6140
14   |0.5543    |0.0500              |1.0000          |1.6043
17   |0.5619    |0.0417              |1.0000          |1.6036
35   |0.5515    |0.0417              |1.0000          |1.5931
13   |0.5389    |0.0500              |1.0000          |1.5889
22   |0.5082    |0.0750              |1.0000          |1.5832
20   |0.4972    |0.0750              |1.0000          |1.5722
32   |0.5002    |0.0417              |1.0000          |1.5419
26   |0.0004    |0.6417              |0.7527          |1.3948
34   |0.0004    |0.3667              |1.0000          |1.3671
31   |0.0475    |0.2667              |1.0000          |1.3141
19   |0.0465    |0.2667              |1.0000          |1.3132
23   |0.0454    |0.0750              |1.0000          |1.1204
29   |0.0488    |0.0667              |1.0000          |1.1154
30   |0.0045    |0.0750              |1.0000          |1.0795
27   |0.0004    |0.0500              |1.0000          |1.0504

Team Events (sorted, for dev use, diff check with others to ensure truly different schedules created):
------------------------------------------------------------
0, 103, 161, 177, 224, 286
1, 100, 146, 208, 270, 318
2, 101, 156, 188, 241, 302
3, 96, 143, 183, 232, 301
4, 98, 145, 191, 240, 298
5, 94, 149, 205, 250, 292
6, 97, 153, 186, 228, 287
7, 108, 154, 211, 254, 310
8, 109, 152, 180, 244, 294
9, 124, 157, 192, 252, 308
10, 122, 162, 181, 223, 283
11, 123, 164, 190, 261, 316
12, 118, 155, 207, 271, 324
13, 121, 163, 194, 231, 279
14, 119, 159, 182, 255, 322
15, 120, 150, 198, 262, 309
16, 113, 165, 203, 246, 303
17, 132, 160, 195, 269, 305
18, 76, 144, 214, 264, 306
19, 60, 148, 219, 275, 317
20, 54, 158, 170, 215, 273
21, 59, 147, 204, 256, 300
23, 78, 142, 196, 236, 274
24, 57, 151, 201, 249, 304
25, 72, 138, 202, 220, 272
26, 85, 130, 206, 226, 277
27, 88, 102, 221, 266, 285
28, 61, 91, 197, 234, 281
29, 67, 99, 210, 257, 295
30, 71, 87, 213, 229, 276
31, 62, 90, 217, 258, 296
32, 58, 86, 209, 260, 299
33, 56, 89, 173, 216, 280
34, 95, 111, 218, 263, 284
35, 55, 93, 176, 222, 289
36, 64, 117, 178, 230, 293
37, 68, 104, 212, 267, 311
38, 65, 112, 184, 268, 320
39, 63, 105, 200, 243, 282
40, 66, 114, 187, 251, 313
41, 75, 125, 167, 225, 278
42, 73, 115, 185, 245, 288
43, 70, 110, 189, 237, 290
44, 69, 116, 199, 247, 291
45, 80, 141, 171, 242, 314
46, 81, 135, 169, 248, 325
47, 82, 136, 175, 259, 323
48, 83, 140, 168, 233, 297
49, 77, 131, 179, 253, 321
50, 79, 134, 174, 238, 312
51, 74, 133, 172, 239, 315
52, 84, 137, 193, 265, 319
53, 92, 139, 166, 235, 307
