FLL Scheduler GA Summary Report (ID: 2132126138656 | Hash: -4909074665645676362)

Attributes:
--------------------
rank: 0
origin: (C | TimeSlotCrossover)
mutations: 0
clones: 0
_hash: -4909074665645676362
Length: 318

Fitness:
--------------------------
BreakTime           : 0.31062795876048954
LocationConsistency : 0.0
OpponentVariety     : 0.8754111684107535
-----------------------------------
Total               : 1.186039127171243
Percentage          : 39.53%

Per-Objective Statistics (Team Distribution):
-----------------------------------------------------------------
Objective                 | Min      | Max      | Avg      | Range   
-----------------------------------------------------------------
BreakTime                 | 0.0004   | 0.9193   | 0.5394   | 0.9189  
LocationConsistency       | 0.0417   | 0.9500   | 0.2223   | 0.9083  
OpponentVariety           | 0.7527   | 1.0000   | 0.9953   | 0.2473  

Team fitnesses (sorted by total fitness descending):
----------------------------------------------------
Max     : 2.554359
Min     : 0.803112
Range   : 1.751248
Average : 1.757043

Team |BreakTime |LocationConsistency |OpponentVariety |Sum
------------------------------------------------------------
42   |0.6044    |0.9500              |1.0000          |2.5544
46   |0.9139    |0.3500              |1.0000          |2.2639
52   |0.8630    |0.3667              |1.0000          |2.2297
45   |0.8925    |0.2667              |1.0000          |2.1592
40   |0.6273    |0.5250              |1.0000          |2.1523
41   |0.6732    |0.3500              |1.0000          |2.0232
5    |0.6216    |0.3500              |1.0000          |1.9716
51   |0.9193    |0.0500              |1.0000          |1.9693
50   |0.9185    |0.0500              |1.0000          |1.9685
7    |0.6005    |0.3667              |1.0000          |1.9672
38   |0.6764    |0.2667              |1.0000          |1.9431
6    |0.5895    |0.3500              |1.0000          |1.9395
43   |0.6673    |0.2667              |1.0000          |1.9339
47   |0.8793    |0.0500              |1.0000          |1.9293
48   |0.8865    |0.0417              |1.0000          |1.9281
49   |0.8672    |0.0417              |1.0000          |1.9088
4    |0.5474    |0.3500              |1.0000          |1.8974
39   |0.6257    |0.2667              |1.0000          |1.8923
16   |0.6158    |0.2667              |1.0000          |1.8825
20   |0.6013    |0.2667              |1.0000          |1.8680
44   |0.5936    |0.2667              |1.0000          |1.8603
13   |0.5920    |0.2667              |1.0000          |1.8586
36   |0.5809    |0.2667              |1.0000          |1.8476
15   |0.5758    |0.2667              |1.0000          |1.8424
53   |0.7914    |0.0500              |1.0000          |1.8414
17   |0.5619    |0.2667              |1.0000          |1.8286
30   |0.5515    |0.2667              |1.0000          |1.8181
35   |0.5133    |0.2667              |1.0000          |1.7800
19   |0.5082    |0.2667              |1.0000          |1.7749
33   |0.5002    |0.2667              |1.0000          |1.7669
37   |0.6637    |0.0417              |1.0000          |1.7054
9    |0.6485    |0.0417              |1.0000          |1.6902
2    |0.6329    |0.0417              |1.0000          |1.6745
8    |0.5774    |0.0750              |1.0000          |1.6524
1    |0.5719    |0.0750              |1.0000          |1.6469
29   |0.0045    |0.6417              |1.0000          |1.6461
24   |0.0004    |0.6417              |1.0000          |1.6421
12   |0.5901    |0.0500              |1.0000          |1.6401
31   |0.5616    |0.0667              |1.0000          |1.6282
10   |0.5556    |0.0667              |1.0000          |1.6223
3    |0.5640    |0.0417              |1.0000          |1.6057
14   |0.5543    |0.0417              |1.0000          |1.5960
26   |0.5397    |0.0500              |1.0000          |1.5897
18   |0.5389    |0.0500              |1.0000          |1.5889
11   |0.5379    |0.0417              |1.0000          |1.5796
25   |0.4972    |0.0667              |1.0000          |1.5639
28   |0.0475    |0.3500              |1.0000          |1.3975
27   |0.0488    |0.2667              |1.0000          |1.3154
21   |0.0465    |0.2667              |1.0000          |1.3132
23   |0.0454    |0.2667              |1.0000          |1.3121
32   |0.0004    |0.2667              |1.0000          |1.2671
34   |0.0004    |0.0417              |1.0000          |1.0421
22   |0.0004    |0.0500              |0.7527          |0.8031

Team Events (sorted, for dev use, diff check with others to ensure truly different schedules created):
------------------------------------------------------------
0, 97, 145, 191, 243, 299
1, 104, 155, 175, 244, 294
2, 95, 147, 208, 277, 318
3, 100, 149, 205, 249, 293
4, 94, 151, 183, 242, 303
5, 99, 143, 188, 235, 300
6, 98, 154, 185, 226, 287
7, 105, 153, 211, 261, 317
8, 109, 163, 178, 224, 286
9, 118, 150, 192, 247, 309
10, 121, 157, 198, 263, 308
11, 122, 165, 190, 255, 311
12, 123, 160, 174, 223, 283
13, 120, 161, 195, 236, 279
14, 132, 162, 194, 269, 305
15, 124, 158, 189, 260, 322
16, 113, 164, 203, 252, 302
17, 125, 152, 207, 276, 324
18, 59, 146, 204, 258, 301
19, 54, 159, 168, 214, 273
20, 77, 144, 215, 264, 307
21, 85, 129, 206, 228, 270
22, 79, 142, 196, 231, 275
23, 72, 138, 202, 221, 272
25, 60, 148, 217, 274, 310
26, 57, 156, 200, 250, 304
27, 67, 96, 210, 259, 295
28, 63, 91, 219, 257, 297
29, 71, 93, 213, 227, 271
30, 55, 86, 179, 222, 289
31, 56, 88, 166, 218, 281
32, 89, 108, 220, 266, 285
33, 58, 92, 209, 254, 298
34, 101, 111, 216, 262, 284
35, 61, 90, 197, 233, 280
36, 62, 106, 201, 240, 282
37, 74, 119, 173, 225, 278
38, 65, 112, 187, 268, 320
39, 73, 114, 186, 245, 288
40, 70, 110, 182, 230, 290
41, 66, 115, 184, 248, 314
42, 68, 107, 212, 267, 316
43, 64, 117, 177, 237, 292
44, 69, 116, 199, 253, 291
45, 76, 128, 176, 246, 321
46, 81, 140, 169, 241, 312
47, 83, 141, 170, 234, 296
48, 87, 139, 172, 232, 306
49, 82, 137, 180, 256, 323
50, 80, 135, 171, 251, 325
51, 75, 133, 167, 239, 313
52, 78, 134, 181, 238, 315
53, 84, 136, 193, 265, 319
