FLL Scheduler GA Summary Report (ID: 2132118882000 | Hash: 5765306524851480543)

Attributes:
--------------------
rank: 0
origin: (C | TimeSlotCrossover)
mutations: 0
clones: 0
_hash: 5765306524851480543
Length: 318

Fitness:
--------------------------
BreakTime           : 0.31062795876048954
LocationConsistency : 0.0
OpponentVariety     : 0.8754111684107535
-----------------------------------
Total               : 1.186039127171243
Percentage          : 39.53%

Per-Objective Statistics (Team Distribution):
-----------------------------------------------------------------
Objective                 | Min      | Max      | Avg      | Range   
-----------------------------------------------------------------
BreakTime                 | 0.0004   | 0.9193   | 0.5394   | 0.9189  
LocationConsistency       | 0.0417   | 0.9500   | 0.2360   | 0.9083  
OpponentVariety           | 0.7527   | 1.0000   | 0.9953   | 0.2473  

Team fitnesses (sorted by total fitness descending):
----------------------------------------------------
Max     : 2.626392
Min     : 1.019778
Range   : 1.606613
Average : 1.770722

Team |BreakTime |LocationConsistency |OpponentVariety |Sum
------------------------------------------------------------
42   |0.6764    |0.9500              |1.0000          |2.6264
39   |0.5936    |0.6417              |1.0000          |2.2353
52   |0.8630    |0.3667              |1.0000          |2.2297
47   |0.8793    |0.3500              |1.0000          |2.2293
32   |0.5616    |0.6417              |1.0000          |2.2032
46   |0.9139    |0.2667              |1.0000          |2.1805
48   |0.8865    |0.2667              |1.0000          |2.1531
22   |0.6013    |0.3667              |1.0000          |1.9680
51   |0.9193    |0.0417              |1.0000          |1.9610
50   |0.9185    |0.0417              |1.0000          |1.9602
45   |0.8925    |0.0667              |1.0000          |1.9592
40   |0.6732    |0.2667              |1.0000          |1.9398
44   |0.6637    |0.2667              |1.0000          |1.9304
10   |0.5556    |0.3667              |1.0000          |1.9223
1    |0.6485    |0.2667              |1.0000          |1.9152
49   |0.8672    |0.0417              |1.0000          |1.9088
5    |0.6329    |0.2667              |1.0000          |1.8995
43   |0.6257    |0.2667              |1.0000          |1.8923
2    |0.6216    |0.2667              |1.0000          |1.8883
18   |0.6158    |0.2667              |1.0000          |1.8825
33   |0.5133    |0.3500              |1.0000          |1.8633
16   |0.5920    |0.2667              |1.0000          |1.8586
41   |0.5809    |0.2667              |1.0000          |1.8476
7    |0.5774    |0.2667              |1.0000          |1.8440
11   |0.5758    |0.2667              |1.0000          |1.8424
9    |0.5719    |0.2667              |1.0000          |1.8385
53   |0.7914    |0.0417              |1.0000          |1.8331
14   |0.5543    |0.2667              |1.0000          |1.8210
31   |0.5515    |0.2667              |1.0000          |1.8181
3    |0.5474    |0.2667              |1.0000          |1.8141
19   |0.5397    |0.2667              |1.0000          |1.8064
27   |0.5002    |0.2667              |1.0000          |1.7669
36   |0.6673    |0.0417              |1.0000          |1.7089
38   |0.6044    |0.0750              |1.0000          |1.6794
37   |0.6273    |0.0500              |1.0000          |1.6773
6    |0.6005    |0.0500              |1.0000          |1.6505
28   |0.0004    |0.6417              |1.0000          |1.6421
15   |0.5901    |0.0417              |1.0000          |1.6318
8    |0.5895    |0.0417              |1.0000          |1.6312
12   |0.5389    |0.0750              |1.0000          |1.6139
17   |0.5379    |0.0750              |1.0000          |1.6129
4    |0.5640    |0.0417              |1.0000          |1.6057
13   |0.5619    |0.0417              |1.0000          |1.6036
20   |0.5082    |0.0667              |1.0000          |1.5749
24   |0.4972    |0.0750              |1.0000          |1.5722
34   |0.0488    |0.3667              |1.0000          |1.4154
29   |0.0475    |0.3500              |1.0000          |1.3975
23   |0.0465    |0.3500              |1.0000          |1.3965
35   |0.0045    |0.3500              |1.0000          |1.3545
25   |0.0454    |0.0750              |1.0000          |1.1204
21   |0.0004    |0.0500              |1.0000          |1.0504
30   |0.0004    |0.0500              |1.0000          |1.0504
26   |0.0004    |0.2667              |0.7527          |1.0198

Team Events (sorted, for dev use, diff check with others to ensure truly different schedules created):
------------------------------------------------------------
0, 102, 161, 178, 224, 286
1, 94, 156, 188, 242, 303
2, 100, 149, 198, 249, 293
3, 95, 146, 211, 277, 318
4, 108, 152, 175, 244, 294
5, 96, 153, 186, 226, 287
6, 109, 154, 208, 261, 310
7, 97, 142, 183, 232, 300
8, 98, 145, 191, 243, 298
9, 125, 157, 192, 247, 309
10, 132, 160, 194, 264, 305
11, 118, 155, 212, 276, 324
12, 113, 164, 200, 253, 302
13, 123, 162, 195, 231, 284
14, 121, 165, 190, 255, 316
15, 120, 163, 174, 223, 280
16, 122, 150, 204, 268, 308
17, 119, 158, 182, 260, 322
18, 56, 151, 203, 250, 304
19, 59, 147, 199, 258, 301
20, 72, 138, 201, 220, 273
22, 55, 159, 169, 215, 272
23, 70, 144, 214, 267, 307
24, 60, 148, 218, 274, 317
25, 79, 143, 196, 236, 275
26, 85, 126, 213, 228, 271
27, 58, 87, 210, 254, 299
28, 101, 111, 219, 269, 279
29, 63, 88, 216, 257, 296
30, 90, 103, 221, 262, 278
31, 54, 93, 179, 222, 289
32, 57, 91, 167, 217, 283
33, 61, 89, 197, 234, 282
34, 67, 99, 209, 259, 295
35, 77, 86, 206, 227, 270
36, 64, 117, 177, 230, 292
37, 76, 110, 189, 237, 290
38, 68, 104, 207, 263, 311
39, 69, 116, 205, 252, 291
40, 66, 115, 187, 248, 313
41, 62, 105, 202, 240, 281
42, 65, 112, 184, 265, 320
43, 73, 114, 185, 245, 288
44, 74, 124, 172, 225, 285
45, 71, 127, 176, 246, 321
46, 81, 140, 168, 241, 315
47, 83, 141, 171, 233, 297
48, 92, 139, 173, 235, 306
49, 82, 137, 180, 256, 323
50, 80, 135, 170, 251, 325
51, 75, 133, 166, 239, 314
52, 78, 134, 181, 238, 312
53, 84, 136, 193, 266, 319
