FLL Scheduler GA Summary Report (ID: 2132118887040 | Hash: -1345110854840403886)

Attributes:
--------------------
rank: 0
origin: (C | KPoint(k=2))
mutations: 0
clones: 0
_hash: -1345110854840403886
Length: 318

Fitness:
--------------------------
BreakTime           : 0.31062795876048954
LocationConsistency : 0.0
OpponentVariety     : 0.8754111684107535
-----------------------------------
Total               : 1.186039127171243
Percentage          : 39.53%

Per-Objective Statistics (Team Distribution):
-----------------------------------------------------------------
Objective                 | Min      | Max      | Avg      | Range   
-----------------------------------------------------------------
BreakTime                 | 0.0004   | 0.9193   | 0.5394   | 0.9189  
LocationConsistency       | 0.0417   | 0.9500   | 0.2351   | 0.9083  
OpponentVariety           | 0.7527   | 1.0000   | 0.9953   | 0.2473  

Team fitnesses (sorted by total fitness descending):
----------------------------------------------------
Max     : 2.539497
Min     : 1.019778
Range   : 1.519719
Average : 1.769779

Team |BreakTime |LocationConsistency |OpponentVariety |Sum
------------------------------------------------------------
4    |0.5895    |0.9500              |1.0000          |2.5395
45   |0.9139    |0.3500              |1.0000          |2.2639
15   |0.6158    |0.6417              |1.0000          |2.2575
7    |0.5719    |0.6417              |1.0000          |2.2135
53   |0.8865    |0.2667              |1.0000          |2.1531
50   |0.8793    |0.2667              |1.0000          |2.1460
51   |0.8672    |0.2667              |1.0000          |2.1338
52   |0.7914    |0.2667              |1.0000          |2.0581
44   |0.6732    |0.3500              |1.0000          |2.0232
43   |0.6257    |0.3667              |1.0000          |1.9923
5    |0.6216    |0.3667              |1.0000          |1.9883
47   |0.9193    |0.0500              |1.0000          |1.9693
46   |0.9185    |0.0417              |1.0000          |1.9602
25   |0.6013    |0.3500              |1.0000          |1.9513
11   |0.5920    |0.3500              |1.0000          |1.9420
48   |0.8630    |0.0750              |1.0000          |1.9380
49   |0.8925    |0.0417              |1.0000          |1.9342
39   |0.6637    |0.2667              |1.0000          |1.9304
1    |0.6485    |0.2667              |1.0000          |1.9152
14   |0.5619    |0.3500              |1.0000          |1.9119
34   |0.5616    |0.3500              |1.0000          |1.9116
3    |0.6329    |0.2667              |1.0000          |1.8995
23   |0.5397    |0.3500              |1.0000          |1.8897
36   |0.6044    |0.2667              |1.0000          |1.8710
9    |0.6005    |0.2667              |1.0000          |1.8672
12   |0.5901    |0.2667              |1.0000          |1.8568
16   |0.5758    |0.2667              |1.0000          |1.8424
10   |0.5556    |0.2667              |1.0000          |1.8223
6    |0.5474    |0.2667              |1.0000          |1.8141
13   |0.5379    |0.2667              |1.0000          |1.8046
30   |0.5133    |0.2667              |1.0000          |1.7800
42   |0.6764    |0.0417              |1.0000          |1.7181
38   |0.6673    |0.0417              |1.0000          |1.7089
37   |0.6273    |0.0667              |1.0000          |1.6939
40   |0.5936    |0.0750              |1.0000          |1.6686
41   |0.5809    |0.0417              |1.0000          |1.6226
8    |0.5774    |0.0417              |1.0000          |1.6190
2    |0.5640    |0.0500              |1.0000          |1.6140
18   |0.5543    |0.0500              |1.0000          |1.6043
35   |0.5515    |0.0417              |1.0000          |1.5931
17   |0.5389    |0.0500              |1.0000          |1.5889
24   |0.4972    |0.0667              |1.0000          |1.5639
20   |0.5082    |0.0417              |1.0000          |1.5499
32   |0.5002    |0.0417              |1.0000          |1.5419
33   |0.0045    |0.3667              |1.0000          |1.3711
28   |0.0004    |0.3667              |1.0000          |1.3671
27   |0.0475    |0.2667              |1.0000          |1.3141
26   |0.0465    |0.2667              |1.0000          |1.3132
19   |0.0454    |0.2667              |1.0000          |1.3121
21   |0.0004    |0.2667              |1.0000          |1.2671
29   |0.0488    |0.0667              |1.0000          |1.1154
31   |0.0004    |0.0500              |1.0000          |1.0504
22   |0.0004    |0.2667              |0.7527          |1.0198

Team Events (sorted, for dev use, diff check with others to ensure truly different schedules created):
------------------------------------------------------------
0, 102, 161, 178, 224, 286
1, 100, 147, 208, 277, 325
2, 109, 154, 174, 239, 301
3, 96, 143, 183, 232, 295
4, 101, 157, 189, 243, 303
5, 95, 149, 205, 250, 292
6, 98, 145, 196, 242, 297
7, 108, 152, 211, 261, 310
8, 97, 155, 187, 226, 287
9, 119, 156, 195, 252, 309
10, 121, 163, 175, 223, 283
11, 120, 165, 197, 255, 316
12, 122, 151, 198, 263, 308
13, 115, 164, 203, 246, 302
14, 124, 158, 182, 260, 321
15, 126, 160, 192, 269, 305
16, 125, 153, 207, 276, 319
17, 123, 162, 193, 231, 279
18, 79, 142, 191, 236, 272
19, 59, 146, 204, 256, 294
20, 73, 139, 202, 220, 275
21, 84, 130, 206, 228, 271
22, 57, 150, 200, 249, 304
23, 60, 148, 218, 273, 317
25, 54, 159, 170, 215, 274
26, 77, 144, 214, 264, 307
27, 62, 91, 216, 258, 299
28, 94, 110, 219, 262, 284
29, 67, 99, 210, 257, 300
30, 61, 90, 190, 234, 280
31, 88, 103, 221, 266, 285
32, 58, 87, 209, 254, 296
33, 70, 86, 213, 227, 270
34, 56, 89, 173, 217, 281
35, 55, 93, 179, 222, 289
36, 68, 106, 212, 267, 311
37, 71, 111, 188, 237, 290
38, 64, 116, 177, 230, 293
39, 75, 118, 167, 225, 278
40, 69, 117, 199, 247, 291
41, 63, 107, 201, 240, 282
42, 65, 114, 184, 268, 323
43, 72, 112, 185, 238, 288
44, 66, 113, 186, 251, 315
45, 83, 140, 171, 241, 313
46, 82, 135, 169, 248, 318
47, 74, 127, 172, 244, 312
48, 78, 134, 181, 245, 314
49, 76, 131, 176, 253, 322
50, 80, 141, 168, 233, 298
51, 81, 136, 180, 259, 320
52, 85, 137, 194, 265, 324
53, 92, 138, 166, 235, 306
