FLL Scheduler GA Summary Report (ID: 2132111936976 | Hash: 1878396905001905920)

Attributes:
--------------------
rank: 0
origin: (C | KPoint(k=2))
mutations: 0
clones: 0
_hash: 1878396905001905920
Length: 318

Fitness:
--------------------------
BreakTime           : 0.31062795876048954
LocationConsistency : 0.0
OpponentVariety     : 0.8754111684107535
-----------------------------------
Total               : 1.186039127171243
Percentage          : 39.53%

Per-Objective Statistics (Team Distribution):
-----------------------------------------------------------------
Objective                 | Min      | Max      | Avg      | Range   
-----------------------------------------------------------------
BreakTime                 | 0.0004   | 0.9193   | 0.5394   | 0.9189  
LocationConsistency       | 0.0417   | 0.6417   | 0.1706   | 0.6000  
OpponentVariety           | 0.7527   | 1.0000   | 0.9953   | 0.2473  

Team fitnesses (sorted by total fitness descending):
----------------------------------------------------
Max     : 2.229678
Min     : 0.794778
Range   : 1.434899
Average : 1.705313

Team |BreakTime |LocationConsistency |OpponentVariety |Sum
------------------------------------------------------------
49   |0.8630    |0.3667              |1.0000          |2.2297
32   |0.5616    |0.6417              |1.0000          |2.2032
50   |0.8865    |0.2667              |1.0000          |2.1531
53   |0.8672    |0.2667              |1.0000          |2.1338
45   |0.7914    |0.2667              |1.0000          |2.0581
37   |0.6764    |0.3500              |1.0000          |2.0264
15   |0.6158    |0.3500              |1.0000          |1.9658
51   |0.9139    |0.0500              |1.0000          |1.9639
46   |0.9193    |0.0417              |1.0000          |1.9610
39   |0.5936    |0.3667              |1.0000          |1.9603
47   |0.9185    |0.0417              |1.0000          |1.9602
40   |0.6732    |0.2667              |1.0000          |1.9398
8    |0.5895    |0.3500              |1.0000          |1.9395
52   |0.8925    |0.0417              |1.0000          |1.9342
44   |0.6673    |0.2667              |1.0000          |1.9339
43   |0.6637    |0.2667              |1.0000          |1.9304
48   |0.8793    |0.0417              |1.0000          |1.9210
42   |0.6257    |0.2667              |1.0000          |1.8923
25   |0.5397    |0.3500              |1.0000          |1.8897
41   |0.5809    |0.2667              |1.0000          |1.8476
7    |0.5774    |0.2667              |1.0000          |1.8440
17   |0.5758    |0.2667              |1.0000          |1.8424
3    |0.5719    |0.2667              |1.0000          |1.8385
6    |0.5640    |0.2667              |1.0000          |1.8307
12   |0.5619    |0.2667              |1.0000          |1.8286
35   |0.5515    |0.2667              |1.0000          |1.8181
27   |0.5133    |0.2667              |1.0000          |1.7800
29   |0.5002    |0.2667              |1.0000          |1.7669
9    |0.6485    |0.0417              |1.0000          |1.6902
5    |0.6216    |0.0667              |1.0000          |1.6883
36   |0.6273    |0.0500              |1.0000          |1.6773
2    |0.6005    |0.0750              |1.0000          |1.6755
1    |0.6329    |0.0417              |1.0000          |1.6745
38   |0.6044    |0.0500              |1.0000          |1.6544
23   |0.6013    |0.0500              |1.0000          |1.6513
18   |0.5901    |0.0500              |1.0000          |1.6401
11   |0.5920    |0.0417              |1.0000          |1.6336
16   |0.5389    |0.0750              |1.0000          |1.6139
14   |0.5543    |0.0500              |1.0000          |1.6043
4    |0.5474    |0.0500              |1.0000          |1.5974
10   |0.5556    |0.0417              |1.0000          |1.5973
13   |0.5379    |0.0500              |1.0000          |1.5879
22   |0.5082    |0.0667              |1.0000          |1.5749
19   |0.4972    |0.0417              |1.0000          |1.5389
31   |0.0475    |0.3500              |1.0000          |1.3975
33   |0.0004    |0.2667              |1.0000          |1.2671
20   |0.0465    |0.0500              |1.0000          |1.0965
21   |0.0454    |0.0500              |1.0000          |1.0954
34   |0.0488    |0.0417              |1.0000          |1.0904
30   |0.0045    |0.0500              |1.0000          |1.0545
26   |0.0004    |0.0500              |1.0000          |1.0504
28   |0.0004    |0.0417              |1.0000          |1.0421
24   |0.0004    |0.0417              |0.7527          |0.7948

Team Events (sorted, for dev use, diff check with others to ensure truly different schedules created):
------------------------------------------------------------
0, 102, 153, 175, 244, 301
1, 96, 152, 186, 226, 287
2, 98, 145, 191, 240, 297
3, 94, 149, 204, 249, 292
4, 101, 157, 188, 241, 303
5, 100, 147, 211, 277, 318
6, 103, 154, 208, 255, 310
7, 97, 143, 183, 232, 295
8, 105, 163, 178, 224, 286
9, 118, 156, 192, 247, 309
10, 122, 160, 174, 223, 283
11, 113, 164, 202, 252, 302
12, 121, 151, 198, 268, 308
13, 120, 161, 195, 231, 279
14, 124, 158, 182, 254, 322
15, 125, 155, 212, 276, 324
16, 127, 162, 194, 262, 304
17, 123, 165, 190, 260, 316
18, 55, 148, 217, 272, 317
19, 77, 144, 220, 267, 307
21, 79, 142, 196, 236, 273
22, 58, 146, 205, 259, 294
23, 60, 159, 170, 221, 274
24, 83, 130, 213, 228, 271
25, 57, 150, 201, 250, 305
26, 72, 138, 203, 214, 275
27, 54, 89, 197, 234, 281
28, 91, 104, 215, 265, 285
29, 59, 93, 210, 261, 296
30, 71, 92, 206, 227, 270
31, 68, 88, 219, 256, 299
32, 56, 90, 172, 218, 280
33, 95, 117, 216, 269, 284
34, 64, 99, 209, 258, 300
35, 61, 86, 179, 222, 289
36, 70, 116, 189, 237, 290
37, 67, 112, 184, 263, 320
38, 62, 107, 207, 264, 311
39, 63, 111, 199, 253, 291
40, 65, 114, 187, 248, 313
41, 69, 106, 200, 243, 282
42, 73, 115, 185, 245, 288
43, 74, 119, 167, 225, 278
44, 66, 110, 177, 230, 293
45, 82, 136, 193, 266, 319
46, 75, 126, 173, 239, 314
47, 80, 135, 169, 251, 325
48, 84, 141, 168, 233, 298
49, 78, 134, 181, 238, 312
50, 87, 139, 166, 235, 306
51, 81, 140, 171, 242, 315
52, 76, 131, 176, 246, 321
53, 85, 137, 180, 257, 323
