FLL Scheduler GA Summary Report (ID: 2132111941792 | Hash: -3745838064512575985)

Attributes:
--------------------
rank: 0
origin: (C | RoundTypeCrossover)
mutations: 0
clones: 0
_hash: -3745838064512575985
Length: 318

Fitness:
--------------------------
BreakTime           : 0.31062795876048954
LocationConsistency : 0.0
OpponentVariety     : 0.8754111684107535
-----------------------------------
Total               : 1.186039127171243
Percentage          : 39.53%

Per-Objective Statistics (Team Distribution):
-----------------------------------------------------------------
Objective                 | Min      | Max      | Avg      | Range   
-----------------------------------------------------------------
BreakTime                 | 0.0004   | 0.9193   | 0.5394   | 0.9189  
LocationConsistency       | 0.0417   | 0.9500   | 0.2568   | 0.9083  
OpponentVariety           | 0.7527   | 1.0000   | 0.9953   | 0.2473  

Team fitnesses (sorted by total fitness descending):
----------------------------------------------------
Max     : 2.305404
Min     : 1.019778
Range   : 1.285626
Average : 1.791477

Team |BreakTime |LocationConsistency |OpponentVariety |Sum
------------------------------------------------------------
37   |0.6637    |0.6417              |1.0000          |2.3054
49   |0.9139    |0.3500              |1.0000          |2.2639
38   |0.6044    |0.6417              |1.0000          |2.2460
42   |0.6732    |0.5250              |1.0000          |2.1982
46   |0.9185    |0.2667              |1.0000          |2.1852
45   |0.8865    |0.2667              |1.0000          |2.1531
50   |0.8793    |0.2667              |1.0000          |2.1460
51   |0.8672    |0.2667              |1.0000          |2.1338
5    |0.6216    |0.3667              |1.0000          |1.9883
47   |0.9193    |0.0500              |1.0000          |1.9693
11   |0.6158    |0.3500              |1.0000          |1.9658
23   |0.6013    |0.3500              |1.0000          |1.9513
30   |0.0004    |0.9500              |1.0000          |1.9504
13   |0.5920    |0.3500              |1.0000          |1.9420
18   |0.5901    |0.3500              |1.0000          |1.9401
2    |0.5895    |0.3500              |1.0000          |1.9395
53   |0.8925    |0.0417              |1.0000          |1.9342
43   |0.6673    |0.2667              |1.0000          |1.9339
48   |0.8630    |0.0667              |1.0000          |1.9297
1    |0.6485    |0.2667              |1.0000          |1.9152
8    |0.6329    |0.2667              |1.0000          |1.8995
36   |0.6273    |0.2667              |1.0000          |1.8939
41   |0.6257    |0.2667              |1.0000          |1.8923
16   |0.5379    |0.3500              |1.0000          |1.8879
34   |0.5133    |0.3500              |1.0000          |1.8633
3    |0.5774    |0.2667              |1.0000          |1.8440
17   |0.5758    |0.2667              |1.0000          |1.8424
7    |0.5719    |0.2667              |1.0000          |1.8385
52   |0.7914    |0.0417              |1.0000          |1.8331
12   |0.5619    |0.2667              |1.0000          |1.8286
27   |0.5616    |0.2667              |1.0000          |1.8282
10   |0.5556    |0.2667              |1.0000          |1.8223
14   |0.5543    |0.2667              |1.0000          |1.8210
33   |0.5515    |0.2667              |1.0000          |1.8181
6    |0.5474    |0.2667              |1.0000          |1.8141
25   |0.5397    |0.2667              |1.0000          |1.8064
39   |0.6764    |0.0667              |1.0000          |1.7431
9    |0.6005    |0.0667              |1.0000          |1.6672
44   |0.5936    |0.0500              |1.0000          |1.6436
21   |0.0004    |0.6417              |1.0000          |1.6421
40   |0.5809    |0.0500              |1.0000          |1.6309
4    |0.5640    |0.0500              |1.0000          |1.6140
15   |0.5389    |0.0500              |1.0000          |1.5889
19   |0.5082    |0.0417              |1.0000          |1.5499
26   |0.4972    |0.0500              |1.0000          |1.5472
31   |0.5002    |0.0417              |1.0000          |1.5419
20   |0.0465    |0.3500              |1.0000          |1.3965
22   |0.0454    |0.2667              |1.0000          |1.3121
35   |0.0004    |0.2667              |1.0000          |1.2671
28   |0.0475    |0.0500              |1.0000          |1.0975
29   |0.0488    |0.0417              |1.0000          |1.0904
32   |0.0045    |0.0667              |1.0000          |1.0711
24   |0.0004    |0.2667              |0.7527          |1.0198

Team Events (sorted, for dev use, diff check with others to ensure truly different schedules created):
------------------------------------------------------------
0, 105, 163, 179, 224, 286
1, 97, 143, 183, 232, 295
2, 103, 154, 211, 255, 310
3, 100, 147, 208, 277, 325
4, 101, 157, 189, 242, 308
5, 94, 149, 205, 251, 292
6, 98, 145, 196, 243, 297
7, 102, 153, 174, 239, 301
8, 96, 152, 187, 226, 287
9, 118, 156, 195, 253, 302
10, 124, 158, 182, 254, 321
11, 115, 164, 203, 246, 309
12, 122, 160, 175, 223, 280
13, 120, 161, 193, 230, 284
14, 125, 155, 207, 276, 319
15, 121, 151, 198, 263, 303
16, 127, 162, 192, 269, 306
17, 123, 165, 197, 261, 316
18, 59, 146, 204, 256, 294
19, 70, 144, 221, 264, 304
20, 75, 138, 202, 214, 275
21, 79, 142, 191, 236, 272
23, 60, 159, 170, 220, 274
24, 84, 130, 206, 228, 271
25, 57, 150, 200, 249, 307
26, 55, 148, 217, 273, 317
27, 56, 90, 173, 218, 283
28, 69, 88, 219, 259, 298
29, 64, 99, 210, 257, 300
30, 95, 110, 215, 262, 279
31, 58, 93, 209, 260, 296
32, 76, 92, 213, 227, 270
33, 61, 86, 178, 222, 289
34, 54, 89, 190, 234, 282
35, 91, 104, 216, 266, 278
36, 77, 111, 188, 237, 290
37, 73, 119, 167, 225, 285
38, 63, 107, 212, 267, 311
39, 66, 114, 184, 268, 323
40, 68, 106, 201, 240, 281
41, 74, 112, 185, 238, 288
42, 65, 113, 186, 250, 313
43, 67, 117, 177, 231, 293
44, 62, 116, 199, 247, 291
45, 87, 139, 166, 235, 305
46, 80, 135, 169, 248, 318
47, 72, 126, 172, 244, 314
48, 78, 134, 180, 245, 312
49, 81, 140, 171, 241, 315
50, 83, 141, 168, 233, 299
51, 82, 137, 181, 258, 320
52, 85, 136, 194, 265, 324
53, 71, 131, 176, 252, 322
