FLL Scheduler GA Summary Report (ID: 2132037138272 | Hash: 7898010452332146825)

Attributes:
--------------------
rank: 0
origin: (C | KPoint(k=1))
mutations: 0
clones: 0
_hash: 7898010452332146825
Length: 318

Fitness:
--------------------------
BreakTime           : 0.31062795876048954
LocationConsistency : 0.0
OpponentVariety     : 0.8754111684107535
-----------------------------------
Total               : 1.186039127171243
Percentage          : 39.53%

Per-Objective Statistics (Team Distribution):
-----------------------------------------------------------------
Objective                 | Min      | Max      | Avg      | Range   
-----------------------------------------------------------------
BreakTime                 | 0.0004   | 0.9193   | 0.5394   | 0.9189  
LocationConsistency       | 0.0417   | 0.9500   | 0.2572   | 0.9083  
OpponentVariety           | 0.7527   | 1.0000   | 0.9953   | 0.2473  

Team fitnesses (sorted by total fitness descending):
----------------------------------------------------
Max     : 2.560979
Min     : 0.794778
Range   : 1.766201
Average : 1.791949

Team |BreakTime |LocationConsistency |OpponentVariety |Sum
------------------------------------------------------------
47   |0.9193    |0.6417              |1.0000          |2.5610
46   |0.9185    |0.6417              |1.0000          |2.5602
36   |0.6044    |0.9500              |1.0000          |2.5544
51   |0.8672    |0.6417              |1.0000          |2.5088
2    |0.5895    |0.6417              |1.0000          |2.2312
48   |0.8630    |0.3500              |1.0000          |2.2130
44   |0.6732    |0.5250              |1.0000          |2.1982
45   |0.8865    |0.2667              |1.0000          |2.1531
50   |0.8793    |0.2667              |1.0000          |2.1460
52   |0.7914    |0.3500              |1.0000          |2.1414
38   |0.6673    |0.3500              |1.0000          |2.0173
53   |0.9139    |0.0417              |1.0000          |1.9555
33   |0.0045    |0.9500              |1.0000          |1.9545
49   |0.8925    |0.0500              |1.0000          |1.9425
39   |0.6637    |0.2667              |1.0000          |1.9304
34   |0.5616    |0.3667              |1.0000          |1.9282
10   |0.5556    |0.3500              |1.0000          |1.9056
14   |0.5543    |0.3500              |1.0000          |1.9043
37   |0.6273    |0.2667              |1.0000          |1.8939
43   |0.6257    |0.2667              |1.0000          |1.8923
23   |0.5397    |0.3500              |1.0000          |1.8897
18   |0.5389    |0.3500              |1.0000          |1.8889
5    |0.6216    |0.2667              |1.0000          |1.8883
9    |0.6005    |0.2667              |1.0000          |1.8672
40   |0.5936    |0.2667              |1.0000          |1.8603
41   |0.5809    |0.2667              |1.0000          |1.8476
7    |0.5719    |0.2667              |1.0000          |1.8385
35   |0.5515    |0.2667              |1.0000          |1.8181
6    |0.5474    |0.2667              |1.0000          |1.8141
16   |0.5379    |0.2667              |1.0000          |1.8046
30   |0.5133    |0.2667              |1.0000          |1.7800
22   |0.5082    |0.2667              |1.0000          |1.7749
42   |0.6764    |0.0667              |1.0000          |1.7431
1    |0.6485    |0.0667              |1.0000          |1.7152
8    |0.6329    |0.0500              |1.0000          |1.6829
24   |0.6013    |0.0750              |1.0000          |1.6763
11   |0.6158    |0.0500              |1.0000          |1.6658
13   |0.5920    |0.0417              |1.0000          |1.6336
15   |0.5901    |0.0417              |1.0000          |1.6318
3    |0.5774    |0.0417              |1.0000          |1.6190
17   |0.5758    |0.0417              |1.0000          |1.6174
4    |0.5640    |0.0417              |1.0000          |1.6057
12   |0.5619    |0.0417              |1.0000          |1.6036
25   |0.4972    |0.0500              |1.0000          |1.5472
32   |0.5002    |0.0417              |1.0000          |1.5419
21   |0.0454    |0.2667              |1.0000          |1.3121
29   |0.0004    |0.2667              |1.0000          |1.2671
28   |0.0004    |0.2667              |1.0000          |1.2671
31   |0.0488    |0.0750              |1.0000          |1.1238
27   |0.0475    |0.0500              |1.0000          |1.0975
19   |0.0465    |0.0500              |1.0000          |1.0965
26   |0.0004    |0.0667              |1.0000          |1.0671
20   |0.0004    |0.0417              |0.7527          |0.7948

Team Events (sorted, for dev use, diff check with others to ensure truly different schedules created):
------------------------------------------------------------
0, 105, 161, 179, 224, 286
1, 99, 148, 188, 235, 295
2, 103, 154, 208, 260, 310
3, 95, 144, 210, 277, 318
4, 94, 157, 182, 242, 303
5, 100, 142, 205, 249, 292
6, 97, 146, 191, 243, 297
7, 102, 153, 175, 239, 301
8, 98, 152, 184, 228, 287
9, 118, 156, 192, 252, 308
10, 124, 158, 189, 261, 322
11, 115, 164, 200, 247, 302
12, 122, 163, 174, 223, 280
13, 120, 162, 194, 236, 284
14, 123, 165, 190, 255, 316
15, 121, 151, 198, 263, 309
16, 132, 160, 195, 269, 306
17, 125, 155, 213, 276, 324
18, 70, 147, 215, 264, 304
19, 78, 129, 212, 226, 271
20, 84, 149, 197, 231, 272
21, 56, 145, 204, 256, 294
22, 58, 150, 203, 250, 307
24, 55, 159, 170, 214, 274
25, 60, 143, 217, 273, 317
26, 72, 136, 201, 220, 275
27, 68, 88, 219, 259, 298
28, 101, 110, 216, 262, 279
29, 90, 104, 221, 266, 278
30, 61, 89, 196, 233, 282
31, 64, 96, 209, 257, 300
32, 57, 87, 211, 254, 296
33, 77, 86, 206, 229, 270
34, 59, 91, 172, 218, 283
35, 54, 93, 178, 222, 289
36, 63, 107, 207, 267, 311
37, 76, 111, 183, 230, 290
38, 67, 117, 176, 237, 293
39, 74, 119, 167, 225, 285
40, 62, 116, 199, 246, 291
41, 69, 106, 202, 240, 281
42, 66, 114, 187, 268, 320
43, 73, 112, 186, 238, 288
44, 65, 113, 185, 248, 313
45, 92, 137, 166, 232, 305
46, 81, 141, 169, 251, 325
47, 75, 133, 173, 244, 315
48, 85, 140, 181, 245, 312
49, 71, 128, 177, 253, 321
50, 83, 134, 168, 234, 299
51, 82, 139, 180, 258, 323
52, 79, 138, 193, 265, 319
53, 80, 135, 171, 241, 314
