FLL Scheduler GA Summary Report (ID: 2132037130320 | Hash: -9154676252833250931)

Attributes:
--------------------
rank: 0
origin: (C | KPoint(k=3))
mutations: 0
clones: 0
_hash: -9154676252833250931
Length: 318

Fitness:
--------------------------
BreakTime           : 0.31062795876048954
LocationConsistency : 0.0
OpponentVariety     : 0.8754111684107535
-----------------------------------
Total               : 1.186039127171243
Percentage          : 39.53%

Per-Objective Statistics (Team Distribution):
-----------------------------------------------------------------
Objective                 | Min      | Max      | Avg      | Range   
-----------------------------------------------------------------
BreakTime                 | 0.0004   | 0.9193   | 0.5394   | 0.9189  
LocationConsistency       | 0.0417   | 0.9500   | 0.2142   | 0.9083  
OpponentVariety           | 0.7527   | 1.0000   | 0.9953   | 0.2473  

Team fitnesses (sorted by total fitness descending):
----------------------------------------------------
Max     : 2.539497
Min     : 1.019778
Range   : 1.519719
Average : 1.748867

Team |BreakTime |LocationConsistency |OpponentVariety |Sum
------------------------------------------------------------
4    |0.5895    |0.9500              |1.0000          |2.5395
1    |0.6485    |0.6417              |1.0000          |2.2902
47   |0.9193    |0.3500              |1.0000          |2.2693
53   |0.9139    |0.3500              |1.0000          |2.2639
40   |0.5936    |0.6417              |1.0000          |2.2353
49   |0.8925    |0.2667              |1.0000          |2.1592
45   |0.8865    |0.2667              |1.0000          |2.1531
52   |0.8793    |0.2667              |1.0000          |2.1460
50   |0.7914    |0.2667              |1.0000          |2.0581
42   |0.6764    |0.3500              |1.0000          |2.0264
36   |0.6273    |0.3500              |1.0000          |1.9773
46   |0.9185    |0.0417              |1.0000          |1.9602
38   |0.6044    |0.3500              |1.0000          |1.9544
44   |0.6673    |0.2667              |1.0000          |1.9339
39   |0.6637    |0.2667              |1.0000          |1.9304
48   |0.8630    |0.0667              |1.0000          |1.9297
51   |0.8672    |0.0417              |1.0000          |1.9088
8    |0.6329    |0.2667              |1.0000          |1.8995
43   |0.6257    |0.2667              |1.0000          |1.8923
16   |0.5379    |0.3500              |1.0000          |1.8879
5    |0.5774    |0.2667              |1.0000          |1.8440
17   |0.5758    |0.2667              |1.0000          |1.8424
7    |0.5719    |0.2667              |1.0000          |1.8385
12   |0.5619    |0.2667              |1.0000          |1.8286
14   |0.5543    |0.2667              |1.0000          |1.8210
6    |0.5474    |0.2667              |1.0000          |1.8141
37   |0.6732    |0.0750              |1.0000          |1.7482
3    |0.6216    |0.0750              |1.0000          |1.6966
11   |0.6158    |0.0667              |1.0000          |1.6825
23   |0.6013    |0.0750              |1.0000          |1.6763
13   |0.5920    |0.0667              |1.0000          |1.6586
9    |0.6005    |0.0417              |1.0000          |1.6422
15   |0.5901    |0.0500              |1.0000          |1.6401
41   |0.5809    |0.0500              |1.0000          |1.6309
10   |0.5556    |0.0667              |1.0000          |1.6223
2    |0.5640    |0.0417              |1.0000          |1.6057
34   |0.5616    |0.0417              |1.0000          |1.6032
35   |0.5515    |0.0417              |1.0000          |1.5931
18   |0.5389    |0.0500              |1.0000          |1.5889
25   |0.5397    |0.0417              |1.0000          |1.5814
20   |0.4972    |0.0667              |1.0000          |1.5639
27   |0.5133    |0.0500              |1.0000          |1.5633
19   |0.5082    |0.0417              |1.0000          |1.5499
32   |0.5002    |0.0417              |1.0000          |1.5419
21   |0.0465    |0.3500              |1.0000          |1.3965
33   |0.0045    |0.3500              |1.0000          |1.3545
30   |0.0475    |0.2667              |1.0000          |1.3141
22   |0.0454    |0.2667              |1.0000          |1.3121
26   |0.0004    |0.2667              |1.0000          |1.2671
31   |0.0004    |0.2667              |1.0000          |1.2671
28   |0.0488    |0.0750              |1.0000          |1.1238
29   |0.0004    |0.0417              |1.0000          |1.0421
24   |0.0004    |0.2667              |0.7527          |1.0198

Team Events (sorted, for dev use, diff check with others to ensure truly different schedules created):
------------------------------------------------------------
0, 102, 160, 178, 224, 286
1, 100, 147, 210, 277, 318
2, 101, 157, 188, 242, 308
3, 96, 143, 183, 232, 295
4, 108, 153, 208, 260, 310
5, 95, 149, 205, 249, 292
6, 98, 145, 197, 243, 297
7, 109, 154, 175, 238, 301
8, 97, 155, 186, 228, 287
9, 124, 156, 195, 247, 302
10, 119, 159, 182, 261, 322
11, 113, 164, 203, 252, 309
12, 123, 163, 174, 223, 280
13, 120, 162, 192, 231, 284
14, 122, 165, 196, 255, 316
15, 121, 150, 198, 263, 303
16, 132, 161, 193, 269, 306
17, 118, 152, 213, 276, 324
18, 59, 146, 204, 256, 294
19, 60, 148, 218, 273, 317
20, 71, 144, 214, 264, 304
22, 79, 142, 190, 236, 272
23, 54, 158, 170, 215, 274
24, 85, 130, 212, 226, 271
25, 57, 151, 200, 250, 307
26, 73, 138, 202, 220, 275
27, 61, 89, 191, 234, 282
28, 67, 99, 209, 257, 300
29, 91, 103, 221, 266, 278
30, 62, 88, 216, 259, 298
31, 94, 117, 219, 262, 279
32, 58, 87, 211, 254, 296
33, 76, 86, 206, 229, 270
34, 56, 90, 172, 217, 283
35, 55, 93, 179, 222, 289
36, 77, 116, 189, 237, 290
37, 66, 114, 187, 248, 315
38, 68, 107, 207, 267, 311
39, 75, 125, 167, 225, 285
40, 69, 111, 199, 253, 291
41, 63, 106, 201, 240, 281
42, 65, 112, 184, 268, 320
43, 72, 115, 185, 239, 288
44, 64, 110, 177, 230, 293
45, 92, 139, 166, 235, 305
46, 82, 135, 169, 251, 325
47, 74, 133, 173, 245, 312
48, 78, 134, 181, 244, 314
49, 70, 131, 176, 246, 321
50, 84, 137, 194, 265, 319
51, 81, 136, 180, 258, 323
52, 80, 140, 168, 233, 299
53, 83, 141, 171, 241, 313
