FLL Scheduler GA Summary Report (ID: 2132111944704 | Hash: 1684608840350012187)

Attributes:
--------------------
rank: 0
origin: (C | RoundTypeCrossover)
mutations: 0
clones: 0
_hash: 1684608840350012187
Length: 318

Fitness:
--------------------------
BreakTime           : 0.31062795876048954
LocationConsistency : 0.0
OpponentVariety     : 0.8754111684107535
-----------------------------------
Total               : 1.186039127171243
Percentage          : 39.53%

Per-Objective Statistics (Team Distribution):
-----------------------------------------------------------------
Objective                 | Min      | Max      | Avg      | Range   
-----------------------------------------------------------------
BreakTime                 | 0.0004   | 0.9193   | 0.5394   | 0.9189  
LocationConsistency       | 0.0417   | 0.9500   | 0.2248   | 0.9083  
OpponentVariety           | 0.7527   | 1.0000   | 0.9953   | 0.2473  

Team fitnesses (sorted by total fitness descending):
----------------------------------------------------
Max     : 2.836467
Min     : 1.019778
Range   : 1.816689
Average : 1.759559

Team |BreakTime |LocationConsistency |OpponentVariety |Sum
------------------------------------------------------------
50   |0.8865    |0.9500              |1.0000          |2.8365
4    |0.5640    |0.6417              |1.0000          |2.2057
13   |0.5619    |0.6417              |1.0000          |2.2036
3    |0.5474    |0.6417              |1.0000          |2.1891
46   |0.9193    |0.2667              |1.0000          |2.1860
47   |0.9185    |0.2667              |1.0000          |2.1852
51   |0.9139    |0.2667              |1.0000          |2.1805
28   |0.5002    |0.6417              |1.0000          |2.1419
49   |0.8630    |0.2667              |1.0000          |2.1297
37   |0.6273    |0.3500              |1.0000          |1.9773
39   |0.5936    |0.3500              |1.0000          |1.9436
40   |0.6732    |0.2667              |1.0000          |1.9398
52   |0.8925    |0.0417              |1.0000          |1.9342
36   |0.6673    |0.2667              |1.0000          |1.9339
53   |0.8672    |0.0667              |1.0000          |1.9338
41   |0.5809    |0.3500              |1.0000          |1.9309
33   |0.5616    |0.3667              |1.0000          |1.9282
18   |0.5556    |0.3667              |1.0000          |1.9223
48   |0.8793    |0.0417              |1.0000          |1.9210
44   |0.6257    |0.2667              |1.0000          |1.8923
2    |0.6216    |0.2667              |1.0000          |1.8883
15   |0.6158    |0.2667              |1.0000          |1.8825
8    |0.5895    |0.2667              |1.0000          |1.8562
14   |0.5758    |0.2667              |1.0000          |1.8424
9    |0.5719    |0.2667              |1.0000          |1.8385
45   |0.7914    |0.0417              |1.0000          |1.8331
19   |0.5397    |0.2667              |1.0000          |1.8064
25   |0.5082    |0.2667              |1.0000          |1.7749
42   |0.6764    |0.0750              |1.0000          |1.7514
43   |0.6637    |0.0417              |1.0000          |1.7054
7    |0.6485    |0.0417              |1.0000          |1.6902
6    |0.6005    |0.0750              |1.0000          |1.6755
5    |0.6329    |0.0417              |1.0000          |1.6745
38   |0.6044    |0.0500              |1.0000          |1.6544
23   |0.6013    |0.0500              |1.0000          |1.6513
12   |0.5920    |0.0417              |1.0000          |1.6336
11   |0.5901    |0.0417              |1.0000          |1.6318
17   |0.5543    |0.0750              |1.0000          |1.6293
1    |0.5774    |0.0417              |1.0000          |1.6190
16   |0.5389    |0.0750              |1.0000          |1.6139
34   |0.5515    |0.0417              |1.0000          |1.5931
10   |0.5379    |0.0500              |1.0000          |1.5879
30   |0.5133    |0.0417              |1.0000          |1.5550
21   |0.4972    |0.0500              |1.0000          |1.5472
29   |0.0045    |0.3667              |1.0000          |1.3711
35   |0.0488    |0.2667              |1.0000          |1.3154
24   |0.0004    |0.2667              |1.0000          |1.2671
27   |0.0004    |0.2667              |1.0000          |1.2671
31   |0.0004    |0.2667              |1.0000          |1.2671
22   |0.0454    |0.0750              |1.0000          |1.1204
32   |0.0475    |0.0417              |1.0000          |1.0891
26   |0.0465    |0.0417              |1.0000          |1.0882
20   |0.0004    |0.2667              |0.7527          |1.0198

Team Events (sorted, for dev use, diff check with others to ensure truly different schedules created):
------------------------------------------------------------
0, 103, 154, 208, 261, 310
1, 100, 157, 188, 241, 303
2, 94, 149, 198, 249, 293
3, 101, 147, 211, 277, 318
4, 102, 153, 175, 244, 301
5, 96, 152, 186, 226, 287
6, 105, 163, 178, 224, 286
7, 97, 143, 182, 232, 295
8, 99, 145, 191, 240, 297
9, 120, 151, 204, 268, 309
10, 123, 165, 190, 255, 316
11, 122, 160, 174, 223, 283
12, 112, 164, 200, 252, 302
13, 127, 162, 194, 262, 304
14, 119, 158, 183, 260, 322
15, 118, 155, 212, 276, 324
16, 121, 161, 195, 231, 279
17, 124, 156, 192, 247, 308
18, 57, 150, 203, 250, 305
19, 85, 130, 213, 228, 270
20, 55, 148, 218, 274, 317
21, 78, 142, 196, 236, 275
22, 60, 159, 169, 221, 273
23, 72, 138, 201, 214, 272
24, 59, 146, 199, 259, 294
26, 77, 144, 220, 267, 306
27, 89, 104, 215, 265, 285
28, 58, 86, 210, 254, 296
29, 71, 87, 206, 227, 271
30, 54, 91, 197, 234, 281
31, 95, 116, 219, 269, 284
32, 62, 90, 216, 257, 299
33, 56, 88, 167, 217, 280
34, 61, 92, 179, 222, 289
35, 67, 98, 209, 258, 300
36, 64, 110, 177, 230, 292
37, 70, 117, 189, 237, 290
38, 68, 107, 207, 264, 311
39, 69, 111, 205, 253, 291
40, 66, 115, 187, 248, 313
41, 63, 106, 202, 243, 282
42, 65, 113, 184, 263, 320
43, 74, 125, 172, 225, 278
44, 73, 114, 185, 245, 288
45, 84, 136, 193, 266, 319
46, 75, 126, 166, 239, 314
47, 82, 135, 170, 251, 325
48, 80, 141, 171, 233, 298
49, 79, 134, 181, 238, 312
50, 93, 139, 173, 235, 307
51, 83, 140, 168, 242, 315
52, 76, 131, 176, 246, 321
53, 81, 137, 180, 256, 323
