FLL Scheduler GA Summary Report (ID: 2132118882672 | Hash: 3725250236748192143)

Attributes:
--------------------
rank: 0
origin: (C | KPoint(k=1))
mutations: 0
clones: 0
_hash: 3725250236748192143
Length: 318

Fitness:
--------------------------
BreakTime           : 0.31062795876048954
LocationConsistency : 0.0
OpponentVariety     : 0.8754111684107535
-----------------------------------
Total               : 1.186039127171243
Percentage          : 39.53%

Per-Objective Statistics (Team Distribution):
-----------------------------------------------------------------
Objective                 | Min      | Max      | Avg      | Range   
-----------------------------------------------------------------
BreakTime                 | 0.0004   | 0.9193   | 0.5394   | 0.9189  
LocationConsistency       | 0.0417   | 0.6417   | 0.1980   | 0.6000  
OpponentVariety           | 0.7527   | 1.0000   | 0.9953   | 0.2473  

Team fitnesses (sorted by total fitness descending):
----------------------------------------------------
Max     : 2.318059
Min     : 1.050419
Range   : 1.267640
Average : 1.732672

Team |BreakTime |LocationConsistency |OpponentVariety |Sum
------------------------------------------------------------
42   |0.6764    |0.6417              |1.0000          |2.3181
47   |0.8672    |0.3500              |1.0000          |2.2172
51   |0.9193    |0.2667              |1.0000          |2.1860
46   |0.9185    |0.2667              |1.0000          |2.1852
50   |0.8630    |0.2667              |1.0000          |2.1297
52   |0.7914    |0.2667              |1.0000          |2.0581
41   |0.6732    |0.3667              |1.0000          |2.0398
16   |0.6158    |0.3667              |1.0000          |1.9825
45   |0.9139    |0.0500              |1.0000          |1.9639
49   |0.8925    |0.0500              |1.0000          |1.9425
12   |0.5901    |0.3500              |1.0000          |1.9401
4    |0.5895    |0.3500              |1.0000          |1.9395
53   |0.8865    |0.0500              |1.0000          |1.9365
43   |0.6673    |0.2667              |1.0000          |1.9339
33   |0.5616    |0.3667              |1.0000          |1.9282
8    |0.5774    |0.3500              |1.0000          |1.9274
48   |0.8793    |0.0417              |1.0000          |1.9210
14   |0.5543    |0.3500              |1.0000          |1.9043
9    |0.6329    |0.2667              |1.0000          |1.8995
40   |0.6257    |0.2667              |1.0000          |1.8923
20   |0.5397    |0.3500              |1.0000          |1.8897
36   |0.6044    |0.2667              |1.0000          |1.8710
44   |0.5936    |0.2667              |1.0000          |1.8603
18   |0.5758    |0.2667              |1.0000          |1.8424
5    |0.5719    |0.2667              |1.0000          |1.8385
15   |0.5619    |0.2667              |1.0000          |1.8286
11   |0.5556    |0.2667              |1.0000          |1.8223
6    |0.5474    |0.2667              |1.0000          |1.8141
39   |0.6637    |0.0417              |1.0000          |1.7054
37   |0.6273    |0.0667              |1.0000          |1.6939
1    |0.6485    |0.0417              |1.0000          |1.6902
3    |0.6216    |0.0667              |1.0000          |1.6883
22   |0.6013    |0.0667              |1.0000          |1.6680
7    |0.6005    |0.0667              |1.0000          |1.6672
10   |0.5920    |0.0750              |1.0000          |1.6670
38   |0.5809    |0.0417              |1.0000          |1.6226
2    |0.5640    |0.0500              |1.0000          |1.6140
35   |0.5515    |0.0417              |1.0000          |1.5931
13   |0.5389    |0.0500              |1.0000          |1.5889
17   |0.5379    |0.0500              |1.0000          |1.5879
24   |0.5082    |0.0667              |1.0000          |1.5749
23   |0.4972    |0.0667              |1.0000          |1.5639
31   |0.5133    |0.0417              |1.0000          |1.5550
32   |0.5002    |0.0417              |1.0000          |1.5419
25   |0.0004    |0.6417              |0.7527          |1.3948
28   |0.0004    |0.3667              |1.0000          |1.3671
27   |0.0475    |0.2667              |1.0000          |1.3141
19   |0.0004    |0.2667              |1.0000          |1.2671
29   |0.0488    |0.0667              |1.0000          |1.1154
21   |0.0454    |0.0667              |1.0000          |1.1121
26   |0.0465    |0.0500              |1.0000          |1.0965
30   |0.0045    |0.0750              |1.0000          |1.0795
34   |0.0004    |0.0500              |1.0000          |1.0504

Team Events (sorted, for dev use, diff check with others to ensure truly different schedules created):
------------------------------------------------------------
0, 109, 161, 178, 224, 286
1, 101, 146, 208, 270, 318
2, 100, 156, 189, 241, 302
3, 97, 143, 183, 232, 295
4, 98, 145, 196, 240, 297
5, 94, 149, 205, 250, 292
6, 96, 152, 187, 228, 287
7, 103, 155, 211, 254, 310
8, 102, 153, 174, 244, 301
9, 122, 162, 175, 223, 283
10, 124, 157, 195, 247, 308
11, 123, 164, 197, 261, 316
12, 118, 154, 207, 271, 324
13, 121, 163, 193, 231, 279
14, 113, 165, 203, 253, 303
15, 119, 159, 182, 255, 322
16, 120, 151, 198, 262, 309
17, 132, 160, 192, 269, 305
19, 72, 137, 202, 220, 272
20, 56, 150, 200, 249, 304
21, 78, 142, 191, 236, 274
22, 54, 158, 170, 215, 273
23, 60, 148, 218, 275, 317
24, 59, 147, 204, 256, 294
25, 85, 130, 206, 226, 277
26, 76, 144, 214, 266, 306
27, 62, 90, 216, 258, 299
28, 95, 111, 219, 263, 284
29, 67, 99, 210, 257, 300
30, 71, 87, 213, 229, 276
31, 61, 91, 190, 234, 281
32, 58, 86, 209, 260, 296
33, 57, 89, 172, 217, 280
34, 88, 108, 221, 265, 285
35, 55, 93, 179, 222, 289
36, 68, 105, 212, 264, 311
37, 70, 110, 188, 237, 290
38, 63, 104, 201, 243, 282
39, 75, 125, 167, 225, 278
40, 73, 115, 185, 245, 288
41, 66, 114, 186, 251, 313
42, 65, 112, 184, 268, 321
43, 64, 117, 177, 230, 293
44, 69, 116, 199, 252, 291
45, 80, 134, 171, 242, 314
46, 81, 140, 169, 248, 325
47, 82, 139, 180, 259, 323
48, 83, 135, 168, 233, 298
49, 77, 131, 176, 246, 320
50, 79, 141, 181, 238, 312
51, 74, 133, 173, 239, 315
52, 84, 138, 194, 267, 319
53, 92, 136, 166, 235, 307
