FLL Scheduler GA Summary Report (ID: 2132118885808 | Hash: -4449685739478934395)

Attributes:
--------------------
rank: 0
origin: (C | KPoint(k=2))
mutations: 0
clones: 0
_hash: -4449685739478934395
Length: 318

Fitness:
--------------------------
BreakTime           : 0.31062795876048954
LocationConsistency : 0.0
OpponentVariety     : 0.8754111684107535
-----------------------------------
Total               : 1.186039127171243
Percentage          : 39.53%

Per-Objective Statistics (Team Distribution):
-----------------------------------------------------------------
Objective                 | Min      | Max      | Avg      | Range   
-----------------------------------------------------------------
BreakTime                 | 0.0004   | 0.9193   | 0.5394   | 0.9189  
LocationConsistency       | 0.0417   | 0.6417   | 0.2085   | 0.6000  
OpponentVariety           | 0.7527   | 1.0000   | 0.9953   | 0.2473  

Team fitnesses (sorted by total fitness descending):
----------------------------------------------------
Max     : 2.560979
Min     : 1.019778
Range   : 1.541201
Average : 1.743207

Team |BreakTime |LocationConsistency |OpponentVariety |Sum
------------------------------------------------------------
47   |0.9193    |0.6417              |1.0000          |2.5610
2    |0.6216    |0.6417              |1.0000          |2.2633
48   |0.8630    |0.3667              |1.0000          |2.2297
52   |0.9185    |0.2667              |1.0000          |2.1852
49   |0.8925    |0.2667              |1.0000          |2.1592
45   |0.8865    |0.2667              |1.0000          |2.1531
41   |0.6732    |0.3500              |1.0000          |2.0232
43   |0.6673    |0.3500              |1.0000          |2.0173
15   |0.6158    |0.3667              |1.0000          |1.9825
53   |0.9139    |0.0500              |1.0000          |1.9639
42   |0.6044    |0.3500              |1.0000          |1.9544
44   |0.5936    |0.3500              |1.0000          |1.9436
38   |0.6764    |0.2667              |1.0000          |1.9431
9    |0.5719    |0.3667              |1.0000          |1.9385
32   |0.5616    |0.3667              |1.0000          |1.9282
50   |0.8793    |0.0417              |1.0000          |1.9210
51   |0.8672    |0.0500              |1.0000          |1.9172
1    |0.6485    |0.2667              |1.0000          |1.9152
5    |0.6329    |0.2667              |1.0000          |1.8995
39   |0.6257    |0.2667              |1.0000          |1.8923
17   |0.5389    |0.3500              |1.0000          |1.8889
13   |0.5379    |0.3500              |1.0000          |1.8879
10   |0.5920    |0.2667              |1.0000          |1.8586
36   |0.5809    |0.2667              |1.0000          |1.8476
46   |0.7914    |0.0417              |1.0000          |1.8331
4    |0.5640    |0.2667              |1.0000          |1.8307
11   |0.5556    |0.2667              |1.0000          |1.8223
3    |0.5474    |0.2667              |1.0000          |1.8141
20   |0.5397    |0.2667              |1.0000          |1.8064
27   |0.5002    |0.2667              |1.0000          |1.7669
37   |0.6637    |0.0417              |1.0000          |1.7054
40   |0.6273    |0.0417              |1.0000          |1.6689
25   |0.6013    |0.0667              |1.0000          |1.6680
18   |0.5901    |0.0750              |1.0000          |1.6651
6    |0.6005    |0.0500              |1.0000          |1.6505
8    |0.5895    |0.0417              |1.0000          |1.6312
14   |0.5543    |0.0750              |1.0000          |1.6293
7    |0.5774    |0.0500              |1.0000          |1.6274
16   |0.5758    |0.0417              |1.0000          |1.6174
12   |0.5619    |0.0417              |1.0000          |1.6036
31   |0.5515    |0.0417              |1.0000          |1.5931
22   |0.5082    |0.0667              |1.0000          |1.5749
26   |0.4972    |0.0750              |1.0000          |1.5722
33   |0.5133    |0.0417              |1.0000          |1.5550
23   |0.0465    |0.3500              |1.0000          |1.3965
35   |0.0045    |0.3500              |1.0000          |1.3545
29   |0.0475    |0.2667              |1.0000          |1.3141
34   |0.0488    |0.0750              |1.0000          |1.1238
19   |0.0454    |0.0667              |1.0000          |1.1121
28   |0.0004    |0.0667              |1.0000          |1.0671
30   |0.0004    |0.0500              |1.0000          |1.0504
24   |0.0004    |0.0417              |1.0000          |1.0421
21   |0.0004    |0.2667              |0.7527          |1.0198

Team Events (sorted, for dev use, diff check with others to ensure truly different schedules created):
------------------------------------------------------------
0, 103, 162, 178, 224, 293
1, 94, 156, 182, 241, 308
2, 100, 149, 204, 250, 287
3, 95, 146, 211, 271, 318
4, 109, 152, 175, 244, 301
5, 98, 153, 184, 228, 292
6, 108, 154, 208, 254, 310
7, 99, 142, 188, 232, 295
8, 97, 145, 197, 240, 297
9, 123, 160, 174, 223, 283
10, 124, 157, 194, 252, 302
11, 113, 164, 202, 246, 309
12, 120, 150, 198, 263, 303
13, 121, 161, 192, 231, 279
14, 119, 159, 189, 255, 322
15, 126, 163, 193, 269, 306
16, 118, 155, 212, 270, 324
17, 122, 165, 196, 260, 316
18, 79, 143, 190, 236, 275
19, 57, 151, 200, 249, 307
20, 85, 129, 213, 226, 276
21, 59, 147, 205, 256, 294
22, 77, 144, 214, 264, 304
23, 72, 138, 203, 220, 273
25, 54, 158, 170, 215, 272
26, 60, 148, 218, 274, 317
27, 58, 87, 210, 261, 296
28, 101, 117, 219, 262, 284
29, 69, 90, 216, 258, 299
30, 89, 102, 221, 266, 285
31, 55, 92, 179, 222, 290
32, 56, 88, 172, 217, 280
33, 61, 91, 191, 234, 281
34, 64, 96, 209, 257, 300
35, 71, 86, 206, 229, 277
36, 68, 105, 201, 243, 282
37, 74, 125, 167, 225, 278
38, 66, 112, 187, 268, 320
39, 73, 115, 186, 245, 291
40, 70, 116, 183, 237, 288
41, 65, 114, 185, 251, 313
42, 63, 104, 207, 267, 311
43, 67, 110, 177, 230, 286
44, 62, 111, 199, 247, 289
45, 93, 139, 166, 235, 305
46, 84, 136, 195, 265, 319
47, 75, 127, 173, 239, 315
48, 78, 134, 181, 238, 312
49, 76, 128, 176, 253, 321
50, 83, 140, 168, 233, 298
51, 82, 137, 180, 259, 323
52, 80, 135, 169, 248, 325
53, 81, 141, 171, 242, 314
