FLL Scheduler GA Summary Report (ID: 2132118891520 | Hash: -761317311083953972)

Attributes:
--------------------
rank: 0
origin: (C | KPoint(k=2))
mutations: 0
clones: 0
_hash: -761317311083953972
Length: 318

Fitness:
--------------------------
BreakTime           : 0.31062795876048954
LocationConsistency : 0.0
OpponentVariety     : 0.8754111684107535
-----------------------------------
Total               : 1.186039127171243
Percentage          : 39.53%

Per-Objective Statistics (Team Distribution):
-----------------------------------------------------------------
Objective                 | Min      | Max      | Avg      | Range   
-----------------------------------------------------------------
BreakTime                 | 0.0004   | 0.9193   | 0.5394   | 0.9189  
LocationConsistency       | 0.0417   | 0.9500   | 0.2286   | 0.9083  
OpponentVariety           | 0.7527   | 1.0000   | 0.9953   | 0.2473  

Team fitnesses (sorted by total fitness descending):
----------------------------------------------------
Max     : 2.463287
Min     : 1.019778
Range   : 1.443508
Average : 1.763332

Team |BreakTime |LocationConsistency |OpponentVariety |Sum
------------------------------------------------------------
34   |0.5133    |0.9500              |1.0000          |2.4633
43   |0.6257    |0.6417              |1.0000          |2.2673
46   |0.9139    |0.3500              |1.0000          |2.2639
16   |0.6158    |0.6417              |1.0000          |2.2575
50   |0.9185    |0.2667              |1.0000          |2.1852
45   |0.8925    |0.2667              |1.0000          |2.1592
49   |0.8672    |0.2667              |1.0000          |2.1338
40   |0.6732    |0.3667              |1.0000          |2.0398
42   |0.6764    |0.3500              |1.0000          |2.0264
37   |0.6273    |0.3667              |1.0000          |1.9939
51   |0.9193    |0.0417              |1.0000          |1.9610
13   |0.5920    |0.3667              |1.0000          |1.9586
22   |0.6013    |0.3500              |1.0000          |1.9513
39   |0.5936    |0.3500              |1.0000          |1.9436
36   |0.6673    |0.2667              |1.0000          |1.9339
47   |0.8793    |0.0500              |1.0000          |1.9293
48   |0.8865    |0.0417              |1.0000          |1.9281
5    |0.5719    |0.3500              |1.0000          |1.9219
52   |0.8630    |0.0417              |1.0000          |1.9047
6    |0.6216    |0.2667              |1.0000          |1.8883
11   |0.5379    |0.3500              |1.0000          |1.8879
20   |0.5082    |0.3667              |1.0000          |1.8749
7    |0.5895    |0.2667              |1.0000          |1.8562
33   |0.5002    |0.3500              |1.0000          |1.8502
9    |0.5774    |0.2667              |1.0000          |1.8440
53   |0.7914    |0.0500              |1.0000          |1.8414
17   |0.5619    |0.2667              |1.0000          |1.8286
31   |0.5616    |0.2667              |1.0000          |1.8282
44   |0.6637    |0.0417              |1.0000          |1.7054
1    |0.6485    |0.0417              |1.0000          |1.6902
23   |0.0465    |0.6417              |1.0000          |1.6882
2    |0.6329    |0.0417              |1.0000          |1.6745
4    |0.6005    |0.0667              |1.0000          |1.6672
41   |0.5809    |0.0750              |1.0000          |1.6559
38   |0.6044    |0.0500              |1.0000          |1.6544
12   |0.5901    |0.0417              |1.0000          |1.6318
15   |0.5758    |0.0417              |1.0000          |1.6174
18   |0.5389    |0.0750              |1.0000          |1.6139
8    |0.5640    |0.0417              |1.0000          |1.6057
10   |0.5556    |0.0417              |1.0000          |1.5973
14   |0.5543    |0.0417              |1.0000          |1.5960
30   |0.5515    |0.0417              |1.0000          |1.5931
3    |0.5474    |0.0417              |1.0000          |1.5891
19   |0.5397    |0.0417              |1.0000          |1.5814
24   |0.4972    |0.0750              |1.0000          |1.5722
28   |0.0475    |0.3500              |1.0000          |1.3975
32   |0.0004    |0.3500              |1.0000          |1.3504
25   |0.0454    |0.2667              |1.0000          |1.3121
29   |0.0045    |0.2667              |1.0000          |1.2711
21   |0.0004    |0.2667              |1.0000          |1.2671
27   |0.0488    |0.0667              |1.0000          |1.1154
35   |0.0004    |0.0667              |1.0000          |1.0671
26   |0.0004    |0.2667              |0.7527          |1.0198

Team Events (sorted, for dev use, diff check with others to ensure truly different schedules created):
------------------------------------------------------------
0, 102, 161, 178, 224, 293
1, 108, 153, 175, 238, 301
2, 100, 149, 198, 249, 287
3, 96, 152, 187, 226, 292
4, 98, 145, 191, 241, 295
5, 94, 157, 189, 240, 303
6, 97, 142, 183, 235, 297
7, 95, 146, 211, 277, 318
8, 109, 154, 208, 261, 310
9, 118, 156, 192, 247, 309
10, 121, 151, 204, 263, 308
11, 122, 165, 190, 255, 316
12, 123, 163, 174, 223, 283
13, 120, 162, 195, 236, 279
14, 126, 160, 194, 269, 305
15, 124, 158, 182, 260, 322
16, 113, 164, 200, 252, 302
17, 125, 155, 212, 276, 324
18, 57, 150, 203, 250, 304
19, 59, 147, 199, 259, 296
20, 72, 138, 201, 220, 272
22, 54, 159, 169, 215, 273
23, 70, 144, 214, 264, 307
24, 60, 148, 218, 274, 317
25, 78, 143, 196, 231, 275
26, 84, 129, 213, 228, 270
27, 67, 99, 209, 258, 300
28, 62, 88, 216, 256, 298
29, 77, 86, 206, 227, 271
30, 55, 93, 179, 222, 290
31, 56, 91, 167, 217, 280
32, 90, 103, 221, 266, 285
33, 58, 87, 210, 254, 294
34, 61, 89, 197, 233, 281
35, 101, 117, 219, 262, 284
36, 64, 110, 177, 237, 286
37, 76, 116, 188, 230, 288
38, 68, 104, 207, 267, 311
39, 69, 111, 205, 253, 289
40, 66, 114, 186, 248, 313
41, 63, 105, 202, 242, 282
42, 65, 112, 184, 268, 320
43, 73, 115, 185, 239, 291
44, 74, 119, 172, 225, 278
45, 71, 128, 176, 246, 321
46, 83, 140, 168, 243, 315
47, 81, 141, 171, 234, 299
48, 92, 139, 173, 232, 306
49, 80, 137, 180, 257, 323
50, 82, 135, 170, 251, 325
51, 75, 127, 166, 245, 314
52, 79, 134, 181, 244, 312
53, 85, 136, 193, 265, 319
