FLL Scheduler GA Summary Report (ID: 2132037138720 | Hash: -1807257637466654030)

Attributes:
--------------------
rank: 0
origin: (C | KPoint(k=1))
mutations: 1
clones: 0
_hash: -1807257637466654030
Length: 318

Fitness:
--------------------------
BreakTime           : 0.31062795876048954
LocationConsistency : 0.0
OpponentVariety     : 0.8754111684107535
-----------------------------------
Total               : 1.186039127171243
Percentage          : 39.53%

Per-Objective Statistics (Team Distribution):
-----------------------------------------------------------------
Objective                 | Min      | Max      | Avg      | Range   
-----------------------------------------------------------------
BreakTime                 | 0.0004   | 0.9193   | 0.5394   | 0.9189  
LocationConsistency       | 0.0417   | 0.6417   | 0.2168   | 0.6000  
OpponentVariety           | 0.7527   | 1.0000   | 0.9953   | 0.2473  

Team fitnesses (sorted by total fitness descending):
----------------------------------------------------
Max     : 2.560979
Min     : 1.019778
Range   : 1.541201
Average : 1.751540

Team |BreakTime |LocationConsistency |OpponentVariety |Sum
------------------------------------------------------------
47   |0.9193    |0.6417              |1.0000          |2.5610
48   |0.8630    |0.6417              |1.0000          |2.5047
3    |0.5719    |0.6417              |1.0000          |2.2135
32   |0.5616    |0.6417              |1.0000          |2.2032
46   |0.9185    |0.2667              |1.0000          |2.1852
53   |0.8925    |0.2667              |1.0000          |2.1592
45   |0.8865    |0.2667              |1.0000          |2.1531
51   |0.8672    |0.2667              |1.0000          |2.1338
52   |0.7914    |0.2667              |1.0000          |2.0581
5    |0.6216    |0.3667              |1.0000          |1.9883
36   |0.6273    |0.3500              |1.0000          |1.9773
41   |0.6257    |0.3500              |1.0000          |1.9757
49   |0.9139    |0.0500              |1.0000          |1.9639
37   |0.6764    |0.2667              |1.0000          |1.9431
40   |0.6732    |0.2667              |1.0000          |1.9398
8    |0.5895    |0.3500              |1.0000          |1.9395
42   |0.6673    |0.2667              |1.0000          |1.9339
50   |0.8793    |0.0417              |1.0000          |1.9210
25   |0.5397    |0.3500              |1.0000          |1.8897
38   |0.6044    |0.2667              |1.0000          |1.8710
2    |0.6005    |0.2667              |1.0000          |1.8672
39   |0.5936    |0.2667              |1.0000          |1.8603
43   |0.5809    |0.2667              |1.0000          |1.8476
17   |0.5758    |0.2667              |1.0000          |1.8424
6    |0.5640    |0.2667              |1.0000          |1.8307
12   |0.5619    |0.2667              |1.0000          |1.8286
14   |0.5543    |0.2667              |1.0000          |1.8210
9    |0.6485    |0.0667              |1.0000          |1.7152
44   |0.6637    |0.0500              |1.0000          |1.7137
34   |0.0488    |0.6417              |1.0000          |1.6904
15   |0.6158    |0.0667              |1.0000          |1.6825
1    |0.6329    |0.0417              |1.0000          |1.6745
11   |0.5920    |0.0667              |1.0000          |1.6586
23   |0.6013    |0.0500              |1.0000          |1.6513
18   |0.5901    |0.0417              |1.0000          |1.6318
4    |0.5474    |0.0750              |1.0000          |1.6224
7    |0.5774    |0.0417              |1.0000          |1.6190
16   |0.5389    |0.0750              |1.0000          |1.6139
10   |0.5556    |0.0417              |1.0000          |1.5973
35   |0.5515    |0.0417              |1.0000          |1.5931
13   |0.5379    |0.0500              |1.0000          |1.5879
27   |0.5133    |0.0417              |1.0000          |1.5550
22   |0.5082    |0.0417              |1.0000          |1.5499
29   |0.5002    |0.0417              |1.0000          |1.5419
19   |0.4972    |0.0417              |1.0000          |1.5389
21   |0.0454    |0.3500              |1.0000          |1.3954
33   |0.0004    |0.3667              |1.0000          |1.3671
31   |0.0475    |0.0500              |1.0000          |1.0975
20   |0.0465    |0.0500              |1.0000          |1.0965
30   |0.0045    |0.0750              |1.0000          |1.0795
28   |0.0004    |0.0750              |1.0000          |1.0754
26   |0.0004    |0.0500              |1.0000          |1.0504
24   |0.0004    |0.2667              |0.7527          |1.0198

Team Events (sorted, for dev use, diff check with others to ensure truly different schedules created):
------------------------------------------------------------
0, 102, 152, 175, 244, 301
1, 99, 153, 187, 226, 287
2, 96, 145, 191, 240, 297
3, 101, 149, 204, 249, 292
4, 95, 151, 188, 241, 303
5, 94, 147, 210, 277, 318
6, 103, 154, 209, 260, 310
7, 98, 143, 183, 232, 295
8, 105, 161, 178, 224, 286
9, 124, 150, 192, 247, 309
10, 122, 162, 174, 223, 283
11, 112, 164, 202, 252, 302
12, 120, 157, 198, 268, 308
13, 121, 163, 195, 231, 278
14, 119, 159, 182, 261, 322
15, 118, 155, 212, 276, 324
16, 132, 160, 194, 262, 304
17, 123, 165, 190, 255, 316
18, 55, 148, 218, 272, 317
19, 76, 144, 214, 267, 307
21, 84, 142, 196, 236, 273
22, 59, 146, 205, 256, 294
23, 60, 158, 170, 215, 274
24, 78, 129, 213, 228, 270
25, 57, 156, 201, 250, 305
26, 73, 138, 203, 220, 275
27, 54, 91, 197, 234, 281
28, 88, 104, 221, 265, 285
29, 58, 87, 211, 254, 296
30, 70, 86, 207, 227, 271
31, 68, 90, 216, 259, 299
32, 56, 89, 172, 217, 280
33, 100, 116, 219, 269, 284
34, 64, 97, 208, 257, 300
35, 61, 92, 179, 222, 289
36, 71, 117, 189, 237, 290
37, 66, 113, 185, 263, 320
38, 63, 107, 206, 264, 311
39, 62, 111, 199, 253, 291
40, 65, 115, 186, 248, 313
41, 72, 114, 184, 245, 288
42, 67, 110, 177, 230, 293
43, 69, 106, 200, 243, 282
44, 75, 125, 167, 225, 279
45, 93, 139, 166, 235, 306
46, 81, 135, 169, 251, 325
47, 74, 133, 173, 239, 314
48, 85, 134, 181, 238, 312
49, 80, 140, 171, 242, 315
50, 83, 141, 168, 233, 298
51, 82, 137, 180, 258, 323
52, 79, 136, 193, 266, 319
53, 77, 128, 176, 246, 321
