FLL Scheduler GA Summary Report (ID: 2132037127520 | Hash: -7441952725727702610)

Attributes:
--------------------
rank: 0
origin: (C | KPoint(k=1))
mutations: 1
clones: 0
_hash: -7441952725727702610
Length: 318

Fitness:
--------------------------
BreakTime           : 0.31062795876048954
LocationConsistency : 0.0
OpponentVariety     : 0.8754111684107535
-----------------------------------
Total               : 1.186039127171243
Percentage          : 39.53%

Per-Objective Statistics (Team Distribution):
-----------------------------------------------------------------
Objective                 | Min      | Max      | Avg      | Range   
-----------------------------------------------------------------
BreakTime                 | 0.0004   | 0.9193   | 0.5394   | 0.9189  
LocationConsistency       | 0.0417   | 0.6417   | 0.2009   | 0.6000  
OpponentVariety           | 0.7527   | 1.0000   | 0.9953   | 0.2473  

Team fitnesses (sorted by total fitness descending):
----------------------------------------------------
Max     : 2.257461
Min     : 1.054450
Range   : 1.203011
Average : 1.735659

Team |BreakTime |LocationConsistency |OpponentVariety |Sum
------------------------------------------------------------
15   |0.6158    |0.6417              |1.0000          |2.2575
53   |0.9139    |0.2667              |1.0000          |2.1805
45   |0.8865    |0.2667              |1.0000          |2.1531
48   |0.8793    |0.2667              |1.0000          |2.1460
46   |0.7914    |0.2667              |1.0000          |2.0581
40   |0.6732    |0.3500              |1.0000          |2.0232
9    |0.6329    |0.3500              |1.0000          |1.9829
51   |0.9193    |0.0500              |1.0000          |1.9693
52   |0.9185    |0.0417              |1.0000          |1.9602
38   |0.6764    |0.2667              |1.0000          |1.9431
49   |0.8925    |0.0500              |1.0000          |1.9425
4    |0.5895    |0.3500              |1.0000          |1.9395
11   |0.5556    |0.3667              |1.0000          |1.9223
47   |0.8672    |0.0500              |1.0000          |1.9172
6    |0.5474    |0.3667              |1.0000          |1.9141
50   |0.8630    |0.0500              |1.0000          |1.9130
43   |0.6273    |0.2667              |1.0000          |1.8939
42   |0.6257    |0.2667              |1.0000          |1.8923
21   |0.5397    |0.3500              |1.0000          |1.8897
10   |0.5389    |0.3500              |1.0000          |1.8889
12   |0.5901    |0.2667              |1.0000          |1.8568
39   |0.5809    |0.2667              |1.0000          |1.8476
18   |0.5758    |0.2667              |1.0000          |1.8424
34   |0.5616    |0.2667              |1.0000          |1.8282
30   |0.5133    |0.2667              |1.0000          |1.7800
36   |0.6673    |0.0500              |1.0000          |1.7173
41   |0.6637    |0.0417              |1.0000          |1.7054
1    |0.6485    |0.0417              |1.0000          |1.6902
23   |0.6013    |0.0750              |1.0000          |1.6763
7    |0.6005    |0.0750              |1.0000          |1.6755
3    |0.6216    |0.0417              |1.0000          |1.6633
37   |0.6044    |0.0500              |1.0000          |1.6544
5    |0.5719    |0.0750              |1.0000          |1.6469
44   |0.5936    |0.0500              |1.0000          |1.6436
20   |0.0004    |0.6417              |1.0000          |1.6421
28   |0.0004    |0.6417              |1.0000          |1.6421
13   |0.5920    |0.0417              |1.0000          |1.6336
14   |0.5543    |0.0750              |1.0000          |1.6293
8    |0.5774    |0.0417              |1.0000          |1.6190
17   |0.5619    |0.0500              |1.0000          |1.6119
2    |0.5640    |0.0417              |1.0000          |1.6057
35   |0.5515    |0.0417              |1.0000          |1.5931
16   |0.5379    |0.0500              |1.0000          |1.5879
24   |0.4972    |0.0667              |1.0000          |1.5639
32   |0.5002    |0.0500              |1.0000          |1.5502
25   |0.5082    |0.0417              |1.0000          |1.5499
29   |0.0488    |0.3667              |1.0000          |1.4154
27   |0.0475    |0.3500              |1.0000          |1.3975
31   |0.0004    |0.3500              |1.0000          |1.3504
26   |0.0465    |0.2667              |1.0000          |1.3132
22   |0.0454    |0.0667              |1.0000          |1.1121
19   |0.0004    |0.3500              |0.7527          |1.1031
33   |0.0045    |0.0500              |1.0000          |1.0545

Team Events (sorted, for dev use, diff check with others to ensure truly different schedules created):
------------------------------------------------------------
0, 103, 161, 178, 224, 293
1, 95, 147, 208, 277, 318
2, 94, 156, 189, 241, 303
3, 99, 143, 183, 232, 295
4, 97, 145, 196, 240, 296
5, 101, 149, 205, 250, 287
6, 98, 154, 187, 228, 292
7, 108, 152, 211, 254, 317
8, 109, 155, 175, 239, 301
9, 119, 153, 207, 276, 324
10, 125, 157, 195, 252, 309
11, 120, 164, 197, 260, 311
12, 121, 162, 174, 223, 283
13, 123, 163, 193, 231, 279
14, 118, 159, 182, 255, 322
15, 122, 151, 198, 262, 308
16, 113, 165, 203, 246, 302
17, 132, 160, 192, 269, 305
18, 85, 130, 206, 226, 270
19, 75, 138, 202, 220, 275
20, 56, 150, 200, 249, 304
21, 78, 142, 191, 236, 273
22, 54, 158, 170, 215, 274
23, 60, 148, 218, 272, 310
24, 59, 146, 204, 257, 294
26, 71, 144, 214, 264, 307
27, 69, 88, 216, 258, 298
28, 100, 111, 219, 263, 284
29, 64, 96, 210, 256, 300
30, 61, 89, 190, 234, 281
31, 90, 102, 221, 266, 285
32, 58, 87, 209, 261, 297
33, 76, 86, 213, 229, 271
34, 57, 91, 173, 217, 280
35, 55, 93, 179, 222, 290
36, 67, 117, 177, 230, 286
37, 63, 104, 212, 267, 316
38, 66, 112, 184, 268, 321
39, 68, 105, 201, 243, 282
40, 65, 114, 186, 251, 314
41, 72, 124, 167, 225, 278
42, 74, 115, 185, 238, 291
43, 77, 110, 188, 237, 288
44, 62, 116, 199, 247, 289
45, 92, 139, 166, 235, 306
46, 84, 137, 194, 265, 319
47, 81, 136, 180, 259, 323
48, 80, 141, 168, 233, 299
49, 70, 131, 176, 253, 320
50, 79, 134, 181, 245, 315
51, 73, 133, 172, 244, 312
52, 82, 135, 169, 248, 325
53, 83, 140, 171, 242, 313
