FLL Scheduler GA Summary Report (ID: 2132111934176 | Hash: 1847106148191136689)

Attributes:
--------------------
rank: 0
origin: (C | KPoint(k=3))
mutations: 1
clones: 0
_hash: 1847106148191136689
Length: 318

Fitness:
--------------------------
BreakTime           : 0.31062795876048954
LocationConsistency : 0.0
OpponentVariety     : 0.8754111684107535
-----------------------------------
Total               : 1.186039127171243
Percentage          : 39.53%

Per-Objective Statistics (Team Distribution):
-----------------------------------------------------------------
Objective                 | Min      | Max      | Avg      | Range   
-----------------------------------------------------------------
BreakTime                 | 0.0004   | 0.9193   | 0.5394   | 0.9189  
LocationConsistency       | 0.0417   | 0.9500   | 0.2379   | 0.9083  
OpponentVariety           | 0.7527   | 1.0000   | 0.9953   | 0.2473  

Team fitnesses (sorted by total fitness descending):
----------------------------------------------------
Max     : 2.560213
Min     : 1.067085
Range   : 1.493127
Average : 1.772609

Team |BreakTime |LocationConsistency |OpponentVariety |Sum
------------------------------------------------------------
46   |0.9185    |0.6417              |1.0000          |2.5602
42   |0.6044    |0.9500              |1.0000          |2.5544
44   |0.6273    |0.6417              |1.0000          |2.2689
49   |0.8925    |0.2667              |1.0000          |2.1592
45   |0.8865    |0.2667              |1.0000          |2.1531
51   |0.8672    |0.2667              |1.0000          |2.1338
48   |0.8630    |0.2667              |1.0000          |2.1297
50   |0.7914    |0.2667              |1.0000          |2.0581
43   |0.6764    |0.3500              |1.0000          |2.0264
3    |0.6216    |0.3667              |1.0000          |1.9883
47   |0.9193    |0.0500              |1.0000          |1.9693
53   |0.9139    |0.0500              |1.0000          |1.9639
23   |0.6013    |0.3500              |1.0000          |1.9513
40   |0.6732    |0.2667              |1.0000          |1.9398
4    |0.5895    |0.3500              |1.0000          |1.9395
38   |0.6673    |0.2667              |1.0000          |1.9339
36   |0.6637    |0.2667              |1.0000          |1.9304
52   |0.8793    |0.0500              |1.0000          |1.9293
34   |0.5616    |0.3500              |1.0000          |1.9116
8    |0.6329    |0.2667              |1.0000          |1.8995
16   |0.5379    |0.3500              |1.0000          |1.8879
11   |0.6158    |0.2667              |1.0000          |1.8825
30   |0.5133    |0.3500              |1.0000          |1.8633
41   |0.5936    |0.2667              |1.0000          |1.8603
13   |0.5920    |0.2667              |1.0000          |1.8586
15   |0.5901    |0.2667              |1.0000          |1.8568
17   |0.5758    |0.2667              |1.0000          |1.8424
2    |0.5640    |0.2667              |1.0000          |1.8307
12   |0.5619    |0.2667              |1.0000          |1.8286
6    |0.5474    |0.2667              |1.0000          |1.8141
20   |0.4972    |0.2667              |1.0000          |1.7639
1    |0.6485    |0.0417              |1.0000          |1.6902
39   |0.6257    |0.0417              |1.0000          |1.6673
9    |0.6005    |0.0417              |1.0000          |1.6422
37   |0.5809    |0.0500              |1.0000          |1.6309
10   |0.5556    |0.0667              |1.0000          |1.6223
14   |0.5543    |0.0667              |1.0000          |1.6210
5    |0.5774    |0.0417              |1.0000          |1.6190
7    |0.5719    |0.0417              |1.0000          |1.6135
35   |0.5515    |0.0417              |1.0000          |1.5931
18   |0.5389    |0.0500              |1.0000          |1.5889
25   |0.5397    |0.0417              |1.0000          |1.5814
19   |0.5082    |0.0667              |1.0000          |1.5749
32   |0.5002    |0.0417              |1.0000          |1.5419
22   |0.0454    |0.3667              |1.0000          |1.4121
24   |0.0004    |0.6417              |0.7527          |1.3948
33   |0.0045    |0.3500              |1.0000          |1.3545
27   |0.0475    |0.2667              |1.0000          |1.3141
26   |0.0004    |0.2667              |1.0000          |1.2671
28   |0.0004    |0.2667              |1.0000          |1.2671
31   |0.0488    |0.0500              |1.0000          |1.0988
21   |0.0465    |0.0500              |1.0000          |1.0965
29   |0.0004    |0.0667              |1.0000          |1.0671

Team Events (sorted, for dev use, diff check with others to ensure truly different schedules created):
------------------------------------------------------------
0, 105, 163, 178, 224, 286
1, 100, 146, 210, 277, 318
2, 101, 157, 189, 242, 308
3, 96, 142, 183, 232, 295
4, 103, 154, 208, 260, 310
5, 95, 148, 205, 249, 292
6, 98, 144, 196, 243, 297
7, 102, 153, 175, 238, 301
8, 97, 152, 187, 228, 287
9, 124, 156, 195, 247, 302
10, 119, 158, 182, 261, 322
11, 113, 164, 203, 252, 309
12, 122, 160, 174, 223, 280
13, 121, 161, 192, 231, 284
14, 123, 165, 197, 255, 316
15, 120, 151, 198, 263, 303
16, 127, 162, 193, 269, 306
17, 118, 155, 213, 276, 324
18, 59, 147, 204, 256, 294
19, 60, 149, 218, 273, 317
20, 71, 145, 214, 264, 304
22, 79, 143, 191, 236, 272
23, 54, 159, 167, 215, 274
24, 84, 130, 212, 226, 271
25, 57, 150, 200, 250, 307
26, 75, 136, 202, 220, 275
27, 69, 91, 216, 259, 298
28, 94, 117, 219, 262, 279
29, 88, 104, 221, 266, 278
30, 61, 90, 190, 234, 282
31, 64, 99, 209, 257, 300
32, 58, 87, 211, 254, 296
33, 76, 86, 206, 229, 270
34, 56, 89, 169, 217, 283
35, 55, 93, 179, 222, 289
36, 72, 125, 172, 225, 285
37, 68, 106, 201, 240, 281
38, 67, 110, 177, 230, 293
39, 74, 115, 185, 239, 288
40, 65, 114, 186, 248, 315
41, 62, 111, 199, 253, 291
42, 63, 107, 207, 267, 311
43, 66, 112, 184, 268, 320
44, 77, 116, 188, 237, 290
45, 92, 137, 173, 235, 305
46, 83, 141, 170, 251, 325
47, 73, 126, 168, 245, 312
48, 78, 140, 181, 244, 314
49, 70, 131, 176, 246, 321
50, 85, 138, 194, 265, 319
51, 81, 139, 180, 258, 323
52, 80, 134, 171, 233, 299
53, 82, 135, 166, 241, 313
