FLL Scheduler GA Summary Report (ID: 2132118889616 | Hash: -7137414778405546672)

Attributes:
--------------------
rank: 0
origin: (C | KPoint(k=1))
mutations: 0
clones: 0
_hash: -7137414778405546672
Length: 318

Fitness:
--------------------------
BreakTime           : 0.31062795876048954
LocationConsistency : 0.0
OpponentVariety     : 0.8754111684107535
-----------------------------------
Total               : 1.186039127171243
Percentage          : 39.53%

Per-Objective Statistics (Team Distribution):
-----------------------------------------------------------------
Objective                 | Min      | Max      | Avg      | Range   
-----------------------------------------------------------------
BreakTime                 | 0.0004   | 0.9193   | 0.5394   | 0.9189  
LocationConsistency       | 0.0417   | 0.6417   | 0.2193   | 0.6000  
OpponentVariety           | 0.7527   | 1.0000   | 0.9953   | 0.2473  

Team fitnesses (sorted by total fitness descending):
----------------------------------------------------
Max     : 2.263852
Min     : 1.019778
Range   : 1.244073
Average : 1.754056

Team |BreakTime |LocationConsistency |OpponentVariety |Sum
------------------------------------------------------------
46   |0.9139    |0.3500              |1.0000          |2.2639
2    |0.6216    |0.6417              |1.0000          |2.2633
52   |0.8630    |0.3667              |1.0000          |2.2297
51   |0.9193    |0.2667              |1.0000          |2.1860
50   |0.9185    |0.2667              |1.0000          |2.1852
45   |0.8925    |0.2667              |1.0000          |2.1592
48   |0.8865    |0.2667              |1.0000          |2.1531
42   |0.6764    |0.3500              |1.0000          |2.0264
40   |0.6732    |0.3500              |1.0000          |2.0232
37   |0.6273    |0.3667              |1.0000          |1.9939
38   |0.6044    |0.3500              |1.0000          |1.9544
6    |0.6005    |0.3500              |1.0000          |1.9505
39   |0.5936    |0.3500              |1.0000          |1.9436
36   |0.6673    |0.2667              |1.0000          |1.9339
47   |0.8793    |0.0500              |1.0000          |1.9293
31   |0.5515    |0.3667              |1.0000          |1.9181
49   |0.8672    |0.0417              |1.0000          |1.9088
14   |0.5543    |0.3500              |1.0000          |1.9043
5    |0.6329    |0.2667              |1.0000          |1.8995
3    |0.5474    |0.3500              |1.0000          |1.8974
43   |0.6257    |0.2667              |1.0000          |1.8923
25   |0.5397    |0.3500              |1.0000          |1.8897
17   |0.6158    |0.2667              |1.0000          |1.8825
8    |0.5895    |0.2667              |1.0000          |1.8562
35   |0.5002    |0.3500              |1.0000          |1.8502
41   |0.5809    |0.2667              |1.0000          |1.8476
15   |0.5758    |0.2667              |1.0000          |1.8424
53   |0.7914    |0.0417              |1.0000          |1.8331
4    |0.5640    |0.2667              |1.0000          |1.8307
18   |0.5556    |0.2667              |1.0000          |1.8223
32   |0.5133    |0.2667              |1.0000          |1.7800
26   |0.5082    |0.2667              |1.0000          |1.7749
44   |0.6637    |0.0417              |1.0000          |1.7054
7    |0.6485    |0.0417              |1.0000          |1.6902
24   |0.6013    |0.0667              |1.0000          |1.6680
13   |0.5920    |0.0667              |1.0000          |1.6586
12   |0.5901    |0.0417              |1.0000          |1.6318
9    |0.5719    |0.0500              |1.0000          |1.6219
1    |0.5774    |0.0417              |1.0000          |1.6190
10   |0.5389    |0.0750              |1.0000          |1.6139
16   |0.5619    |0.0417              |1.0000          |1.6036
34   |0.5616    |0.0417              |1.0000          |1.6032
11   |0.5379    |0.0500              |1.0000          |1.5879
23   |0.4972    |0.0667              |1.0000          |1.5639
27   |0.0475    |0.3500              |1.0000          |1.3975
20   |0.0004    |0.2667              |1.0000          |1.2671
28   |0.0004    |0.2667              |1.0000          |1.2671
33   |0.0004    |0.2667              |1.0000          |1.2671
22   |0.0465    |0.0500              |1.0000          |1.0965
21   |0.0454    |0.0500              |1.0000          |1.0954
29   |0.0488    |0.0417              |1.0000          |1.0904
30   |0.0045    |0.0667              |1.0000          |1.0711
19   |0.0004    |0.2667              |0.7527          |1.0198

Team Events (sorted, for dev use, diff check with others to ensure truly different schedules created):
------------------------------------------------------------
0, 103, 153, 208, 261, 310
1, 101, 151, 189, 242, 303
2, 94, 149, 205, 250, 293
3, 100, 147, 211, 277, 318
4, 102, 155, 175, 244, 294
5, 96, 154, 186, 226, 287
6, 109, 163, 178, 224, 286
7, 97, 143, 183, 232, 300
8, 98, 145, 191, 243, 299
9, 118, 152, 212, 276, 324
10, 122, 157, 199, 268, 308
11, 121, 165, 190, 255, 316
12, 120, 160, 174, 223, 283
13, 123, 161, 195, 231, 279
14, 132, 162, 194, 262, 305
15, 113, 164, 202, 247, 302
16, 119, 158, 182, 260, 322
17, 125, 150, 192, 252, 309
18, 85, 129, 213, 228, 270
19, 72, 138, 203, 221, 272
20, 79, 142, 196, 236, 275
21, 70, 144, 215, 267, 307
22, 60, 148, 217, 274, 317
24, 55, 159, 170, 214, 273
25, 56, 156, 200, 249, 304
26, 59, 146, 204, 259, 301
27, 69, 89, 219, 257, 297
28, 90, 108, 220, 265, 285
29, 64, 99, 209, 258, 295
30, 77, 93, 206, 227, 271
31, 54, 86, 179, 222, 289
32, 61, 88, 197, 234, 281
33, 95, 117, 216, 269, 284
34, 57, 91, 172, 218, 280
35, 58, 92, 210, 254, 298
36, 67, 110, 177, 230, 292
37, 76, 116, 188, 237, 290
38, 63, 107, 207, 264, 311
39, 62, 111, 198, 246, 291
40, 65, 114, 187, 251, 313
41, 68, 106, 201, 240, 282
42, 66, 112, 184, 263, 320
43, 73, 115, 185, 245, 288
44, 74, 124, 167, 225, 278
45, 71, 128, 176, 253, 321
46, 81, 140, 171, 241, 315
47, 83, 141, 168, 233, 296
48, 87, 139, 166, 235, 306
49, 82, 137, 180, 256, 323
50, 80, 135, 169, 248, 325
51, 75, 133, 173, 239, 314
52, 78, 134, 181, 238, 312
53, 84, 136, 193, 266, 319
