FLL Scheduler GA Summary Report (ID: 2132111942240 | Hash: 3867928643893568749)

Attributes:
--------------------
rank: 0
origin: (C | KPoint(k=3))
mutations: 1
clones: 1
_hash: 3867928643893568749
Length: 318

Fitness:
--------------------------
BreakTime           : 0.31062795876048954
LocationConsistency : 0.0
OpponentVariety     : 0.8754111684107535
-----------------------------------
Total               : 1.186039127171243
Percentage          : 39.53%

Per-Objective Statistics (Team Distribution):
-----------------------------------------------------------------
Objective                 | Min      | Max      | Avg      | Range   
-----------------------------------------------------------------
BreakTime                 | 0.0004   | 0.9193   | 0.5394   | 0.9189  
LocationConsistency       | 0.0417   | 0.6417   | 0.1910   | 0.6000  
OpponentVariety           | 0.7527   | 1.0000   | 0.9953   | 0.2473  

Team fitnesses (sorted by total fitness descending):
----------------------------------------------------
Max     : 2.560213
Min     : 0.803112
Range   : 1.757101
Average : 1.725754

Team |BreakTime |LocationConsistency |OpponentVariety |Sum
------------------------------------------------------------
46   |0.9185    |0.6417              |1.0000          |2.5602
13   |0.6158    |0.6417              |1.0000          |2.2575
49   |0.8925    |0.2667              |1.0000          |2.1592
51   |0.8672    |0.2667              |1.0000          |2.1338
52   |0.7914    |0.2667              |1.0000          |2.0581
40   |0.6732    |0.3500              |1.0000          |2.0232
43   |0.6257    |0.3500              |1.0000          |1.9757
53   |0.9139    |0.0500              |1.0000          |1.9639
47   |0.9193    |0.0417              |1.0000          |1.9610
11   |0.5920    |0.3500              |1.0000          |1.9420
4    |0.5895    |0.3500              |1.0000          |1.9395
39   |0.6637    |0.2667              |1.0000          |1.9304
50   |0.8793    |0.0500              |1.0000          |1.9293
45   |0.8865    |0.0417              |1.0000          |1.9281
10   |0.5556    |0.3667              |1.0000          |1.9223
2    |0.5640    |0.3500              |1.0000          |1.9140
48   |0.8630    |0.0500              |1.0000          |1.9130
3    |0.6329    |0.2667              |1.0000          |1.8995
36   |0.6044    |0.2667              |1.0000          |1.8710
44   |0.5936    |0.2667              |1.0000          |1.8603
18   |0.5901    |0.2667              |1.0000          |1.8568
17   |0.5758    |0.2667              |1.0000          |1.8424
7    |0.5719    |0.2667              |1.0000          |1.8385
12   |0.5619    |0.2667              |1.0000          |1.8286
34   |0.5616    |0.2667              |1.0000          |1.8282
6    |0.5474    |0.2667              |1.0000          |1.8141
42   |0.6764    |0.0417              |1.0000          |1.7181
38   |0.6673    |0.0417              |1.0000          |1.7089
37   |0.6273    |0.0667              |1.0000          |1.6939
1    |0.6485    |0.0417              |1.0000          |1.6902
22   |0.0454    |0.6417              |1.0000          |1.6871
5    |0.6216    |0.0417              |1.0000          |1.6633
23   |0.6013    |0.0417              |1.0000          |1.6430
9    |0.6005    |0.0417              |1.0000          |1.6422
41   |0.5809    |0.0417              |1.0000          |1.6226
8    |0.5774    |0.0417              |1.0000          |1.6190
14   |0.5543    |0.0417              |1.0000          |1.5960
35   |0.5515    |0.0417              |1.0000          |1.5931
25   |0.5397    |0.0500              |1.0000          |1.5897
15   |0.5389    |0.0500              |1.0000          |1.5889
16   |0.5379    |0.0417              |1.0000          |1.5796
26   |0.4972    |0.0667              |1.0000          |1.5639
27   |0.5133    |0.0417              |1.0000          |1.5550
31   |0.5002    |0.0500              |1.0000          |1.5502
19   |0.5082    |0.0417              |1.0000          |1.5499
30   |0.0475    |0.3500              |1.0000          |1.3975
20   |0.0465    |0.2667              |1.0000          |1.3132
21   |0.0004    |0.2667              |1.0000          |1.2671
29   |0.0004    |0.2667              |1.0000          |1.2671
32   |0.0004    |0.2667              |1.0000          |1.2671
28   |0.0488    |0.0417              |1.0000          |1.0904
33   |0.0045    |0.0500              |1.0000          |1.0545
24   |0.0004    |0.0500              |0.7527          |0.8031

Team Events (sorted, for dev use, diff check with others to ensure truly different schedules created):
------------------------------------------------------------
0, 102, 161, 178, 224, 287
1, 101, 147, 208, 277, 325
2, 109, 155, 174, 239, 301
3, 96, 143, 183, 235, 295
4, 100, 150, 189, 243, 303
5, 94, 149, 205, 250, 292
6, 98, 145, 196, 242, 296
7, 108, 153, 211, 261, 310
8, 97, 154, 187, 228, 286
9, 119, 151, 195, 247, 309
10, 121, 163, 175, 223, 283
11, 112, 164, 203, 248, 302
12, 124, 158, 182, 260, 321
13, 123, 162, 193, 237, 279
14, 125, 152, 207, 276, 319
15, 122, 157, 198, 263, 308
16, 127, 160, 192, 269, 305
17, 120, 165, 197, 255, 316
18, 59, 146, 204, 256, 294
19, 70, 144, 221, 264, 307
20, 72, 138, 202, 214, 275
21, 79, 142, 191, 230, 273
23, 54, 159, 169, 220, 274
24, 84, 129, 206, 226, 270
25, 57, 156, 200, 253, 304
26, 60, 148, 217, 272, 317
27, 61, 90, 190, 232, 281
28, 64, 99, 210, 257, 300
29, 88, 103, 215, 266, 285
30, 69, 91, 219, 258, 298
31, 58, 87, 209, 254, 297
32, 95, 116, 216, 262, 284
33, 76, 86, 213, 229, 271
34, 56, 89, 166, 218, 280
35, 55, 93, 179, 222, 288
36, 63, 106, 212, 267, 311
37, 77, 117, 188, 231, 290
38, 67, 110, 177, 236, 293
39, 74, 118, 172, 225, 278
40, 65, 115, 186, 251, 315
41, 68, 107, 201, 240, 282
42, 66, 113, 184, 268, 323
43, 73, 114, 185, 238, 289
44, 62, 111, 199, 249, 291
45, 92, 139, 173, 233, 306
46, 82, 134, 170, 252, 318
47, 75, 126, 167, 244, 312
48, 78, 135, 181, 245, 314
49, 71, 128, 176, 246, 322
50, 80, 140, 171, 234, 299
51, 81, 136, 180, 259, 320
52, 85, 137, 194, 265, 324
53, 83, 141, 168, 241, 313
