FLL Scheduler GA Summary Report (ID: 2132037139728 | Hash: 3892519264190024804)

Attributes:
--------------------
rank: 0
origin: (C | RoundTypeCrossover)
mutations: 0
clones: 0
_hash: 3892519264190024804
Length: 318

Fitness:
--------------------------
BreakTime           : 0.31062795876048954
LocationConsistency : 0.0
OpponentVariety     : 0.8754111684107535
-----------------------------------
Total               : 1.186039127171243
Percentage          : 39.53%

Per-Objective Statistics (Team Distribution):
-----------------------------------------------------------------
Objective                 | Min      | Max      | Avg      | Range   
-----------------------------------------------------------------
BreakTime                 | 0.0004   | 0.9193   | 0.5394   | 0.9189  
LocationConsistency       | 0.0417   | 0.6417   | 0.2245   | 0.6000  
OpponentVariety           | 0.7527   | 1.0000   | 0.9953   | 0.2473  

Team fitnesses (sorted by total fitness descending):
----------------------------------------------------
Max     : 2.267338
Min     : 0.794778
Range   : 1.472559
Average : 1.759244

Team |BreakTime |LocationConsistency |OpponentVariety |Sum
------------------------------------------------------------
41   |0.6257    |0.6417              |1.0000          |2.2673
11   |0.6158    |0.6417              |1.0000          |2.2575
1    |0.5895    |0.6417              |1.0000          |2.2312
12   |0.5619    |0.6417              |1.0000          |2.2036
49   |0.9139    |0.2667              |1.0000          |2.1805
51   |0.8672    |0.2667              |1.0000          |2.1338
52   |0.7914    |0.2667              |1.0000          |2.0581
42   |0.6732    |0.3667              |1.0000          |2.0398
43   |0.6673    |0.3500              |1.0000          |2.0173
47   |0.9193    |0.0417              |1.0000          |1.9610
46   |0.9185    |0.0417              |1.0000          |1.9602
9    |0.6005    |0.3500              |1.0000          |1.9505
7    |0.5719    |0.3667              |1.0000          |1.9385
53   |0.8925    |0.0417              |1.0000          |1.9342
48   |0.8630    |0.0667              |1.0000          |1.9297
50   |0.8793    |0.0500              |1.0000          |1.9293
45   |0.8865    |0.0417              |1.0000          |1.9281
6    |0.5474    |0.3667              |1.0000          |1.9141
8    |0.6329    |0.2667              |1.0000          |1.8995
36   |0.6273    |0.2667              |1.0000          |1.8939
5    |0.6216    |0.2667              |1.0000          |1.8883
38   |0.6044    |0.2667              |1.0000          |1.8710
23   |0.6013    |0.2667              |1.0000          |1.8680
44   |0.5936    |0.2667              |1.0000          |1.8603
40   |0.5809    |0.2667              |1.0000          |1.8476
3    |0.5774    |0.2667              |1.0000          |1.8440
17   |0.5758    |0.2667              |1.0000          |1.8424
4    |0.5640    |0.2667              |1.0000          |1.8307
34   |0.5133    |0.2667              |1.0000          |1.7800
19   |0.5082    |0.2667              |1.0000          |1.7749
31   |0.5002    |0.2667              |1.0000          |1.7669
39   |0.6764    |0.0500              |1.0000          |1.7264
37   |0.6637    |0.0417              |1.0000          |1.7054
2    |0.6485    |0.0417              |1.0000          |1.6902
32   |0.0045    |0.6417              |1.0000          |1.6461
18   |0.5901    |0.0500              |1.0000          |1.6401
13   |0.5920    |0.0417              |1.0000          |1.6336
10   |0.5556    |0.0667              |1.0000          |1.6223
14   |0.5543    |0.0667              |1.0000          |1.6210
33   |0.5515    |0.0667              |1.0000          |1.6181
16   |0.5389    |0.0750              |1.0000          |1.6139
27   |0.5616    |0.0500              |1.0000          |1.6116
25   |0.5397    |0.0500              |1.0000          |1.5897
15   |0.5379    |0.0500              |1.0000          |1.5879
26   |0.4972    |0.0417              |1.0000          |1.5389
29   |0.0488    |0.3667              |1.0000          |1.4154
28   |0.0475    |0.3500              |1.0000          |1.3975
22   |0.0454    |0.2667              |1.0000          |1.3121
21   |0.0004    |0.2667              |1.0000          |1.2671
30   |0.0004    |0.2667              |1.0000          |1.2671
20   |0.0465    |0.0500              |1.0000          |1.0965
35   |0.0004    |0.0417              |1.0000          |1.0421
24   |0.0004    |0.0417              |0.7527          |0.7948

Team Events (sorted, for dev use, diff check with others to ensure truly different schedules created):
------------------------------------------------------------
0, 99, 143, 182, 235, 295
1, 105, 163, 178, 224, 286
2, 103, 154, 209, 255, 310
3, 95, 147, 211, 277, 318
4, 94, 157, 189, 242, 303
5, 101, 149, 205, 249, 292
6, 97, 145, 191, 243, 297
7, 102, 153, 175, 238, 301
8, 98, 152, 186, 226, 287
9, 124, 156, 192, 247, 309
10, 119, 158, 183, 254, 322
11, 115, 164, 203, 252, 302
12, 122, 160, 174, 223, 283
13, 121, 161, 195, 236, 279
14, 120, 151, 198, 268, 308
15, 118, 155, 212, 276, 324
16, 127, 162, 194, 262, 305
17, 123, 165, 190, 260, 316
18, 59, 146, 204, 259, 294
19, 77, 144, 220, 267, 307
20, 72, 138, 202, 214, 275
21, 79, 142, 196, 231, 273
23, 60, 159, 167, 221, 274
24, 83, 130, 213, 228, 271
25, 57, 150, 200, 250, 304
26, 55, 148, 217, 272, 317
27, 56, 91, 169, 218, 281
28, 68, 88, 219, 256, 299
29, 64, 96, 208, 258, 300
30, 100, 110, 216, 269, 284
31, 58, 87, 210, 261, 296
32, 71, 86, 207, 227, 270
33, 61, 93, 179, 222, 289
34, 54, 89, 197, 233, 280
35, 90, 104, 215, 265, 285
36, 70, 111, 188, 230, 290
37, 74, 125, 172, 225, 278
38, 62, 107, 206, 264, 311
39, 67, 114, 184, 263, 320
40, 69, 106, 201, 240, 282
41, 73, 112, 185, 239, 288
42, 65, 113, 187, 248, 313
43, 66, 117, 177, 237, 293
44, 63, 116, 199, 253, 291
45, 92, 139, 173, 232, 306
46, 80, 135, 170, 251, 325
47, 75, 126, 168, 245, 314
48, 78, 134, 181, 244, 312
49, 81, 140, 166, 241, 315
50, 84, 141, 171, 234, 298
51, 85, 137, 180, 257, 323
52, 82, 136, 193, 266, 319
53, 76, 131, 176, 246, 321
