FLL Scheduler GA Summary Report (ID: 2132037133568 | Hash: -2311551454913902231)

Attributes:
--------------------
rank: 0
origin: (C | KPoint(k=1))
mutations: 0
clones: 0
_hash: -2311551454913902231
Length: 318

Fitness:
--------------------------
BreakTime           : 0.31062795876048954
LocationConsistency : 0.0
OpponentVariety     : 0.8754111684107535
-----------------------------------
Total               : 1.186039127171243
Percentage          : 39.53%

Per-Objective Statistics (Team Distribution):
-----------------------------------------------------------------
Objective                 | Min      | Max      | Avg      | Range   
-----------------------------------------------------------------
BreakTime                 | 0.0004   | 0.9193   | 0.5394   | 0.9189  
LocationConsistency       | 0.0417   | 0.6417   | 0.2259   | 0.6000  
OpponentVariety           | 0.7527   | 1.0000   | 0.9953   | 0.2473  

Team fitnesses (sorted by total fitness descending):
----------------------------------------------------
Max     : 2.560213
Min     : 0.794778
Range   : 1.765434
Average : 1.760659

Team |BreakTime |LocationConsistency |OpponentVariety |Sum
------------------------------------------------------------
46   |0.9185    |0.6417              |1.0000          |2.5602
51   |0.8672    |0.6417              |1.0000          |2.5088
43   |0.6257    |0.6417              |1.0000          |2.2673
36   |0.6044    |0.6417              |1.0000          |2.2460
8    |0.5774    |0.6417              |1.0000          |2.2190
49   |0.8925    |0.2667              |1.0000          |2.1592
34   |0.5002    |0.6417              |1.0000          |2.1419
52   |0.7914    |0.2667              |1.0000          |2.0581
53   |0.9139    |0.0500              |1.0000          |1.9639
47   |0.9193    |0.0417              |1.0000          |1.9610
4    |0.5895    |0.3500              |1.0000          |1.9395
50   |0.8793    |0.0500              |1.0000          |1.9293
45   |0.8865    |0.0417              |1.0000          |1.9281
16   |0.5556    |0.3667              |1.0000          |1.9223
1    |0.6485    |0.2667              |1.0000          |1.9152
2    |0.5640    |0.3500              |1.0000          |1.9140
11   |0.5619    |0.3500              |1.0000          |1.9119
48   |0.8630    |0.0417              |1.0000          |1.9047
3    |0.6329    |0.2667              |1.0000          |1.8995
5    |0.6216    |0.2667              |1.0000          |1.8883
18   |0.6158    |0.2667              |1.0000          |1.8825
12   |0.5901    |0.2667              |1.0000          |1.8568
15   |0.5758    |0.2667              |1.0000          |1.8424
7    |0.5719    |0.2667              |1.0000          |1.8385
6    |0.5474    |0.2667              |1.0000          |1.8141
27   |0.5133    |0.2667              |1.0000          |1.7800
26   |0.5082    |0.2667              |1.0000          |1.7749
42   |0.6764    |0.0667              |1.0000          |1.7431
40   |0.6732    |0.0667              |1.0000          |1.7398
38   |0.6673    |0.0500              |1.0000          |1.7173
39   |0.6637    |0.0417              |1.0000          |1.7054
37   |0.6273    |0.0417              |1.0000          |1.6689
24   |0.6013    |0.0417              |1.0000          |1.6430
9    |0.6005    |0.0417              |1.0000          |1.6422
17   |0.5920    |0.0500              |1.0000          |1.6420
44   |0.5936    |0.0417              |1.0000          |1.6353
41   |0.5809    |0.0500              |1.0000          |1.6309
13   |0.5543    |0.0500              |1.0000          |1.6043
30   |0.5616    |0.0417              |1.0000          |1.6032
31   |0.5515    |0.0417              |1.0000          |1.5931
23   |0.5397    |0.0500              |1.0000          |1.5897
14   |0.5389    |0.0500              |1.0000          |1.5889
10   |0.5379    |0.0417              |1.0000          |1.5796
25   |0.4972    |0.0750              |1.0000          |1.5722
21   |0.0454    |0.3500              |1.0000          |1.3954
32   |0.0004    |0.3667              |1.0000          |1.3671
19   |0.0004    |0.3500              |1.0000          |1.3504
28   |0.0488    |0.2667              |1.0000          |1.3154
33   |0.0475    |0.2667              |1.0000          |1.3141
20   |0.0465    |0.2667              |1.0000          |1.3132
29   |0.0045    |0.2667              |1.0000          |1.2711
35   |0.0004    |0.2667              |1.0000          |1.2671
22   |0.0004    |0.0417              |0.7527          |0.7948

Team Events (sorted, for dev use, diff check with others to ensure truly different schedules created):
------------------------------------------------------------
0, 102, 161, 178, 224, 286
1, 100, 147, 211, 277, 325
2, 109, 155, 174, 239, 301
3, 96, 143, 183, 235, 295
4, 101, 150, 189, 243, 303
5, 95, 149, 205, 249, 292
6, 98, 145, 196, 242, 296
7, 108, 153, 209, 260, 310
8, 97, 154, 187, 228, 287
9, 122, 157, 198, 263, 308
10, 115, 164, 203, 251, 302
11, 120, 165, 197, 254, 316
12, 123, 162, 193, 236, 284
13, 125, 152, 212, 276, 319
14, 127, 160, 192, 269, 305
15, 119, 151, 195, 247, 309
16, 121, 163, 175, 223, 280
17, 124, 158, 182, 261, 321
18, 72, 138, 202, 214, 274
19, 70, 144, 221, 264, 307
20, 79, 142, 191, 231, 272
21, 84, 129, 213, 226, 271
22, 57, 156, 200, 253, 304
24, 54, 159, 169, 220, 275
25, 60, 148, 217, 273, 317
26, 59, 146, 204, 259, 294
27, 61, 90, 190, 233, 282
28, 64, 99, 208, 258, 300
29, 76, 86, 207, 229, 270
30, 56, 89, 166, 218, 283
31, 55, 93, 179, 222, 289
32, 94, 110, 216, 262, 279
33, 69, 91, 219, 256, 298
34, 58, 87, 210, 255, 297
35, 88, 103, 215, 266, 278
36, 63, 107, 206, 267, 311
37, 77, 111, 188, 230, 290
38, 67, 116, 177, 237, 293
39, 74, 118, 172, 225, 285
40, 65, 113, 186, 248, 315
41, 68, 106, 201, 240, 281
42, 66, 114, 184, 268, 323
43, 73, 112, 185, 238, 288
44, 62, 117, 199, 250, 291
45, 92, 139, 173, 232, 306
46, 82, 134, 170, 252, 318
47, 75, 126, 167, 244, 312
48, 78, 135, 180, 245, 314
49, 71, 128, 176, 246, 322
50, 80, 140, 171, 234, 299
51, 81, 136, 181, 257, 320
52, 85, 137, 194, 265, 324
53, 83, 141, 168, 241, 313
