FLL Scheduler GA Summary Report (ID: 2132037136928 | Hash: 2417828812884380587)

Attributes:
--------------------
rank: 0
origin: (C | RoundTypeCrossover)
mutations: 0
clones: 0
_hash: 2417828812884380587
Length: 318

Fitness:
--------------------------
BreakTime           : 0.31062795876048954
LocationConsistency : 0.0
OpponentVariety     : 0.8754111684107535
-----------------------------------
Total               : 1.186039127171243
Percentage          : 39.53%

Per-Objective Statistics (Team Distribution):
-----------------------------------------------------------------
Objective                 | Min      | Max      | Avg      | Range   
-----------------------------------------------------------------
BreakTime                 | 0.0004   | 0.9193   | 0.5394   | 0.9189  
LocationConsistency       | 0.0417   | 0.9500   | 0.1829   | 0.9083  
OpponentVariety           | 0.7527   | 1.0000   | 0.9953   | 0.2473  

Team fitnesses (sorted by total fitness descending):
----------------------------------------------------
Max     : 2.623154
Min     : 1.019778
Range   : 1.603376
Average : 1.717578

Team |BreakTime |LocationConsistency |OpponentVariety |Sum
------------------------------------------------------------
40   |0.6732    |0.9500              |1.0000          |2.6232
47   |0.9193    |0.2667              |1.0000          |2.1860
53   |0.9139    |0.2667              |1.0000          |2.1805
50   |0.8793    |0.2667              |1.0000          |2.1460
6    |0.6329    |0.3500              |1.0000          |1.9829
46   |0.9185    |0.0417              |1.0000          |1.9602
38   |0.6044    |0.3500              |1.0000          |1.9544
23   |0.6013    |0.3500              |1.0000          |1.9513
4    |0.5895    |0.3500              |1.0000          |1.9395
48   |0.8630    |0.0750              |1.0000          |1.9380
49   |0.8925    |0.0417              |1.0000          |1.9342
44   |0.6637    |0.2667              |1.0000          |1.9304
45   |0.8865    |0.0417              |1.0000          |1.9281
51   |0.8672    |0.0500              |1.0000          |1.9172
1    |0.6485    |0.2667              |1.0000          |1.9152
41   |0.6257    |0.2667              |1.0000          |1.8923
18   |0.5389    |0.3500              |1.0000          |1.8889
3    |0.6216    |0.2667              |1.0000          |1.8883
11   |0.6158    |0.2667              |1.0000          |1.8825
39   |0.5936    |0.2667              |1.0000          |1.8603
15   |0.5901    |0.2667              |1.0000          |1.8568
17   |0.5758    |0.2667              |1.0000          |1.8424
5    |0.5719    |0.2667              |1.0000          |1.8385
52   |0.7914    |0.0417              |1.0000          |1.8331
10   |0.5556    |0.2667              |1.0000          |1.8223
32   |0.5515    |0.2667              |1.0000          |1.8181
7    |0.5474    |0.2667              |1.0000          |1.8141
24   |0.5397    |0.2667              |1.0000          |1.8064
37   |0.6764    |0.0500              |1.0000          |1.7264
42   |0.6673    |0.0500              |1.0000          |1.7173
36   |0.6273    |0.0417              |1.0000          |1.6689
9    |0.6005    |0.0417              |1.0000          |1.6422
13   |0.5920    |0.0417              |1.0000          |1.6336
43   |0.5809    |0.0500              |1.0000          |1.6309
8    |0.5774    |0.0417              |1.0000          |1.6190
2    |0.5640    |0.0417              |1.0000          |1.6057
14   |0.5543    |0.0500              |1.0000          |1.6043
12   |0.5619    |0.0417              |1.0000          |1.6036
27   |0.5616    |0.0417              |1.0000          |1.6032
16   |0.5379    |0.0417              |1.0000          |1.5796
25   |0.4972    |0.0667              |1.0000          |1.5639
35   |0.5133    |0.0417              |1.0000          |1.5550
21   |0.5082    |0.0417              |1.0000          |1.5499
30   |0.5002    |0.0417              |1.0000          |1.5419
22   |0.0454    |0.3500              |1.0000          |1.3954
28   |0.0045    |0.3500              |1.0000          |1.3545
19   |0.0465    |0.2667              |1.0000          |1.3132
26   |0.0004    |0.2667              |1.0000          |1.2671
34   |0.0488    |0.0500              |1.0000          |1.0988
31   |0.0475    |0.0500              |1.0000          |1.0975
33   |0.0004    |0.0667              |1.0000          |1.0671
29   |0.0004    |0.0417              |1.0000          |1.0421
20   |0.0004    |0.2667              |0.7527          |1.0198

Team Events (sorted, for dev use, diff check with others to ensure truly different schedules created):
------------------------------------------------------------
0, 102, 161, 178, 224, 286
1, 100, 147, 210, 277, 318
2, 101, 150, 189, 242, 308
3, 96, 143, 183, 235, 295
4, 98, 145, 196, 243, 297
5, 109, 155, 175, 239, 301
6, 95, 149, 205, 251, 292
7, 108, 153, 208, 261, 310
8, 97, 154, 187, 228, 287
9, 118, 151, 195, 253, 302
10, 125, 158, 182, 260, 322
11, 112, 164, 203, 247, 309
12, 121, 163, 174, 223, 280
13, 123, 162, 192, 236, 284
14, 120, 165, 197, 255, 316
15, 122, 157, 198, 268, 303
16, 126, 160, 193, 262, 306
17, 124, 152, 213, 276, 324
18, 71, 144, 214, 266, 304
19, 85, 130, 212, 226, 271
20, 59, 146, 204, 256, 294
22, 79, 142, 191, 231, 272
23, 54, 159, 170, 215, 274
24, 57, 156, 200, 249, 307
25, 60, 148, 218, 273, 317
26, 73, 138, 202, 220, 275
27, 56, 90, 172, 217, 283
28, 76, 93, 206, 229, 270
29, 91, 103, 221, 264, 278
30, 58, 92, 211, 254, 296
31, 69, 89, 216, 258, 298
32, 55, 86, 179, 222, 289
33, 94, 110, 219, 269, 279
34, 64, 99, 209, 257, 300
35, 61, 88, 190, 233, 282
36, 77, 111, 188, 230, 290
37, 66, 113, 184, 263, 320
38, 63, 106, 207, 265, 311
39, 62, 117, 199, 246, 291
40, 65, 114, 186, 250, 313
41, 72, 115, 185, 238, 288
42, 67, 116, 177, 237, 293
43, 68, 107, 201, 240, 281
44, 75, 119, 167, 225, 285
45, 87, 139, 166, 232, 305
46, 82, 135, 169, 248, 325
47, 74, 131, 173, 244, 315
48, 78, 134, 181, 245, 312
49, 70, 127, 176, 252, 321
50, 80, 140, 168, 234, 299
51, 81, 136, 180, 259, 323
52, 84, 137, 194, 267, 319
53, 83, 141, 171, 241, 314
