FLL Scheduler GA Summary Report (ID: 2132111947280 | Hash: 1484359947531765344)

Attributes:
--------------------
rank: 0
origin: (C | TimeSlotCrossover)
mutations: 0
clones: 0
_hash: 1484359947531765344
Length: 318

Fitness:
--------------------------
BreakTime           : 0.31062795876048954
LocationConsistency : 0.0
OpponentVariety     : 0.8754111684107535
-----------------------------------
Total               : 1.186039127171243
Percentage          : 39.53%

Per-Objective Statistics (Team Distribution):
-----------------------------------------------------------------
Objective                 | Min      | Max      | Avg      | Range   
-----------------------------------------------------------------
BreakTime                 | 0.0004   | 0.9193   | 0.5394   | 0.9189  
LocationConsistency       | 0.0417   | 0.6417   | 0.2075   | 0.6000  
OpponentVariety           | 0.7527   | 1.0000   | 0.9953   | 0.2473  

Team fitnesses (sorted by total fitness descending):
----------------------------------------------------
Max     : 2.560979
Min     : 0.794778
Range   : 1.766201
Average : 1.742263

Team |BreakTime |LocationConsistency |OpponentVariety |Sum
------------------------------------------------------------
47   |0.9193    |0.6417              |1.0000          |2.5610
45   |0.8865    |0.6417              |1.0000          |2.5281
15   |0.5619    |0.6417              |1.0000          |2.2036
53   |0.8925    |0.2667              |1.0000          |2.1592
50   |0.8793    |0.2667              |1.0000          |2.1460
52   |0.7914    |0.3500              |1.0000          |2.1414
51   |0.8672    |0.2667              |1.0000          |2.1338
48   |0.8630    |0.2667              |1.0000          |2.1297
42   |0.6732    |0.3667              |1.0000          |2.0398
36   |0.6273    |0.3500              |1.0000          |1.9773
23   |0.6013    |0.3667              |1.0000          |1.9680
12   |0.6158    |0.3500              |1.0000          |1.9658
46   |0.9185    |0.0417              |1.0000          |1.9602
49   |0.9139    |0.0417              |1.0000          |1.9555
16   |0.5901    |0.3500              |1.0000          |1.9401
43   |0.6673    |0.2667              |1.0000          |1.9339
37   |0.6637    |0.2667              |1.0000          |1.9304
8    |0.6329    |0.2667              |1.0000          |1.8995
41   |0.6257    |0.2667              |1.0000          |1.8923
25   |0.5397    |0.3500              |1.0000          |1.8897
38   |0.6044    |0.2667              |1.0000          |1.8710
40   |0.5809    |0.2667              |1.0000          |1.8476
3    |0.5774    |0.2667              |1.0000          |1.8440
32   |0.5616    |0.2667              |1.0000          |1.8282
35   |0.5515    |0.2667              |1.0000          |1.8181
39   |0.6764    |0.0750              |1.0000          |1.7514
2    |0.6485    |0.0417              |1.0000          |1.6902
5    |0.6216    |0.0667              |1.0000          |1.6883
9    |0.6005    |0.0750              |1.0000          |1.6755
21   |0.0004    |0.6417              |1.0000          |1.6421
1    |0.5895    |0.0500              |1.0000          |1.6395
7    |0.5719    |0.0667              |1.0000          |1.6385
44   |0.5936    |0.0417              |1.0000          |1.6353
14   |0.5920    |0.0417              |1.0000          |1.6336
13   |0.5543    |0.0750              |1.0000          |1.6293
11   |0.5758    |0.0500              |1.0000          |1.6258
10   |0.5556    |0.0667              |1.0000          |1.6223
6    |0.5474    |0.0667              |1.0000          |1.6141
17   |0.5389    |0.0750              |1.0000          |1.6139
4    |0.5640    |0.0417              |1.0000          |1.6057
18   |0.5379    |0.0500              |1.0000          |1.5879
27   |0.5133    |0.0417              |1.0000          |1.5550
19   |0.5082    |0.0417              |1.0000          |1.5499
29   |0.5002    |0.0417              |1.0000          |1.5419
26   |0.4972    |0.0417              |1.0000          |1.5389
20   |0.0465    |0.3500              |1.0000          |1.3965
34   |0.0488    |0.2667              |1.0000          |1.3154
22   |0.0454    |0.2667              |1.0000          |1.3121
30   |0.0045    |0.2667              |1.0000          |1.2711
31   |0.0475    |0.0500              |1.0000          |1.0975
28   |0.0004    |0.0667              |1.0000          |1.0671
33   |0.0004    |0.0417              |1.0000          |1.0421
24   |0.0004    |0.0417              |0.7527          |0.7948

Team Events (sorted, for dev use, diff check with others to ensure truly different schedules created):
------------------------------------------------------------
0, 97, 148, 183, 232, 295
1, 105, 163, 178, 224, 286
2, 103, 154, 209, 255, 310
3, 100, 144, 211, 277, 318
4, 101, 157, 188, 242, 303
5, 94, 142, 205, 249, 292
6, 98, 146, 196, 243, 297
7, 102, 153, 175, 238, 301
8, 96, 152, 186, 226, 287
9, 124, 156, 195, 247, 309
10, 132, 162, 193, 262, 305
11, 119, 158, 182, 254, 322
12, 121, 161, 192, 231, 279
13, 122, 160, 174, 223, 283
14, 115, 164, 203, 252, 302
15, 123, 165, 197, 260, 316
16, 118, 155, 212, 276, 324
17, 120, 151, 198, 268, 308
18, 56, 145, 204, 259, 294
19, 70, 147, 220, 267, 307
20, 75, 138, 202, 214, 275
21, 84, 149, 191, 236, 273
23, 55, 159, 167, 221, 274
24, 78, 129, 213, 228, 271
25, 58, 150, 200, 250, 304
26, 60, 143, 217, 272, 317
27, 61, 91, 190, 234, 281
28, 88, 104, 215, 265, 285
29, 57, 87, 210, 261, 296
30, 76, 86, 207, 227, 270
31, 69, 90, 219, 256, 299
32, 59, 89, 169, 218, 280
33, 95, 110, 216, 269, 284
34, 64, 99, 208, 258, 300
35, 54, 92, 179, 222, 289
36, 77, 111, 189, 237, 290
37, 73, 125, 172, 225, 278
38, 63, 107, 206, 264, 311
39, 66, 114, 184, 263, 320
40, 68, 106, 201, 240, 282
41, 74, 112, 185, 239, 288
42, 65, 113, 187, 248, 313
43, 67, 117, 177, 230, 293
44, 62, 116, 199, 253, 291
45, 93, 139, 173, 235, 306
46, 81, 135, 170, 251, 325
47, 72, 133, 168, 245, 314
48, 85, 134, 181, 244, 312
49, 80, 140, 166, 241, 315
50, 83, 141, 171, 233, 298
51, 82, 137, 180, 257, 323
52, 79, 136, 194, 266, 319
53, 71, 128, 176, 246, 321
