FLL Scheduler GA Summary Report (ID: 2132126150752 | Hash: -822448342119110329)

Attributes:
--------------------
rank: 0
origin: (C | TimeSlotCrossover)
mutations: 0
clones: 0
_hash: -822448342119110329
Length: 318

Fitness:
--------------------------
BreakTime           : 0.31062795876048954
LocationConsistency : 0.0
OpponentVariety     : 0.8754111684107535
-----------------------------------
Total               : 1.186039127171243
Percentage          : 39.53%

Per-Objective Statistics (Team Distribution):
-----------------------------------------------------------------
Objective                 | Min      | Max      | Avg      | Range   
-----------------------------------------------------------------
BreakTime                 | 0.0004   | 0.9193   | 0.5394   | 0.9189  
LocationConsistency       | 0.0417   | 0.9500   | 0.2096   | 0.9083  
OpponentVariety           | 0.7527   | 1.0000   | 0.9953   | 0.2473  

Team fitnesses (sorted by total fitness descending):
----------------------------------------------------
Max     : 2.836467
Min     : 1.042085
Range   : 1.794382
Average : 1.744307

Team |BreakTime |LocationConsistency |OpponentVariety |Sum
------------------------------------------------------------
45   |0.8865    |0.9500              |1.0000          |2.8365
44   |0.5936    |0.6417              |1.0000          |2.2353
48   |0.8630    |0.3667              |1.0000          |2.2297
52   |0.9185    |0.2667              |1.0000          |2.1852
53   |0.9139    |0.2667              |1.0000          |2.1805
49   |0.8925    |0.2667              |1.0000          |2.1592
42   |0.6732    |0.3500              |1.0000          |2.0232
41   |0.6673    |0.3500              |1.0000          |2.0173
1    |0.6485    |0.3667              |1.0000          |2.0152
5    |0.6329    |0.3500              |1.0000          |1.9829
2    |0.6216    |0.3500              |1.0000          |1.9716
47   |0.9193    |0.0500              |1.0000          |1.9693
36   |0.6764    |0.2667              |1.0000          |1.9431
17   |0.5901    |0.3500              |1.0000          |1.9401
50   |0.8793    |0.0500              |1.0000          |1.9293
51   |0.8672    |0.0500              |1.0000          |1.9172
40   |0.6257    |0.2667              |1.0000          |1.8923
24   |0.5397    |0.3500              |1.0000          |1.8897
15   |0.6158    |0.2667              |1.0000          |1.8825
43   |0.6044    |0.2667              |1.0000          |1.8710
20   |0.6013    |0.2667              |1.0000          |1.8680
7    |0.5774    |0.2667              |1.0000          |1.8440
18   |0.5758    |0.2667              |1.0000          |1.8424
46   |0.7914    |0.0417              |1.0000          |1.8331
14   |0.5543    |0.2667              |1.0000          |1.8210
3    |0.5474    |0.2667              |1.0000          |1.8141
13   |0.5379    |0.2667              |1.0000          |1.8046
39   |0.6637    |0.0500              |1.0000          |1.7137
37   |0.6273    |0.0417              |1.0000          |1.6689
6    |0.6005    |0.0500              |1.0000          |1.6505
9    |0.5719    |0.0667              |1.0000          |1.6385
10   |0.5920    |0.0417              |1.0000          |1.6336
8    |0.5895    |0.0417              |1.0000          |1.6312
38   |0.5809    |0.0500              |1.0000          |1.6309
11   |0.5556    |0.0750              |1.0000          |1.6306
34   |0.5616    |0.0667              |1.0000          |1.6282
12   |0.5619    |0.0500              |1.0000          |1.6119
4    |0.5640    |0.0417              |1.0000          |1.6057
35   |0.5515    |0.0417              |1.0000          |1.5931
16   |0.5389    |0.0500              |1.0000          |1.5889
19   |0.5082    |0.0750              |1.0000          |1.5832
23   |0.4972    |0.0667              |1.0000          |1.5639
30   |0.5133    |0.0500              |1.0000          |1.5633
32   |0.5002    |0.0417              |1.0000          |1.5419
26   |0.0454    |0.3667              |1.0000          |1.4121
27   |0.0475    |0.3500              |1.0000          |1.3975
33   |0.0045    |0.3500              |1.0000          |1.3545
21   |0.0465    |0.2667              |1.0000          |1.3132
25   |0.0004    |0.2667              |1.0000          |1.2671
29   |0.0488    |0.0667              |1.0000          |1.1154
22   |0.0004    |0.3500              |0.7527          |1.1031
28   |0.0004    |0.0667              |1.0000          |1.0671
31   |0.0004    |0.0417              |1.0000          |1.0421

Team Events (sorted, for dev use, diff check with others to ensure truly different schedules created):
------------------------------------------------------------
0, 105, 161, 177, 224, 293
1, 94, 156, 182, 241, 302
2, 100, 149, 205, 250, 287
3, 95, 146, 208, 277, 318
4, 102, 152, 180, 244, 294
5, 98, 153, 184, 228, 292
6, 103, 154, 211, 254, 311
7, 99, 142, 188, 232, 301
8, 97, 145, 196, 240, 298
9, 122, 163, 181, 223, 280
10, 125, 157, 195, 252, 308
11, 113, 164, 203, 247, 303
12, 120, 150, 198, 263, 309
13, 121, 162, 193, 231, 284
14, 119, 158, 189, 255, 322
15, 118, 155, 207, 276, 324
16, 123, 165, 197, 261, 316
17, 127, 160, 192, 269, 305
18, 59, 147, 204, 256, 300
19, 54, 159, 168, 215, 274
20, 77, 144, 214, 264, 306
21, 85, 130, 206, 226, 270
22, 60, 148, 218, 272, 317
24, 57, 151, 200, 249, 304
25, 72, 138, 202, 220, 275
26, 79, 143, 191, 236, 273
27, 69, 90, 216, 258, 296
28, 101, 117, 219, 262, 279
29, 64, 96, 210, 257, 295
30, 61, 91, 190, 234, 282
31, 89, 104, 221, 266, 278
32, 58, 87, 209, 260, 299
33, 71, 86, 213, 229, 271
34, 56, 88, 166, 217, 283
35, 55, 93, 176, 222, 290
36, 66, 112, 187, 268, 320
37, 70, 116, 183, 237, 288
38, 68, 106, 201, 243, 281
39, 74, 124, 173, 225, 285
40, 73, 115, 186, 245, 291
41, 67, 110, 178, 230, 286
42, 65, 114, 185, 251, 313
43, 63, 107, 212, 267, 310
44, 62, 111, 199, 246, 289
45, 92, 139, 172, 235, 307
46, 84, 136, 194, 265, 319
47, 75, 126, 167, 239, 314
48, 78, 134, 175, 238, 312
49, 76, 131, 179, 253, 321
50, 83, 141, 170, 233, 297
51, 82, 137, 174, 259, 323
52, 80, 135, 171, 248, 325
53, 81, 140, 169, 242, 315
