FLL Scheduler GA Summary Report (ID: 2132037133120 | Hash: 5164374023782160386)

Attributes:
--------------------
rank: 0
origin: (C | KPoint(k=2))
mutations: 0
clones: 0
_hash: 5164374023782160386
Length: 318

Fitness:
--------------------------
BreakTime           : 0.31062795876048954
LocationConsistency : 0.0
OpponentVariety     : 0.8754111684107535
-----------------------------------
Total               : 1.186039127171243
Percentage          : 39.53%

Per-Objective Statistics (Team Distribution):
-----------------------------------------------------------------
Objective                 | Min      | Max      | Avg      | Range   
-----------------------------------------------------------------
BreakTime                 | 0.0004   | 0.9193   | 0.5394   | 0.9189  
LocationConsistency       | 0.0417   | 0.6417   | 0.1959   | 0.6000  
OpponentVariety           | 0.7527   | 1.0000   | 0.9953   | 0.2473  

Team fitnesses (sorted by total fitness descending):
----------------------------------------------------
Max     : 2.267338
Min     : 1.019778
Range   : 1.247559
Average : 1.730628

Team |BreakTime |LocationConsistency |OpponentVariety |Sum
------------------------------------------------------------
44   |0.6257    |0.6417              |1.0000          |2.2673
51   |0.9139    |0.3500              |1.0000          |2.2639
50   |0.8865    |0.3500              |1.0000          |2.2365
46   |0.9193    |0.2667              |1.0000          |2.1860
48   |0.8793    |0.2667              |1.0000          |2.1460
49   |0.8630    |0.2667              |1.0000          |2.1297
13   |0.6158    |0.3667              |1.0000          |1.9825
47   |0.9185    |0.0417              |1.0000          |1.9602
52   |0.8925    |0.0417              |1.0000          |1.9342
38   |0.6673    |0.2667              |1.0000          |1.9339
53   |0.8672    |0.0667              |1.0000          |1.9338
41   |0.5809    |0.3500              |1.0000          |1.9309
14   |0.5543    |0.3500              |1.0000          |1.9043
2    |0.6216    |0.2667              |1.0000          |1.8883
36   |0.6044    |0.2667              |1.0000          |1.8710
12   |0.5901    |0.2667              |1.0000          |1.8568
8    |0.5895    |0.2667              |1.0000          |1.8562
1    |0.5774    |0.2667              |1.0000          |1.8440
15   |0.5758    |0.2667              |1.0000          |1.8424
9    |0.5719    |0.2667              |1.0000          |1.8385
45   |0.7914    |0.0417              |1.0000          |1.8331
4    |0.5640    |0.2667              |1.0000          |1.8307
17   |0.5619    |0.2667              |1.0000          |1.8286
33   |0.5616    |0.2667              |1.0000          |1.8282
16   |0.5556    |0.2667              |1.0000          |1.8223
21   |0.5397    |0.2667              |1.0000          |1.8064
11   |0.5379    |0.2667              |1.0000          |1.8046
20   |0.5082    |0.2667              |1.0000          |1.7749
26   |0.4972    |0.2667              |1.0000          |1.7639
42   |0.6764    |0.0750              |1.0000          |1.7514
40   |0.6732    |0.0750              |1.0000          |1.7482
7    |0.6485    |0.0667              |1.0000          |1.7152
43   |0.6637    |0.0417              |1.0000          |1.7054
37   |0.6273    |0.0500              |1.0000          |1.6773
5    |0.6329    |0.0417              |1.0000          |1.6745
18   |0.5920    |0.0667              |1.0000          |1.6586
24   |0.6013    |0.0500              |1.0000          |1.6513
29   |0.0045    |0.6417              |1.0000          |1.6461
39   |0.5936    |0.0500              |1.0000          |1.6436
6    |0.6005    |0.0417              |1.0000          |1.6422
35   |0.5515    |0.0667              |1.0000          |1.6181
10   |0.5389    |0.0750              |1.0000          |1.6139
3    |0.5474    |0.0417              |1.0000          |1.5891
30   |0.5133    |0.0417              |1.0000          |1.5550
28   |0.5002    |0.0417              |1.0000          |1.5419
31   |0.0004    |0.3667              |1.0000          |1.3671
27   |0.0004    |0.3500              |1.0000          |1.3504
23   |0.0454    |0.0750              |1.0000          |1.1204
34   |0.0488    |0.0500              |1.0000          |1.0988
32   |0.0475    |0.0500              |1.0000          |1.0975
22   |0.0465    |0.0500              |1.0000          |1.0965
19   |0.0004    |0.0417              |1.0000          |1.0421
25   |0.0004    |0.2667              |0.7527          |1.0198

Team Events (sorted, for dev use, diff check with others to ensure truly different schedules created):
------------------------------------------------------------
0, 103, 154, 208, 260, 311
1, 101, 151, 188, 241, 303
2, 95, 149, 198, 249, 292
3, 100, 147, 211, 277, 318
4, 102, 152, 175, 244, 301
5, 96, 153, 187, 226, 287
6, 105, 161, 178, 224, 286
7, 97, 143, 182, 232, 295
8, 98, 145, 191, 240, 297
9, 118, 155, 212, 276, 324
10, 120, 157, 204, 263, 309
11, 123, 165, 190, 255, 317
12, 119, 159, 183, 261, 322
13, 121, 163, 195, 231, 279
14, 127, 160, 194, 269, 304
15, 124, 150, 192, 247, 308
16, 115, 164, 200, 252, 302
17, 122, 162, 174, 223, 283
18, 72, 138, 201, 220, 275
19, 56, 146, 199, 256, 294
20, 58, 156, 203, 250, 305
21, 77, 144, 214, 266, 306
22, 78, 142, 196, 236, 273
23, 60, 158, 170, 215, 274
24, 85, 130, 213, 228, 270
26, 55, 148, 218, 272, 316
27, 89, 104, 221, 265, 285
28, 57, 87, 210, 254, 296
29, 71, 86, 206, 227, 271
30, 54, 91, 197, 234, 281
31, 94, 110, 219, 262, 284
32, 68, 90, 216, 259, 299
33, 59, 88, 172, 217, 280
34, 64, 99, 209, 257, 300
35, 61, 93, 179, 222, 289
36, 63, 107, 207, 264, 310
37, 70, 111, 189, 237, 290
38, 67, 117, 177, 230, 293
39, 62, 116, 205, 253, 291
40, 65, 113, 186, 248, 312
41, 69, 106, 202, 243, 282
42, 66, 114, 184, 268, 320
43, 74, 125, 167, 225, 278
44, 73, 112, 185, 245, 288
45, 84, 136, 193, 267, 319
46, 75, 126, 173, 239, 315
47, 82, 135, 169, 251, 325
48, 80, 141, 168, 233, 298
49, 79, 134, 181, 238, 313
50, 92, 139, 166, 235, 307
51, 83, 140, 171, 242, 314
52, 76, 131, 176, 246, 321
53, 81, 137, 180, 258, 323
