FLL Scheduler GA Summary Report (ID: 2132111936304 | Hash: -6812673541937559606)

Attributes:
--------------------
rank: 0
origin: (C | KPoint(k=2))
mutations: 0
clones: 0
_hash: -6812673541937559606
Length: 318

Fitness:
--------------------------
BreakTime           : 0.31062795876048954
LocationConsistency : 0.0
OpponentVariety     : 0.8754111684107535
-----------------------------------
Total               : 1.186039127171243
Percentage          : 39.53%

Per-Objective Statistics (Team Distribution):
-----------------------------------------------------------------
Objective                 | Min      | Max      | Avg      | Range   
-----------------------------------------------------------------
BreakTime                 | 0.0004   | 0.9193   | 0.5394   | 0.9189  
LocationConsistency       | 0.0417   | 0.9500   | 0.2266   | 0.9083  
OpponentVariety           | 0.7527   | 1.0000   | 0.9953   | 0.2473  

Team fitnesses (sorted by total fitness descending):
----------------------------------------------------
Max     : 2.269312
Min     : 1.050405
Range   : 1.218908
Average : 1.761288

Team |BreakTime |LocationConsistency |OpponentVariety |Sum
------------------------------------------------------------
51   |0.9193    |0.3500              |1.0000          |2.2693
10   |0.6158    |0.6417              |1.0000          |2.2575
4    |0.5895    |0.6417              |1.0000          |2.2312
50   |0.8630    |0.3500              |1.0000          |2.2130
52   |0.9185    |0.2667              |1.0000          |2.1852
45   |0.8865    |0.2667              |1.0000          |2.1531
46   |0.7914    |0.3500              |1.0000          |2.1414
43   |0.6257    |0.3500              |1.0000          |1.9757
53   |0.9139    |0.0500              |1.0000          |1.9639
36   |0.6044    |0.3500              |1.0000          |1.9544
25   |0.6013    |0.3500              |1.0000          |1.9513
49   |0.8925    |0.0417              |1.0000          |1.9342
38   |0.6673    |0.2667              |1.0000          |1.9339
48   |0.8793    |0.0500              |1.0000          |1.9293
16   |0.5556    |0.3667              |1.0000          |1.9223
47   |0.8672    |0.0500              |1.0000          |1.9172
32   |0.5616    |0.3500              |1.0000          |1.9116
18   |0.5543    |0.3500              |1.0000          |1.9043
6    |0.5474    |0.3500              |1.0000          |1.8974
37   |0.6273    |0.2667              |1.0000          |1.8939
19   |0.5397    |0.3500              |1.0000          |1.8897
15   |0.5389    |0.3500              |1.0000          |1.8889
5    |0.6216    |0.2667              |1.0000          |1.8883
40   |0.5936    |0.2667              |1.0000          |1.8603
12   |0.5901    |0.2667              |1.0000          |1.8568
17   |0.5619    |0.2667              |1.0000          |1.8286
31   |0.5515    |0.2667              |1.0000          |1.8181
11   |0.5379    |0.2667              |1.0000          |1.8046
27   |0.5133    |0.2667              |1.0000          |1.7800
42   |0.6764    |0.0667              |1.0000          |1.7431
44   |0.6732    |0.0667              |1.0000          |1.7398
39   |0.6637    |0.0417              |1.0000          |1.7054
22   |0.0004    |0.9500              |0.7527          |1.7031
1    |0.6485    |0.0417              |1.0000          |1.6902
21   |0.0465    |0.6417              |1.0000          |1.6882
3    |0.6329    |0.0500              |1.0000          |1.6829
7    |0.6005    |0.0417              |1.0000          |1.6422
9    |0.5719    |0.0667              |1.0000          |1.6385
13   |0.5920    |0.0417              |1.0000          |1.6336
41   |0.5809    |0.0500              |1.0000          |1.6309
8    |0.5774    |0.0417              |1.0000          |1.6190
14   |0.5758    |0.0417              |1.0000          |1.6174
2    |0.5640    |0.0417              |1.0000          |1.6057
20   |0.5082    |0.0417              |1.0000          |1.5499
34   |0.5002    |0.0417              |1.0000          |1.5419
26   |0.4972    |0.0417              |1.0000          |1.5389
23   |0.0454    |0.3500              |1.0000          |1.3954
28   |0.0488    |0.2667              |1.0000          |1.3154
24   |0.0004    |0.2667              |1.0000          |1.2671
30   |0.0475    |0.0417              |1.0000          |1.0891
29   |0.0045    |0.0500              |1.0000          |1.0545
35   |0.0004    |0.0500              |1.0000          |1.0504
33   |0.0004    |0.0500              |1.0000          |1.0504

Team Events (sorted, for dev use, diff check with others to ensure truly different schedules created):
------------------------------------------------------------
0, 103, 161, 178, 224, 286
1, 100, 145, 208, 277, 318
2, 109, 155, 175, 239, 294
3, 96, 143, 183, 232, 300
4, 101, 156, 189, 241, 303
5, 94, 149, 205, 250, 293
6, 97, 154, 187, 228, 287
7, 108, 153, 211, 254, 317
8, 98, 146, 191, 240, 299
9, 118, 159, 182, 255, 322
10, 122, 150, 198, 269, 308
11, 120, 164, 190, 260, 311
12, 121, 163, 174, 223, 282
13, 132, 160, 194, 263, 305
14, 119, 152, 207, 276, 324
15, 125, 157, 192, 247, 309
16, 115, 165, 203, 252, 302
17, 123, 162, 195, 231, 279
18, 57, 151, 200, 249, 304
19, 58, 144, 204, 257, 301
20, 70, 147, 214, 264, 307
21, 78, 130, 206, 226, 270
22, 84, 142, 196, 236, 273
23, 72, 138, 202, 220, 275
24, 55, 158, 170, 215, 274
25, 61, 148, 218, 272, 310
27, 60, 90, 197, 234, 280
28, 64, 99, 210, 256, 295
29, 76, 86, 213, 229, 271
30, 69, 91, 216, 258, 297
31, 54, 93, 179, 222, 289
32, 56, 89, 173, 217, 281
33, 95, 110, 219, 268, 284
34, 59, 87, 209, 261, 298
35, 88, 102, 221, 266, 285
36, 63, 107, 212, 267, 316
37, 77, 111, 188, 237, 290
38, 67, 116, 177, 230, 292
39, 74, 124, 167, 225, 278
40, 62, 117, 199, 253, 291
41, 68, 106, 201, 243, 283
42, 66, 114, 185, 262, 320
43, 73, 112, 184, 238, 288
44, 65, 113, 186, 251, 312
45, 92, 139, 166, 235, 306
46, 79, 136, 193, 265, 319
47, 82, 137, 180, 259, 323
48, 83, 141, 168, 233, 296
49, 71, 131, 176, 246, 321
50, 85, 135, 181, 245, 313
51, 75, 133, 172, 244, 315
52, 81, 134, 169, 248, 325
53, 80, 140, 171, 242, 314
