FLL Scheduler GA Summary Report (ID: 2132111936752 | Hash: -3250806447783446237)

Attributes:
--------------------
rank: 0
origin: (C | TimeSlotCrossover)
mutations: 0
clones: 0
_hash: -3250806447783446237
Length: 318

Fitness:
--------------------------
BreakTime           : 0.31062795876048954
LocationConsistency : 0.0
OpponentVariety     : 0.8754111684107535
-----------------------------------
Total               : 1.186039127171243
Percentage          : 39.53%

Per-Objective Statistics (Team Distribution):
-----------------------------------------------------------------
Objective                 | Min      | Max      | Avg      | Range   
-----------------------------------------------------------------
BreakTime                 | 0.0004   | 0.9193   | 0.5394   | 0.9189  
LocationConsistency       | 0.0417   | 0.9500   | 0.2443   | 0.9083  
OpponentVariety           | 0.7527   | 1.0000   | 0.9953   | 0.2473  

Team fitnesses (sorted by total fitness descending):
----------------------------------------------------
Max     : 2.741434
Min     : 1.019778
Range   : 1.721655
Average : 1.779056

Team |BreakTime |LocationConsistency |OpponentVariety |Sum
------------------------------------------------------------
52   |0.7914    |0.9500              |1.0000          |2.7414
48   |0.8630    |0.5250              |1.0000          |2.3880
37   |0.6273    |0.6417              |1.0000          |2.2689
46   |0.9185    |0.2667              |1.0000          |2.1852
50   |0.8793    |0.2667              |1.0000          |2.1460
51   |0.8672    |0.2667              |1.0000          |2.1338
10   |0.5556    |0.5250              |1.0000          |2.0806
44   |0.6732    |0.3500              |1.0000          |2.0232
38   |0.6673    |0.3500              |1.0000          |2.0173
19   |0.0465    |0.9500              |1.0000          |1.9965
8    |0.6329    |0.3500              |1.0000          |1.9829
53   |0.9139    |0.0500              |1.0000          |1.9639
47   |0.9193    |0.0417              |1.0000          |1.9610
36   |0.6044    |0.3500              |1.0000          |1.9544
24   |0.6013    |0.3500              |1.0000          |1.9513
2    |0.5895    |0.3500              |1.0000          |1.9395
49   |0.8925    |0.0417              |1.0000          |1.9342
39   |0.6637    |0.2667              |1.0000          |1.9304
45   |0.8865    |0.0417              |1.0000          |1.9281
1    |0.6485    |0.2667              |1.0000          |1.9152
43   |0.6257    |0.2667              |1.0000          |1.8923
11   |0.6158    |0.2667              |1.0000          |1.8825
40   |0.5936    |0.2667              |1.0000          |1.8603
3    |0.5774    |0.2667              |1.0000          |1.8440
7    |0.5719    |0.2667              |1.0000          |1.8385
12   |0.5619    |0.2667              |1.0000          |1.8286
34   |0.5616    |0.2667              |1.0000          |1.8282
35   |0.5515    |0.2667              |1.0000          |1.8181
6    |0.5474    |0.2667              |1.0000          |1.8141
16   |0.5379    |0.2667              |1.0000          |1.8046
30   |0.5133    |0.2667              |1.0000          |1.7800
42   |0.6764    |0.0750              |1.0000          |1.7514
5    |0.6216    |0.0667              |1.0000          |1.6883
9    |0.6005    |0.0417              |1.0000          |1.6422
26   |0.0004    |0.6417              |1.0000          |1.6421
28   |0.0004    |0.6417              |1.0000          |1.6421
13   |0.5920    |0.0417              |1.0000          |1.6336
15   |0.5901    |0.0417              |1.0000          |1.6318
41   |0.5809    |0.0500              |1.0000          |1.6309
14   |0.5543    |0.0750              |1.0000          |1.6293
17   |0.5758    |0.0500              |1.0000          |1.6258
4    |0.5640    |0.0417              |1.0000          |1.6057
18   |0.5389    |0.0500              |1.0000          |1.5889
23   |0.5397    |0.0417              |1.0000          |1.5814
25   |0.4972    |0.0750              |1.0000          |1.5722
22   |0.5082    |0.0417              |1.0000          |1.5499
32   |0.5002    |0.0417              |1.0000          |1.5419
33   |0.0045    |0.3500              |1.0000          |1.3545
31   |0.0488    |0.0500              |1.0000          |1.0988
27   |0.0475    |0.0500              |1.0000          |1.0975
21   |0.0454    |0.0417              |1.0000          |1.0871
29   |0.0004    |0.0417              |1.0000          |1.0421
20   |0.0004    |0.2667              |0.7527          |1.0198

Team Events (sorted, for dev use, diff check with others to ensure truly different schedules created):
------------------------------------------------------------
0, 102, 161, 178, 224, 286
1, 96, 143, 183, 235, 295
2, 108, 154, 208, 260, 310
3, 100, 147, 210, 277, 318
4, 101, 157, 188, 242, 303
5, 95, 149, 205, 249, 292
6, 98, 145, 191, 243, 297
7, 109, 153, 175, 239, 301
8, 97, 152, 186, 228, 287
9, 124, 156, 192, 252, 308
10, 119, 158, 182, 261, 322
11, 115, 164, 203, 247, 302
12, 121, 163, 174, 223, 280
13, 123, 162, 196, 236, 284
14, 120, 165, 190, 255, 316
15, 122, 151, 198, 263, 309
16, 126, 160, 194, 269, 306
17, 118, 155, 213, 276, 324
18, 71, 144, 215, 264, 304
19, 78, 130, 212, 226, 271
20, 84, 142, 195, 231, 272
21, 59, 146, 204, 256, 294
22, 57, 150, 200, 250, 307
24, 54, 159, 170, 214, 274
25, 60, 148, 217, 273, 317
26, 75, 138, 202, 220, 275
27, 69, 89, 219, 259, 298
28, 94, 111, 216, 262, 279
29, 91, 103, 221, 266, 278
30, 61, 88, 197, 233, 282
31, 64, 99, 209, 257, 300
32, 58, 92, 211, 254, 296
33, 76, 93, 206, 229, 270
34, 56, 90, 172, 218, 283
35, 55, 86, 179, 222, 289
36, 63, 106, 207, 267, 311
37, 77, 110, 189, 230, 290
38, 67, 117, 177, 237, 293
39, 72, 125, 167, 225, 285
40, 62, 116, 199, 246, 291
41, 68, 107, 201, 240, 281
42, 66, 114, 184, 268, 320
43, 74, 113, 185, 238, 288
44, 65, 112, 187, 248, 315
45, 87, 139, 166, 232, 305
46, 81, 140, 169, 251, 325
47, 73, 131, 173, 244, 312
48, 85, 141, 181, 245, 314
49, 70, 127, 176, 253, 321
50, 83, 135, 168, 234, 299
51, 82, 136, 180, 258, 323
52, 79, 137, 193, 265, 319
53, 80, 134, 171, 241, 313
