FLL Scheduler GA Summary Report (ID: 2132118895216 | Hash: 1092087391336008216)

Attributes:
--------------------
rank: 0
origin: (C | TimeSlotCrossover)
mutations: 0
clones: 0
_hash: 1092087391336008216
Length: 318

Fitness:
--------------------------
BreakTime           : 0.31062795876048954
LocationConsistency : 0.0
OpponentVariety     : 0.8754111684107535
-----------------------------------
Total               : 1.186039127171243
Percentage          : 39.53%

Per-Objective Statistics (Team Distribution):
-----------------------------------------------------------------
Objective                 | Min      | Max      | Avg      | Range   
-----------------------------------------------------------------
BreakTime                 | 0.0004   | 0.9193   | 0.5394   | 0.9189  
LocationConsistency       | 0.0417   | 0.9500   | 0.2451   | 0.9083  
OpponentVariety           | 0.7527   | 1.0000   | 0.9953   | 0.2473  

Team fitnesses (sorted by total fitness descending):
----------------------------------------------------
Max     : 2.623154
Min     : 0.803112
Range   : 1.820043
Average : 1.779842

Team |BreakTime |LocationConsistency |OpponentVariety |Sum
------------------------------------------------------------
44   |0.6732    |0.9500              |1.0000          |2.6232
46   |0.7914    |0.6417              |1.0000          |2.4331
13   |0.6158    |0.6417              |1.0000          |2.2575
36   |0.6044    |0.6417              |1.0000          |2.2460
53   |0.9139    |0.2667              |1.0000          |2.1805
17   |0.5379    |0.6417              |1.0000          |2.1796
49   |0.8925    |0.2667              |1.0000          |2.1592
45   |0.8865    |0.2667              |1.0000          |2.1531
48   |0.8793    |0.2667              |1.0000          |2.1460
47   |0.8672    |0.2667              |1.0000          |2.1338
42   |0.6764    |0.3500              |1.0000          |2.0264
6    |0.6329    |0.3500              |1.0000          |1.9829
51   |0.9193    |0.0500              |1.0000          |1.9693
52   |0.9185    |0.0417              |1.0000          |1.9602
25   |0.6013    |0.3500              |1.0000          |1.9513
4    |0.5895    |0.3500              |1.0000          |1.9395
34   |0.5616    |0.3667              |1.0000          |1.9282
11   |0.5556    |0.3667              |1.0000          |1.9223
1    |0.6485    |0.2667              |1.0000          |1.9152
50   |0.8630    |0.0500              |1.0000          |1.9130
7    |0.5474    |0.3500              |1.0000          |1.8974
37   |0.6273    |0.2667              |1.0000          |1.8939
20   |0.5397    |0.3500              |1.0000          |1.8897
3    |0.6216    |0.2667              |1.0000          |1.8883
40   |0.5936    |0.2667              |1.0000          |1.8603
10   |0.5920    |0.2667              |1.0000          |1.8586
18   |0.5901    |0.2667              |1.0000          |1.8568
32   |0.5002    |0.3500              |1.0000          |1.8502
41   |0.5809    |0.2667              |1.0000          |1.8476
8    |0.5774    |0.2667              |1.0000          |1.8440
16   |0.5758    |0.2667              |1.0000          |1.8424
27   |0.5133    |0.2667              |1.0000          |1.7800
22   |0.5082    |0.2667              |1.0000          |1.7749
39   |0.6637    |0.0500              |1.0000          |1.7137
38   |0.6673    |0.0417              |1.0000          |1.7089
43   |0.6257    |0.0417              |1.0000          |1.6673
9    |0.6005    |0.0667              |1.0000          |1.6672
5    |0.5719    |0.0500              |1.0000          |1.6219
2    |0.5640    |0.0500              |1.0000          |1.6140
14   |0.5389    |0.0750              |1.0000          |1.6139
15   |0.5543    |0.0500              |1.0000          |1.6043
12   |0.5619    |0.0417              |1.0000          |1.6036
35   |0.5515    |0.0417              |1.0000          |1.5931
26   |0.4972    |0.0667              |1.0000          |1.5639
28   |0.0488    |0.3500              |1.0000          |1.3988
24   |0.0004    |0.3667              |1.0000          |1.3671
19   |0.0465    |0.2667              |1.0000          |1.3132
23   |0.0454    |0.0667              |1.0000          |1.1121
30   |0.0475    |0.0500              |1.0000          |1.0975
29   |0.0004    |0.0667              |1.0000          |1.0671
33   |0.0045    |0.0500              |1.0000          |1.0545
31   |0.0004    |0.0417              |1.0000          |1.0421
21   |0.0004    |0.0500              |0.7527          |0.8031

Team Events (sorted, for dev use, diff check with others to ensure truly different schedules created):
------------------------------------------------------------
0, 102, 161, 178, 224, 286
1, 100, 145, 208, 277, 325
2, 101, 156, 189, 241, 303
3, 97, 143, 183, 232, 295
4, 99, 146, 196, 240, 296
5, 109, 153, 175, 239, 301
6, 94, 149, 205, 250, 293
7, 108, 154, 211, 260, 310
8, 96, 152, 187, 228, 287
9, 121, 163, 174, 223, 283
10, 125, 157, 195, 247, 309
11, 113, 164, 203, 253, 302
12, 122, 158, 182, 261, 322
13, 123, 155, 207, 276, 319
14, 118, 162, 193, 231, 279
15, 132, 160, 192, 269, 305
16, 119, 150, 198, 263, 308
17, 120, 165, 197, 254, 316
18, 71, 147, 214, 264, 307
19, 56, 151, 200, 249, 304
20, 85, 131, 206, 226, 270
21, 59, 144, 204, 259, 294
22, 78, 142, 191, 236, 273
23, 74, 138, 202, 221, 275
24, 54, 159, 170, 215, 274
25, 60, 148, 218, 272, 317
27, 61, 90, 190, 234, 281
28, 67, 98, 210, 258, 300
29, 95, 111, 219, 262, 284
30, 62, 91, 216, 256, 298
31, 88, 103, 220, 266, 285
32, 58, 87, 209, 255, 297
33, 76, 86, 213, 229, 271
34, 57, 89, 173, 217, 280
35, 55, 93, 179, 222, 289
36, 68, 107, 212, 267, 311
37, 77, 110, 188, 237, 290
38, 64, 117, 177, 230, 292
39, 72, 124, 166, 225, 278
40, 69, 116, 199, 252, 291
41, 63, 106, 201, 243, 282
42, 65, 112, 184, 268, 320
43, 75, 114, 185, 238, 288
44, 66, 115, 186, 251, 315
45, 92, 139, 167, 235, 306
46, 84, 137, 194, 265, 324
47, 81, 136, 180, 257, 323
48, 80, 140, 168, 233, 299
49, 70, 130, 176, 246, 321
50, 79, 134, 181, 245, 314
51, 73, 133, 172, 244, 312
52, 82, 135, 169, 248, 318
53, 83, 141, 171, 242, 313
