FLL Scheduler GA Summary Report (ID: 2132118889168 | Hash: 8455415191971458480)

Attributes:
--------------------
rank: 0
origin: (C | KPoint(k=1))
mutations: 0
clones: 0
_hash: 8455415191971458480
Length: 318

Fitness:
--------------------------
BreakTime           : 0.31062795876048954
LocationConsistency : 0.0
OpponentVariety     : 0.8754111684107535
-----------------------------------
Total               : 1.186039127171243
Percentage          : 39.53%

Per-Objective Statistics (Team Distribution):
-----------------------------------------------------------------
Objective                 | Min      | Max      | Avg      | Range   
-----------------------------------------------------------------
BreakTime                 | 0.0004   | 0.9193   | 0.5394   | 0.9189  
LocationConsistency       | 0.0417   | 0.6417   | 0.2299   | 0.6000  
OpponentVariety           | 0.7527   | 1.0000   | 0.9953   | 0.2473  

Team fitnesses (sorted by total fitness descending):
----------------------------------------------------
Max     : 2.528134
Min     : 1.050436
Range   : 1.477698
Average : 1.764590

Team |BreakTime |LocationConsistency |OpponentVariety |Sum
------------------------------------------------------------
45   |0.8865    |0.6417              |1.0000          |2.5281
48   |0.8630    |0.5250              |1.0000          |2.3880
39   |0.6257    |0.6417              |1.0000          |2.2673
51   |0.9185    |0.2667              |1.0000          |2.1852
53   |0.9139    |0.2667              |1.0000          |2.1805
49   |0.8925    |0.2667              |1.0000          |2.1592
50   |0.8793    |0.2667              |1.0000          |2.1460
38   |0.6764    |0.3500              |1.0000          |2.0264
41   |0.6732    |0.3500              |1.0000          |2.0232
43   |0.6673    |0.3500              |1.0000          |2.0173
5    |0.6329    |0.3500              |1.0000          |1.9829
2    |0.6216    |0.3500              |1.0000          |1.9716
47   |0.9193    |0.0500              |1.0000          |1.9693
20   |0.6013    |0.3500              |1.0000          |1.9513
6    |0.6005    |0.3500              |1.0000          |1.9505
9    |0.5719    |0.3667              |1.0000          |1.9385
1    |0.6485    |0.2667              |1.0000          |1.9152
52   |0.8672    |0.0417              |1.0000          |1.9088
17   |0.5389    |0.3500              |1.0000          |1.8889
15   |0.6158    |0.2667              |1.0000          |1.8825
42   |0.6044    |0.2667              |1.0000          |1.8710
28   |0.5133    |0.3500              |1.0000          |1.8633
44   |0.5936    |0.2667              |1.0000          |1.8603
18   |0.5901    |0.2667              |1.0000          |1.8568
36   |0.5809    |0.2667              |1.0000          |1.8476
16   |0.5758    |0.2667              |1.0000          |1.8424
46   |0.7914    |0.0417              |1.0000          |1.8331
4    |0.5640    |0.2667              |1.0000          |1.8307
31   |0.5616    |0.2667              |1.0000          |1.8282
14   |0.5543    |0.2667              |1.0000          |1.8210
19   |0.5082    |0.2667              |1.0000          |1.7749
37   |0.6637    |0.0500              |1.0000          |1.7137
40   |0.6273    |0.0500              |1.0000          |1.6773
8    |0.5895    |0.0500              |1.0000          |1.6395
10   |0.5920    |0.0417              |1.0000          |1.6336
11   |0.5556    |0.0667              |1.0000          |1.6223
7    |0.5774    |0.0417              |1.0000          |1.6190
12   |0.5619    |0.0417              |1.0000          |1.6036
29   |0.5515    |0.0417              |1.0000          |1.5931
3    |0.5474    |0.0417              |1.0000          |1.5891
13   |0.5379    |0.0500              |1.0000          |1.5879
26   |0.5397    |0.0417              |1.0000          |1.5814
25   |0.4972    |0.0500              |1.0000          |1.5472
33   |0.5002    |0.0417              |1.0000          |1.5419
23   |0.0454    |0.3667              |1.0000          |1.4121
22   |0.0004    |0.6417              |0.7527          |1.3948
35   |0.0045    |0.3500              |1.0000          |1.3545
21   |0.0465    |0.2667              |1.0000          |1.3132
32   |0.0004    |0.2667              |1.0000          |1.2671
34   |0.0488    |0.0667              |1.0000          |1.1154
27   |0.0475    |0.0417              |1.0000          |1.0891
30   |0.0004    |0.0667              |1.0000          |1.0671
24   |0.0004    |0.0500              |1.0000          |1.0504

Team Events (sorted, for dev use, diff check with others to ensure truly different schedules created):
------------------------------------------------------------
0, 103, 161, 177, 224, 293
1, 94, 156, 188, 241, 308
2, 100, 149, 198, 250, 287
3, 95, 146, 211, 271, 318
4, 109, 152, 180, 244, 301
5, 98, 153, 186, 228, 292
6, 108, 154, 208, 261, 311
7, 99, 142, 183, 232, 295
8, 97, 145, 196, 240, 297
9, 122, 163, 181, 223, 280
10, 125, 157, 195, 252, 302
11, 113, 164, 200, 247, 309
12, 120, 150, 204, 263, 303
13, 121, 162, 193, 231, 284
14, 119, 158, 182, 260, 322
15, 127, 160, 192, 269, 305
16, 118, 155, 212, 270, 324
17, 123, 165, 197, 255, 316
18, 56, 147, 199, 259, 294
19, 61, 159, 168, 215, 272
20, 77, 144, 214, 264, 307
21, 85, 130, 213, 226, 276
22, 79, 143, 191, 236, 275
23, 72, 138, 201, 220, 273
25, 55, 148, 218, 274, 317
26, 58, 151, 203, 249, 304
27, 69, 90, 216, 257, 299
28, 54, 91, 190, 234, 282
29, 60, 93, 176, 222, 290
30, 101, 117, 219, 262, 279
31, 59, 88, 166, 217, 283
32, 89, 102, 221, 266, 278
33, 57, 87, 210, 254, 296
34, 64, 96, 209, 258, 300
35, 71, 86, 206, 229, 277
36, 68, 105, 202, 243, 281
37, 74, 124, 173, 225, 285
38, 66, 112, 184, 268, 320
39, 73, 115, 185, 245, 291
40, 70, 116, 189, 237, 288
41, 65, 114, 187, 251, 313
42, 63, 104, 207, 267, 310
43, 67, 110, 178, 230, 286
44, 62, 111, 205, 246, 289
45, 92, 139, 172, 235, 306
46, 84, 136, 194, 265, 319
47, 75, 126, 167, 239, 314
48, 78, 134, 174, 238, 312
49, 76, 131, 179, 253, 321
50, 83, 141, 171, 233, 298
51, 80, 135, 170, 248, 325
52, 82, 137, 175, 256, 323
53, 81, 140, 169, 242, 315
