FLL Scheduler GA Summary Report (ID: 2132111947840 | Hash: -3881584995361710729)

Attributes:
--------------------
rank: 0
origin: (C | RoundTypeCrossover)
mutations: 0
clones: 0
_hash: -3881584995361710729
Length: 318

Fitness:
--------------------------
BreakTime           : 0.31062795876048954
LocationConsistency : 0.0
OpponentVariety     : 0.8754111684107535
-----------------------------------
Total               : 1.186039127171243
Percentage          : 39.53%

Per-Objective Statistics (Team Distribution):
-----------------------------------------------------------------
Objective                 | Min      | Max      | Avg      | Range   
-----------------------------------------------------------------
BreakTime                 | 0.0004   | 0.9193   | 0.5394   | 0.9189  
LocationConsistency       | 0.0417   | 0.9500   | 0.2154   | 0.9083  
OpponentVariety           | 0.7527   | 1.0000   | 0.9953   | 0.2473  

Team fitnesses (sorted by total fitness descending):
----------------------------------------------------
Max     : 2.623154
Min     : 0.803112
Range   : 1.820043
Average : 1.750125

Team |BreakTime |LocationConsistency |OpponentVariety |Sum
------------------------------------------------------------
41   |0.6732    |0.9500              |1.0000          |2.6232
47   |0.9193    |0.6417              |1.0000          |2.5610
48   |0.8630    |0.5250              |1.0000          |2.3880
51   |0.9185    |0.2667              |1.0000          |2.1852
49   |0.8865    |0.2667              |1.0000          |2.1531
45   |0.9139    |0.0750              |1.0000          |1.9889
3    |0.6329    |0.3500              |1.0000          |1.9829
15   |0.6158    |0.3667              |1.0000          |1.9825
5    |0.6216    |0.3500              |1.0000          |1.9716
38   |0.6764    |0.2667              |1.0000          |1.9431
53   |0.8925    |0.0417              |1.0000          |1.9342
43   |0.6673    |0.2667              |1.0000          |1.9339
31   |0.5616    |0.3667              |1.0000          |1.9282
50   |0.8793    |0.0417              |1.0000          |1.9210
52   |0.8672    |0.0500              |1.0000          |1.9172
1    |0.6485    |0.2667              |1.0000          |1.9152
40   |0.6273    |0.2667              |1.0000          |1.8939
39   |0.6257    |0.2667              |1.0000          |1.8923
20   |0.5397    |0.3500              |1.0000          |1.8897
13   |0.5379    |0.3500              |1.0000          |1.8879
42   |0.6044    |0.2667              |1.0000          |1.8710
28   |0.5133    |0.3500              |1.0000          |1.8633
44   |0.5936    |0.2667              |1.0000          |1.8603
10   |0.5920    |0.2667              |1.0000          |1.8586
17   |0.5901    |0.2667              |1.0000          |1.8568
8    |0.5895    |0.2667              |1.0000          |1.8562
36   |0.5809    |0.2667              |1.0000          |1.8476
18   |0.5758    |0.2667              |1.0000          |1.8424
46   |0.7914    |0.0417              |1.0000          |1.8331
2    |0.5474    |0.2667              |1.0000          |1.8141
37   |0.6637    |0.0500              |1.0000          |1.7137
25   |0.6013    |0.0667              |1.0000          |1.6680
6    |0.6005    |0.0500              |1.0000          |1.6505
9    |0.5719    |0.0667              |1.0000          |1.6385
4    |0.5774    |0.0500              |1.0000          |1.6274
11   |0.5556    |0.0667              |1.0000          |1.6223
14   |0.5543    |0.0667              |1.0000          |1.6210
7    |0.5640    |0.0417              |1.0000          |1.6057
12   |0.5619    |0.0417              |1.0000          |1.6036
29   |0.5515    |0.0417              |1.0000          |1.5931
16   |0.5389    |0.0500              |1.0000          |1.5889
26   |0.4972    |0.0667              |1.0000          |1.5639
22   |0.5082    |0.0500              |1.0000          |1.5582
33   |0.5002    |0.0417              |1.0000          |1.5419
27   |0.0475    |0.3500              |1.0000          |1.3975
35   |0.0045    |0.3500              |1.0000          |1.3545
32   |0.0004    |0.3500              |1.0000          |1.3504
19   |0.0454    |0.2667              |1.0000          |1.3121
24   |0.0004    |0.2667              |1.0000          |1.2671
34   |0.0488    |0.0667              |1.0000          |1.1154
23   |0.0465    |0.0417              |1.0000          |1.0882
30   |0.0004    |0.0750              |1.0000          |1.0754
21   |0.0004    |0.0500              |0.7527          |0.8031

Team Events (sorted, for dev use, diff check with others to ensure truly different schedules created):
------------------------------------------------------------
0, 105, 162, 177, 224, 293
1, 100, 149, 205, 250, 287
2, 102, 152, 180, 244, 294
3, 103, 154, 211, 254, 310
4, 94, 156, 182, 241, 302
5, 98, 153, 184, 228, 292
6, 95, 147, 208, 277, 318
7, 99, 143, 188, 235, 301
8, 97, 145, 191, 240, 298
9, 123, 160, 181, 223, 283
10, 125, 157, 192, 247, 308
11, 113, 164, 203, 253, 303
12, 120, 150, 198, 269, 309
13, 121, 161, 195, 236, 279
14, 119, 159, 189, 255, 322
15, 118, 155, 207, 276, 324
16, 122, 165, 190, 261, 316
17, 126, 163, 194, 262, 305
18, 79, 142, 196, 231, 273
19, 57, 151, 200, 249, 304
20, 85, 129, 206, 226, 270
21, 59, 146, 204, 256, 300
22, 77, 144, 214, 267, 306
23, 72, 138, 202, 220, 275
25, 54, 158, 171, 215, 274
26, 60, 148, 218, 272, 317
27, 69, 90, 216, 258, 296
28, 61, 91, 197, 233, 281
29, 55, 93, 176, 222, 290
30, 101, 117, 219, 268, 284
31, 56, 88, 173, 217, 280
32, 89, 104, 221, 265, 285
33, 58, 87, 209, 260, 299
34, 64, 96, 210, 257, 295
35, 71, 86, 213, 229, 271
36, 68, 106, 201, 243, 282
37, 74, 124, 166, 225, 278
38, 66, 112, 187, 263, 320
39, 73, 114, 186, 245, 291
40, 70, 116, 183, 230, 288
41, 65, 115, 185, 251, 313
42, 63, 107, 212, 264, 311
43, 67, 110, 178, 237, 286
44, 62, 111, 199, 252, 289
45, 81, 140, 170, 242, 314
46, 84, 136, 193, 266, 319
47, 75, 127, 172, 239, 315
48, 78, 134, 174, 238, 312
49, 92, 139, 167, 232, 307
50, 83, 141, 168, 234, 297
51, 80, 135, 169, 248, 325
52, 82, 137, 175, 259, 323
53, 76, 128, 179, 246, 321
