FLL Scheduler GA Summary Report (ID: 2132111945824 | Hash: -4895793385196921610)

Attributes:
--------------------
rank: 0
origin: (C | RoundTypeCrossover)
mutations: 1
clones: 0
_hash: -4895793385196921610
Length: 318

Fitness:
--------------------------
BreakTime           : 0.31062795876048954
LocationConsistency : 0.0
OpponentVariety     : 0.8754111684107535
-----------------------------------
Total               : 1.186039127171243
Percentage          : 39.53%

Per-Objective Statistics (Team Distribution):
-----------------------------------------------------------------
Objective                 | Min      | Max      | Avg      | Range   
-----------------------------------------------------------------
BreakTime                 | 0.0004   | 0.9193   | 0.5394   | 0.9189  
LocationConsistency       | 0.0417   | 0.6417   | 0.1965   | 0.6000  
OpponentVariety           | 0.7527   | 1.0000   | 0.9953   | 0.2473  

Team fitnesses (sorted by total fitness descending):
----------------------------------------------------
Max     : 2.257461
Min     : 1.054450
Range   : 1.203011
Average : 1.731257

Team |BreakTime |LocationConsistency |OpponentVariety |Sum
------------------------------------------------------------
16   |0.6158    |0.6417              |1.0000          |2.2575
4    |0.5895    |0.6417              |1.0000          |2.2312
52   |0.9185    |0.2667              |1.0000          |2.1852
11   |0.5379    |0.6417              |1.0000          |2.1796
45   |0.8865    |0.2667              |1.0000          |2.1531
46   |0.7914    |0.3500              |1.0000          |2.1414
40   |0.6764    |0.3500              |1.0000          |2.0264
41   |0.6732    |0.3500              |1.0000          |2.0232
47   |0.9193    |0.0500              |1.0000          |1.9693
53   |0.9139    |0.0417              |1.0000          |1.9555
20   |0.6013    |0.3500              |1.0000          |1.9513
49   |0.8925    |0.0417              |1.0000          |1.9342
39   |0.6637    |0.2667              |1.0000          |1.9304
50   |0.8793    |0.0500              |1.0000          |1.9293
51   |0.8672    |0.0500              |1.0000          |1.9172
48   |0.8630    |0.0500              |1.0000          |1.9130
37   |0.6273    |0.2667              |1.0000          |1.8939
36   |0.6257    |0.2667              |1.0000          |1.8923
24   |0.5397    |0.3500              |1.0000          |1.8897
3    |0.6216    |0.2667              |1.0000          |1.8883
44   |0.5936    |0.2667              |1.0000          |1.8603
15   |0.5556    |0.2667              |1.0000          |1.8223
6    |0.5474    |0.2667              |1.0000          |1.8141
30   |0.5133    |0.2667              |1.0000          |1.7800
32   |0.5002    |0.2667              |1.0000          |1.7669
43   |0.6673    |0.0500              |1.0000          |1.7173
1    |0.6485    |0.0417              |1.0000          |1.6902
9    |0.6329    |0.0500              |1.0000          |1.6829
42   |0.6044    |0.0500              |1.0000          |1.6544
7    |0.6005    |0.0500              |1.0000          |1.6505
25   |0.0004    |0.6417              |1.0000          |1.6421
10   |0.5920    |0.0417              |1.0000          |1.6336
17   |0.5901    |0.0417              |1.0000          |1.6318
38   |0.5809    |0.0500              |1.0000          |1.6309
8    |0.5774    |0.0417              |1.0000          |1.6190
18   |0.5758    |0.0417              |1.0000          |1.6174
5    |0.5719    |0.0417              |1.0000          |1.6135
12   |0.5619    |0.0500              |1.0000          |1.6119
34   |0.5616    |0.0500              |1.0000          |1.6116
2    |0.5640    |0.0417              |1.0000          |1.6057
13   |0.5543    |0.0500              |1.0000          |1.6043
35   |0.5515    |0.0417              |1.0000          |1.5931
14   |0.5389    |0.0500              |1.0000          |1.5889
23   |0.4972    |0.0667              |1.0000          |1.5639
22   |0.5082    |0.0417              |1.0000          |1.5499
28   |0.0004    |0.3667              |1.0000          |1.3671
31   |0.0004    |0.3500              |1.0000          |1.3504
29   |0.0488    |0.2667              |1.0000          |1.3154
27   |0.0475    |0.2667              |1.0000          |1.3141
19   |0.0465    |0.2667              |1.0000          |1.3132
21   |0.0454    |0.0750              |1.0000          |1.1204
26   |0.0004    |0.3500              |0.7527          |1.1031
33   |0.0045    |0.0500              |1.0000          |1.0545

Team Events (sorted, for dev use, diff check with others to ensure truly different schedules created):
------------------------------------------------------------
0, 103, 161, 178, 224, 293
1, 100, 147, 208, 277, 318
2, 101, 156, 189, 241, 303
3, 96, 143, 183, 232, 300
4, 98, 145, 191, 240, 299
5, 94, 149, 205, 250, 287
6, 97, 154, 187, 228, 292
7, 108, 152, 211, 254, 317
8, 109, 155, 175, 239, 294
9, 120, 163, 174, 223, 282
10, 124, 151, 199, 262, 308
11, 113, 164, 203, 246, 302
12, 125, 162, 195, 231, 279
13, 123, 153, 207, 276, 324
14, 119, 157, 192, 252, 309
15, 122, 158, 182, 255, 322
16, 121, 165, 190, 260, 311
17, 126, 160, 194, 269, 305
18, 71, 144, 214, 264, 307
19, 54, 159, 170, 215, 274
20, 78, 142, 196, 236, 273
21, 59, 146, 204, 257, 301
22, 60, 148, 218, 272, 310
24, 57, 150, 201, 249, 304
25, 75, 138, 202, 220, 275
26, 85, 130, 206, 226, 270
27, 69, 88, 216, 258, 297
28, 95, 111, 219, 263, 284
29, 64, 99, 210, 256, 295
30, 61, 89, 197, 234, 280
31, 90, 102, 221, 266, 285
32, 58, 87, 209, 261, 298
33, 76, 86, 213, 229, 271
34, 56, 91, 173, 217, 281
35, 55, 93, 179, 222, 290
36, 74, 115, 185, 238, 291
37, 77, 110, 188, 237, 288
38, 68, 105, 200, 243, 283
39, 72, 118, 167, 225, 278
40, 66, 112, 184, 268, 320
41, 65, 114, 186, 251, 314
42, 63, 104, 212, 267, 316
43, 67, 117, 177, 230, 286
44, 62, 116, 198, 247, 289
45, 92, 139, 166, 235, 306
46, 84, 137, 193, 265, 319
47, 73, 127, 172, 244, 312
48, 79, 134, 181, 245, 315
49, 70, 131, 176, 253, 321
50, 83, 141, 168, 233, 296
51, 82, 136, 180, 259, 323
52, 81, 135, 169, 248, 325
53, 80, 140, 171, 242, 313
