FLL Scheduler GA Summary Report (ID: 2132111941680 | Hash: 370513368983098078)

Attributes:
--------------------
rank: 0
origin: (C | TimeSlotCrossover)
mutations: 1
clones: 1
_hash: 370513368983098078
Length: 318

Fitness:
--------------------------
BreakTime           : 0.31062795876048954
LocationConsistency : 0.0
OpponentVariety     : 0.8754111684107535
-----------------------------------
Total               : 1.186039127171243
Percentage          : 39.53%

Per-Objective Statistics (Team Distribution):
-----------------------------------------------------------------
Objective                 | Min      | Max      | Avg      | Range   
-----------------------------------------------------------------
BreakTime                 | 0.0004   | 0.9193   | 0.5394   | 0.9189  
LocationConsistency       | 0.0417   | 0.6417   | 0.1869   | 0.6000  
OpponentVariety           | 0.7527   | 1.0000   | 0.9953   | 0.2473  

Team fitnesses (sorted by total fitness descending):
----------------------------------------------------
Max     : 2.314821
Min     : 1.019778
Range   : 1.295043
Average : 1.721666

Team |BreakTime |LocationConsistency |OpponentVariety |Sum
------------------------------------------------------------
44   |0.6732    |0.6417              |1.0000          |2.3148
41   |0.6637    |0.6417              |1.0000          |2.3054
15   |0.5619    |0.6417              |1.0000          |2.2036
46   |0.9185    |0.2667              |1.0000          |2.1852
49   |0.9139    |0.2667              |1.0000          |2.1805
53   |0.8925    |0.2667              |1.0000          |2.1592
45   |0.8865    |0.2667              |1.0000          |2.1531
48   |0.8630    |0.2667              |1.0000          |2.1297
43   |0.6273    |0.3667              |1.0000          |1.9939
5    |0.6216    |0.3667              |1.0000          |1.9883
47   |0.9193    |0.0417              |1.0000          |1.9610
42   |0.6673    |0.2667              |1.0000          |1.9339
51   |0.8672    |0.0667              |1.0000          |1.9338
40   |0.5809    |0.3500              |1.0000          |1.9309
50   |0.8793    |0.0417              |1.0000          |1.9210
24   |0.6013    |0.2667              |1.0000          |1.8680
14   |0.5920    |0.2667              |1.0000          |1.8586
6    |0.5895    |0.2667              |1.0000          |1.8562
11   |0.5758    |0.2667              |1.0000          |1.8424
1    |0.5719    |0.2667              |1.0000          |1.8385
52   |0.7914    |0.0417              |1.0000          |1.8331
3    |0.5640    |0.2667              |1.0000          |1.8307
33   |0.5616    |0.2667              |1.0000          |1.8282
28   |0.5133    |0.2667              |1.0000          |1.7800
31   |0.5002    |0.2667              |1.0000          |1.7669
38   |0.6764    |0.0500              |1.0000          |1.7264
36   |0.6257    |0.0667              |1.0000          |1.6923
9    |0.6485    |0.0417              |1.0000          |1.6902
7    |0.6005    |0.0750              |1.0000          |1.6755
2    |0.6329    |0.0417              |1.0000          |1.6745
37   |0.5936    |0.0750              |1.0000          |1.6686
12   |0.6158    |0.0417              |1.0000          |1.6575
39   |0.6044    |0.0500              |1.0000          |1.6544
18   |0.5901    |0.0417              |1.0000          |1.6318
8    |0.5774    |0.0417              |1.0000          |1.6190
34   |0.5515    |0.0667              |1.0000          |1.6181
17   |0.5389    |0.0750              |1.0000          |1.6139
10   |0.5379    |0.0750              |1.0000          |1.6129
16   |0.5556    |0.0417              |1.0000          |1.5973
13   |0.5543    |0.0417              |1.0000          |1.5960
4    |0.5474    |0.0417              |1.0000          |1.5891
21   |0.5397    |0.0417              |1.0000          |1.5814
20   |0.5082    |0.0417              |1.0000          |1.5499
23   |0.4972    |0.0417              |1.0000          |1.5389
32   |0.0475    |0.3500              |1.0000          |1.3975
26   |0.0465    |0.3500              |1.0000          |1.3965
35   |0.0045    |0.2667              |1.0000          |1.2711
19   |0.0004    |0.2667              |1.0000          |1.2671
22   |0.0454    |0.0750              |1.0000          |1.1204
29   |0.0488    |0.0500              |1.0000          |1.0988
30   |0.0004    |0.0500              |1.0000          |1.0504
27   |0.0004    |0.0417              |1.0000          |1.0421
25   |0.0004    |0.2667              |0.7527          |1.0198

Team Events (sorted, for dev use, diff check with others to ensure truly different schedules created):
------------------------------------------------------------
0, 98, 145, 191, 240, 297
1, 102, 153, 175, 244, 301
2, 100, 147, 211, 277, 318
3, 95, 149, 198, 249, 292
4, 101, 157, 189, 241, 303
5, 97, 143, 182, 232, 295
6, 96, 152, 186, 226, 287
7, 103, 154, 208, 260, 310
8, 105, 163, 178, 224, 286
9, 121, 151, 204, 268, 308
10, 132, 162, 194, 262, 305
11, 124, 158, 183, 261, 322
12, 120, 161, 195, 231, 278
13, 122, 160, 174, 223, 282
14, 112, 164, 200, 252, 302
15, 118, 156, 192, 247, 309
16, 125, 155, 212, 276, 324
17, 123, 165, 190, 255, 316
18, 75, 138, 201, 220, 275
19, 59, 146, 199, 256, 294
20, 57, 150, 203, 250, 304
21, 78, 142, 196, 236, 273
22, 55, 148, 218, 272, 317
23, 60, 159, 169, 215, 274
24, 85, 129, 213, 228, 270
26, 70, 144, 214, 267, 307
27, 90, 104, 221, 265, 284
28, 54, 89, 197, 234, 281
29, 64, 99, 209, 257, 300
30, 94, 116, 219, 269, 285
31, 58, 87, 210, 254, 296
32, 69, 88, 216, 259, 299
33, 56, 91, 167, 217, 280
34, 61, 93, 179, 222, 289
35, 76, 86, 206, 227, 271
36, 74, 114, 185, 245, 288
37, 63, 111, 205, 253, 291
38, 66, 113, 184, 263, 320
39, 62, 107, 207, 264, 311
40, 68, 106, 202, 243, 283
41, 73, 119, 172, 225, 279
42, 67, 110, 177, 230, 293
43, 77, 117, 188, 237, 290
44, 65, 115, 187, 248, 313
45, 92, 139, 173, 235, 306
46, 82, 135, 170, 251, 325
47, 72, 133, 166, 239, 314
48, 79, 134, 181, 238, 312
49, 83, 140, 168, 242, 315
50, 80, 141, 171, 233, 298
51, 81, 137, 180, 258, 323
52, 84, 136, 193, 266, 319
53, 71, 128, 176, 246, 321
