FLL Scheduler GA Summary Report (ID: 2132037134128 | Hash: 1318755051846018029)

Attributes:
--------------------
rank: 0
origin: (C | KPoint(k=1))
mutations: 1
clones: 1
_hash: 1318755051846018029
Length: 318

Fitness:
--------------------------
BreakTime           : 0.31062795876048954
LocationConsistency : 0.0
OpponentVariety     : 0.8754111684107535
-----------------------------------
Total               : 1.186039127171243
Percentage          : 39.53%

Per-Objective Statistics (Team Distribution):
-----------------------------------------------------------------
Objective                 | Min      | Max      | Avg      | Range   
-----------------------------------------------------------------
BreakTime                 | 0.0004   | 0.9193   | 0.5394   | 0.9189  
LocationConsistency       | 0.0417   | 0.9500   | 0.2182   | 0.9083  
OpponentVariety           | 0.7527   | 1.0000   | 0.9953   | 0.2473  

Team fitnesses (sorted by total fitness descending):
----------------------------------------------------
Max     : 2.450224
Min     : 1.050419
Range   : 1.399805
Average : 1.752955

Team |BreakTime |LocationConsistency |OpponentVariety |Sum
------------------------------------------------------------
33   |0.5002    |0.9500              |1.0000          |2.4502
46   |0.9139    |0.3500              |1.0000          |2.2639
48   |0.8865    |0.3500              |1.0000          |2.2365
39   |0.5936    |0.6417              |1.0000          |2.2353
52   |0.8630    |0.3667              |1.0000          |2.2297
15   |0.5758    |0.6417              |1.0000          |2.2174
31   |0.5616    |0.6417              |1.0000          |2.2032
49   |0.8672    |0.2667              |1.0000          |2.1338
37   |0.6273    |0.3500              |1.0000          |1.9773
23   |0.6013    |0.3667              |1.0000          |1.9680
51   |0.9193    |0.0417              |1.0000          |1.9610
50   |0.9185    |0.0417              |1.0000          |1.9602
45   |0.8925    |0.0667              |1.0000          |1.9592
40   |0.6732    |0.2667              |1.0000          |1.9398
38   |0.6673    |0.2667              |1.0000          |1.9339
41   |0.5809    |0.3500              |1.0000          |1.9309
47   |0.8793    |0.0500              |1.0000          |1.9293
14   |0.5543    |0.3500              |1.0000          |1.9043
7    |0.6329    |0.2667              |1.0000          |1.8995
44   |0.6257    |0.2667              |1.0000          |1.8923
5    |0.6216    |0.2667              |1.0000          |1.8883
11   |0.5379    |0.3500              |1.0000          |1.8879
16   |0.6158    |0.2667              |1.0000          |1.8825
6    |0.5895    |0.2667              |1.0000          |1.8562
53   |0.7914    |0.0417              |1.0000          |1.8331
8    |0.5640    |0.2667              |1.0000          |1.8307
17   |0.5619    |0.2667              |1.0000          |1.8286
30   |0.5515    |0.2667              |1.0000          |1.8181
35   |0.5133    |0.2667              |1.0000          |1.7800
42   |0.6764    |0.0750              |1.0000          |1.7514
43   |0.6637    |0.0417              |1.0000          |1.7054
1    |0.6485    |0.0417              |1.0000          |1.6902
12   |0.5920    |0.0667              |1.0000          |1.6586
36   |0.6044    |0.0500              |1.0000          |1.6544
3    |0.6005    |0.0500              |1.0000          |1.6505
13   |0.5901    |0.0417              |1.0000          |1.6318
9    |0.5719    |0.0500              |1.0000          |1.6219
2    |0.5774    |0.0417              |1.0000          |1.6190
18   |0.5389    |0.0750              |1.0000          |1.6139
4    |0.5474    |0.0500              |1.0000          |1.5974
10   |0.5556    |0.0417              |1.0000          |1.5973
21   |0.5397    |0.0500              |1.0000          |1.5897
25   |0.4972    |0.0750              |1.0000          |1.5722
20   |0.5082    |0.0500              |1.0000          |1.5582
29   |0.0045    |0.3667              |1.0000          |1.3711
34   |0.0004    |0.3500              |1.0000          |1.3504
19   |0.0004    |0.2667              |1.0000          |1.2671
27   |0.0488    |0.0750              |1.0000          |1.1238
26   |0.0004    |0.3667              |0.7527          |1.1198
22   |0.0465    |0.0500              |1.0000          |1.0965
24   |0.0454    |0.0500              |1.0000          |1.0954
28   |0.0475    |0.0417              |1.0000          |1.0891
32   |0.0004    |0.0500              |1.0000          |1.0504

Team Events (sorted, for dev use, diff check with others to ensure truly different schedules created):
------------------------------------------------------------
0, 109, 163, 178, 224, 286
1, 103, 154, 208, 260, 310
2, 96, 153, 186, 226, 287
3, 94, 149, 204, 249, 292
4, 101, 151, 188, 242, 303
5, 97, 143, 183, 232, 300
6, 102, 152, 175, 244, 294
7, 100, 147, 211, 277, 318
8, 98, 145, 191, 243, 299
9, 125, 150, 192, 247, 308
10, 122, 157, 198, 269, 309
11, 120, 160, 174, 223, 283
12, 121, 165, 190, 255, 316
13, 123, 161, 195, 231, 279
14, 127, 162, 194, 263, 304
15, 119, 158, 182, 261, 322
16, 112, 164, 202, 252, 302
17, 118, 155, 212, 276, 324
18, 72, 138, 203, 220, 272
19, 59, 146, 205, 256, 301
20, 56, 156, 201, 250, 305
21, 77, 144, 214, 266, 306
22, 55, 159, 170, 215, 273
23, 79, 142, 196, 236, 275
24, 60, 148, 218, 274, 317
26, 85, 133, 213, 228, 270
27, 67, 99, 209, 257, 295
28, 63, 90, 216, 259, 297
29, 71, 87, 206, 227, 271
30, 54, 92, 179, 222, 289
31, 57, 88, 172, 217, 280
32, 89, 108, 221, 264, 285
33, 58, 86, 210, 254, 298
34, 95, 116, 219, 268, 284
35, 61, 91, 197, 234, 281
36, 68, 107, 207, 265, 311
37, 70, 117, 189, 237, 290
38, 64, 110, 177, 230, 293
39, 69, 111, 199, 253, 291
40, 66, 115, 187, 248, 313
41, 62, 106, 200, 240, 282
42, 65, 113, 184, 262, 320
43, 74, 124, 167, 225, 278
44, 73, 114, 185, 245, 288
45, 76, 132, 176, 246, 321
46, 81, 140, 171, 241, 315
47, 83, 141, 168, 233, 296
48, 93, 139, 166, 235, 307
49, 82, 137, 180, 258, 323
50, 80, 135, 169, 251, 325
51, 75, 126, 173, 239, 314
52, 78, 134, 181, 238, 312
53, 84, 136, 193, 267, 319
