FLL Scheduler GA Summary Report (ID: 2132118896000 | Hash: -1457618510278156162)

Attributes:
--------------------
rank: 0
origin: (C | RoundTypeCrossover)
mutations: 0
clones: 0
_hash: -1457618510278156162
Length: 318

Fitness:
--------------------------
BreakTime           : 0.31062795876048954
LocationConsistency : 0.0
OpponentVariety     : 0.8754111684107535
-----------------------------------
Total               : 1.186039127171243
Percentage          : 39.53%

Per-Objective Statistics (Team Distribution):
-----------------------------------------------------------------
Objective                 | Min      | Max      | Avg      | Range   
-----------------------------------------------------------------
BreakTime                 | 0.0004   | 0.9193   | 0.5394   | 0.9189  
LocationConsistency       | 0.0417   | 0.9500   | 0.2223   | 0.9083  
OpponentVariety           | 0.7527   | 1.0000   | 0.9953   | 0.2473  

Team fitnesses (sorted by total fitness descending):
----------------------------------------------------
Max     : 2.836467
Min     : 1.042102
Range   : 1.794365
Average : 1.757043

Team |BreakTime |LocationConsistency |OpponentVariety |Sum
------------------------------------------------------------
49   |0.8865    |0.9500              |1.0000          |2.8365
48   |0.8630    |0.6417              |1.0000          |2.5047
47   |0.9193    |0.3500              |1.0000          |2.2693
45   |0.9139    |0.3500              |1.0000          |2.2639
51   |0.9185    |0.2667              |1.0000          |2.1852
46   |0.7914    |0.2667              |1.0000          |2.0581
40   |0.6732    |0.3500              |1.0000          |2.0232
41   |0.6673    |0.3500              |1.0000          |2.0173
15   |0.6158    |0.3667              |1.0000          |1.9825
2    |0.6216    |0.3500              |1.0000          |1.9716
36   |0.6044    |0.3500              |1.0000          |1.9544
9    |0.6005    |0.3500              |1.0000          |1.9505
53   |0.8925    |0.0500              |1.0000          |1.9425
52   |0.8672    |0.0750              |1.0000          |1.9422
42   |0.5809    |0.3500              |1.0000          |1.9309
50   |0.8793    |0.0500              |1.0000          |1.9293
1    |0.6485    |0.2667              |1.0000          |1.9152
6    |0.6329    |0.2667              |1.0000          |1.8995
39   |0.6257    |0.2667              |1.0000          |1.8923
13   |0.5379    |0.3500              |1.0000          |1.8879
18   |0.5901    |0.2667              |1.0000          |1.8568
8    |0.5895    |0.2667              |1.0000          |1.8562
5    |0.5719    |0.2667              |1.0000          |1.8385
31   |0.5616    |0.2667              |1.0000          |1.8282
11   |0.5556    |0.2667              |1.0000          |1.8223
3    |0.5474    |0.2667              |1.0000          |1.8141
22   |0.5082    |0.2667              |1.0000          |1.7749
38   |0.6764    |0.0417              |1.0000          |1.7181
43   |0.6637    |0.0417              |1.0000          |1.7054
37   |0.6273    |0.0417              |1.0000          |1.6689
32   |0.0045    |0.6417              |1.0000          |1.6461
25   |0.6013    |0.0417              |1.0000          |1.6430
44   |0.5936    |0.0417              |1.0000          |1.6353
10   |0.5920    |0.0417              |1.0000          |1.6336
14   |0.5543    |0.0750              |1.0000          |1.6293
4    |0.5774    |0.0500              |1.0000          |1.6274
16   |0.5758    |0.0417              |1.0000          |1.6174
17   |0.5389    |0.0750              |1.0000          |1.6139
7    |0.5640    |0.0417              |1.0000          |1.6057
12   |0.5619    |0.0417              |1.0000          |1.6036
27   |0.5515    |0.0417              |1.0000          |1.5931
20   |0.5397    |0.0417              |1.0000          |1.5814
30   |0.5133    |0.0417              |1.0000          |1.5550
33   |0.5002    |0.0417              |1.0000          |1.5419
26   |0.4972    |0.0417              |1.0000          |1.5389
29   |0.0475    |0.3500              |1.0000          |1.3975
19   |0.0454    |0.3500              |1.0000          |1.3954
21   |0.0004    |0.6417              |0.7527          |1.3948
35   |0.0004    |0.3500              |1.0000          |1.3504
34   |0.0488    |0.0500              |1.0000          |1.0988
23   |0.0465    |0.0417              |1.0000          |1.0882
28   |0.0004    |0.0500              |1.0000          |1.0504
24   |0.0004    |0.0417              |1.0000          |1.0421

Team Events (sorted, for dev use, diff check with others to ensure truly different schedules created):
------------------------------------------------------------
0, 105, 162, 178, 224, 293
1, 101, 150, 182, 241, 302
2, 94, 149, 198, 250, 287
3, 103, 154, 208, 254, 310
4, 98, 145, 191, 240, 298
5, 102, 153, 175, 244, 294
6, 100, 146, 211, 277, 318
7, 96, 142, 188, 232, 301
8, 97, 152, 184, 228, 292
9, 122, 160, 174, 223, 283
10, 125, 151, 192, 247, 308
11, 113, 164, 200, 253, 303
12, 120, 157, 204, 269, 309
13, 121, 161, 195, 231, 279
14, 119, 159, 189, 255, 322
15, 127, 163, 194, 262, 305
16, 118, 155, 212, 276, 324
17, 123, 165, 190, 261, 316
18, 84, 143, 196, 236, 273
19, 58, 156, 203, 249, 304
20, 78, 130, 213, 226, 270
21, 56, 147, 199, 256, 300
22, 77, 144, 214, 267, 306
23, 72, 138, 201, 220, 275
25, 61, 158, 168, 215, 274
26, 55, 148, 218, 272, 317
27, 60, 93, 179, 222, 290
28, 95, 117, 219, 268, 284
29, 69, 90, 216, 258, 296
30, 54, 91, 197, 234, 281
31, 59, 88, 166, 217, 280
32, 71, 86, 206, 229, 271
33, 57, 87, 210, 260, 299
34, 64, 99, 209, 257, 295
35, 89, 104, 221, 265, 285
36, 63, 107, 207, 264, 311
37, 70, 116, 183, 237, 288
38, 66, 112, 187, 263, 321
39, 73, 115, 186, 245, 291
40, 65, 114, 185, 251, 313
41, 67, 110, 177, 230, 286
42, 68, 106, 202, 243, 282
43, 74, 124, 173, 225, 278
44, 62, 111, 205, 252, 289
45, 82, 140, 169, 242, 314
46, 79, 136, 193, 266, 319
47, 75, 126, 167, 239, 315
48, 85, 134, 181, 238, 312
49, 92, 139, 172, 235, 307
50, 80, 141, 170, 233, 297
51, 83, 135, 171, 248, 325
52, 81, 137, 180, 259, 323
53, 76, 131, 176, 246, 320
