FLL Scheduler GA Summary Report (ID: 2132118894880 | Hash: 7551125358994118290)

Attributes:
--------------------
rank: 0
origin: (C | KPoint(k=2))
mutations: 0
clones: 0
_hash: 7551125358994118290
Length: 318

Fitness:
--------------------------
BreakTime           : 0.31062795876048954
LocationConsistency : 0.0
OpponentVariety     : 0.8754111684107535
-----------------------------------
Total               : 1.186039127171243
Percentage          : 39.53%

Per-Objective Statistics (Team Distribution):
-----------------------------------------------------------------
Objective                 | Min      | Max      | Avg      | Range   
-----------------------------------------------------------------
BreakTime                 | 0.0004   | 0.9193   | 0.5394   | 0.9189  
LocationConsistency       | 0.0417   | 0.9500   | 0.2187   | 0.9083  
OpponentVariety           | 0.7527   | 1.0000   | 0.9953   | 0.2473  

Team fitnesses (sorted by total fitness descending):
----------------------------------------------------
Max     : 2.554359
Min     : 1.042085
Range   : 1.512274
Average : 1.753427

Team |BreakTime |LocationConsistency |OpponentVariety |Sum
------------------------------------------------------------
36   |0.6044    |0.9500              |1.0000          |2.5544
30   |0.5133    |0.9500              |1.0000          |2.4633
52   |0.8793    |0.3500              |1.0000          |2.2293
34   |0.5616    |0.6417              |1.0000          |2.2032
40   |0.6732    |0.5250              |1.0000          |2.1982
47   |0.9193    |0.2667              |1.0000          |2.1860
53   |0.9139    |0.2667              |1.0000          |2.1805
49   |0.8925    |0.2667              |1.0000          |2.1592
50   |0.7914    |0.2667              |1.0000          |2.0581
38   |0.6673    |0.3500              |1.0000          |2.0173
41   |0.6257    |0.3667              |1.0000          |1.9923
5    |0.6216    |0.3667              |1.0000          |1.9883
46   |0.9185    |0.0417              |1.0000          |1.9602
48   |0.8630    |0.0750              |1.0000          |1.9380
45   |0.8865    |0.0417              |1.0000          |1.9281
51   |0.8672    |0.0417              |1.0000          |1.9088
25   |0.6013    |0.2667              |1.0000          |1.8680
4    |0.5895    |0.2667              |1.0000          |1.8562
15   |0.5758    |0.2667              |1.0000          |1.8424
7    |0.5719    |0.2667              |1.0000          |1.8385
14   |0.5619    |0.2667              |1.0000          |1.8286
17   |0.5543    |0.2667              |1.0000          |1.8210
35   |0.5515    |0.2667              |1.0000          |1.8181
6    |0.5474    |0.2667              |1.0000          |1.8141
16   |0.5389    |0.2667              |1.0000          |1.8056
13   |0.5379    |0.2667              |1.0000          |1.8046
43   |0.6764    |0.0667              |1.0000          |1.7431
39   |0.6637    |0.0500              |1.0000          |1.7137
1    |0.6485    |0.0417              |1.0000          |1.6902
3    |0.6329    |0.0500              |1.0000          |1.6829
37   |0.6273    |0.0417              |1.0000          |1.6689
9    |0.6005    |0.0667              |1.0000          |1.6672
18   |0.6158    |0.0417              |1.0000          |1.6575
28   |0.0004    |0.6417              |1.0000          |1.6421
12   |0.5901    |0.0500              |1.0000          |1.6401
44   |0.5936    |0.0417              |1.0000          |1.6353
11   |0.5920    |0.0417              |1.0000          |1.6336
42   |0.5809    |0.0417              |1.0000          |1.6226
8    |0.5774    |0.0417              |1.0000          |1.6190
2    |0.5640    |0.0500              |1.0000          |1.6140
10   |0.5556    |0.0417              |1.0000          |1.5973
23   |0.5397    |0.0500              |1.0000          |1.5897
24   |0.4972    |0.0667              |1.0000          |1.5639
20   |0.5082    |0.0417              |1.0000          |1.5499
32   |0.5002    |0.0417              |1.0000          |1.5419
22   |0.0004    |0.6417              |0.7527          |1.3948
21   |0.0465    |0.2667              |1.0000          |1.3132
19   |0.0454    |0.2667              |1.0000          |1.3121
26   |0.0004    |0.2667              |1.0000          |1.2671
29   |0.0488    |0.0500              |1.0000          |1.0988
27   |0.0475    |0.0500              |1.0000          |1.0975
33   |0.0045    |0.0667              |1.0000          |1.0711
31   |0.0004    |0.0417              |1.0000          |1.0421

Team Events (sorted, for dev use, diff check with others to ensure truly different schedules created):
------------------------------------------------------------
0, 105, 163, 178, 224, 286
1, 100, 147, 210, 277, 325
2, 102, 153, 175, 239, 301
3, 97, 143, 182, 235, 295
4, 101, 157, 189, 242, 303
5, 94, 149, 205, 250, 292
6, 98, 145, 190, 243, 297
7, 103, 154, 208, 261, 310
8, 96, 152, 186, 228, 287
9, 118, 156, 193, 247, 309
10, 121, 160, 174, 223, 282
11, 120, 165, 191, 255, 316
12, 122, 151, 198, 263, 308
13, 115, 164, 203, 248, 302
14, 126, 162, 194, 269, 305
15, 124, 155, 213, 276, 319
16, 123, 161, 195, 236, 285
17, 125, 158, 183, 260, 321
18, 79, 142, 196, 231, 273
19, 59, 146, 204, 256, 294
20, 71, 144, 220, 264, 307
21, 84, 130, 212, 226, 270
22, 57, 150, 200, 253, 304
23, 60, 148, 217, 272, 317
24, 54, 159, 167, 221, 274
26, 73, 138, 202, 214, 275
27, 69, 88, 219, 258, 299
28, 95, 110, 216, 262, 279
29, 64, 99, 209, 257, 300
30, 61, 89, 197, 233, 281
31, 91, 104, 215, 266, 278
32, 58, 93, 211, 254, 296
33, 76, 92, 206, 229, 271
34, 56, 90, 169, 218, 280
35, 55, 86, 179, 222, 289
36, 63, 107, 207, 267, 311
37, 77, 111, 188, 230, 290
38, 67, 117, 177, 237, 293
39, 75, 119, 172, 225, 284
40, 65, 113, 187, 251, 313
41, 72, 112, 185, 238, 288
42, 68, 106, 201, 240, 283
43, 66, 114, 184, 268, 323
44, 62, 116, 199, 249, 291
45, 87, 139, 173, 232, 306
46, 80, 135, 170, 252, 318
47, 74, 131, 168, 244, 314
48, 78, 134, 181, 245, 312
49, 70, 127, 176, 246, 322
50, 85, 136, 192, 265, 324
51, 82, 137, 180, 259, 320
52, 83, 141, 171, 234, 298
53, 81, 140, 166, 241, 315
