FLL Scheduler GA Summary Report (ID: 2132126139104 | Hash: -6191767603218652583)

Attributes:
--------------------
rank: 0
origin: (C | TimeSlotCrossover)
mutations: 1
clones: 1
_hash: -6191767603218652583
Length: 318

Fitness:
--------------------------
BreakTime           : 0.31062795876048954
LocationConsistency : 0.0
OpponentVariety     : 0.8754111684107535
-----------------------------------
Total               : 1.186039127171243
Percentage          : 39.53%

Per-Objective Statistics (Team Distribution):
-----------------------------------------------------------------
Objective                 | Min      | Max      | Avg      | Range   
-----------------------------------------------------------------
BreakTime                 | 0.0004   | 0.9193   | 0.5394   | 0.9189  
LocationConsistency       | 0.0417   | 0.9500   | 0.2277   | 0.9083  
OpponentVariety           | 0.7527   | 1.0000   | 0.9953   | 0.2473  

Team fitnesses (sorted by total fitness descending):
----------------------------------------------------
Max     : 2.554359
Min     : 1.042072
Range   : 1.512288
Average : 1.762389

Team |BreakTime |LocationConsistency |OpponentVariety |Sum
------------------------------------------------------------
36   |0.6044    |0.9500              |1.0000          |2.5544
52   |0.7914    |0.6417              |1.0000          |2.4331
11   |0.6158    |0.6417              |1.0000          |2.2575
34   |0.5616    |0.6417              |1.0000          |2.2032
46   |0.9185    |0.2667              |1.0000          |2.1852
13   |0.5379    |0.6417              |1.0000          |2.1796
45   |0.8865    |0.2667              |1.0000          |2.1531
51   |0.8672    |0.2667              |1.0000          |2.1338
42   |0.6764    |0.3500              |1.0000          |2.0264
44   |0.6732    |0.3500              |1.0000          |2.0232
3    |0.6329    |0.3500              |1.0000          |1.9829
53   |0.9139    |0.0500              |1.0000          |1.9639
47   |0.9193    |0.0417              |1.0000          |1.9610
50   |0.8793    |0.0750              |1.0000          |1.9543
12   |0.5901    |0.3500              |1.0000          |1.9401
49   |0.8925    |0.0417              |1.0000          |1.9342
38   |0.6673    |0.2667              |1.0000          |1.9339
1    |0.6485    |0.2667              |1.0000          |1.9152
48   |0.8630    |0.0500              |1.0000          |1.9130
5    |0.6216    |0.2667              |1.0000          |1.8883
25   |0.6013    |0.2667              |1.0000          |1.8680
40   |0.5936    |0.2667              |1.0000          |1.8603
15   |0.5920    |0.2667              |1.0000          |1.8586
41   |0.5809    |0.2667              |1.0000          |1.8476
18   |0.5758    |0.2667              |1.0000          |1.8424
16   |0.5556    |0.2667              |1.0000          |1.8223
20   |0.5082    |0.2667              |1.0000          |1.7749
39   |0.6637    |0.0417              |1.0000          |1.7054
37   |0.6273    |0.0750              |1.0000          |1.7023
29   |0.0488    |0.6417              |1.0000          |1.6904
21   |0.0465    |0.6417              |1.0000          |1.6882
43   |0.6257    |0.0417              |1.0000          |1.6673
7    |0.6005    |0.0667              |1.0000          |1.6672
4    |0.5895    |0.0500              |1.0000          |1.6395
8    |0.5774    |0.0500              |1.0000          |1.6274
6    |0.5474    |0.0750              |1.0000          |1.6224
9    |0.5719    |0.0500              |1.0000          |1.6219
2    |0.5640    |0.0500              |1.0000          |1.6140
10   |0.5389    |0.0750              |1.0000          |1.6139
14   |0.5543    |0.0500              |1.0000          |1.6043
17   |0.5619    |0.0417              |1.0000          |1.6036
35   |0.5515    |0.0417              |1.0000          |1.5931
19   |0.5397    |0.0500              |1.0000          |1.5897
30   |0.5133    |0.0500              |1.0000          |1.5633
32   |0.5002    |0.0500              |1.0000          |1.5502
26   |0.4972    |0.0417              |1.0000          |1.5389
24   |0.0004    |0.3667              |1.0000          |1.3671
33   |0.0045    |0.3500              |1.0000          |1.3545
22   |0.0004    |0.3500              |0.7527          |1.1031
27   |0.0475    |0.0417              |1.0000          |1.0891
23   |0.0454    |0.0417              |1.0000          |1.0871
31   |0.0004    |0.0500              |1.0000          |1.0504
28   |0.0004    |0.0417              |1.0000          |1.0421

Team Events (sorted, for dev use, diff check with others to ensure truly different schedules created):
------------------------------------------------------------
0, 104, 161, 178, 224, 286
1, 100, 145, 208, 277, 325
2, 109, 153, 175, 239, 301
3, 97, 148, 183, 234, 295
4, 101, 156, 188, 241, 303
5, 94, 142, 205, 250, 293
6, 96, 152, 186, 228, 287
7, 108, 154, 211, 261, 317
8, 99, 146, 196, 240, 296
9, 123, 155, 207, 276, 319
10, 122, 158, 182, 260, 322
11, 120, 165, 197, 255, 311
12, 124, 150, 198, 263, 308
13, 125, 162, 193, 231, 279
14, 121, 163, 174, 223, 283
15, 118, 157, 195, 247, 309
16, 113, 164, 203, 248, 302
17, 132, 160, 192, 269, 305
18, 57, 151, 200, 253, 304
19, 58, 144, 204, 258, 294
20, 70, 147, 214, 264, 307
21, 85, 130, 206, 226, 270
22, 78, 149, 191, 236, 273
23, 74, 138, 202, 220, 275
24, 54, 159, 169, 215, 274
25, 60, 143, 218, 272, 310
27, 62, 91, 216, 257, 298
28, 95, 117, 219, 262, 284
29, 67, 98, 210, 259, 300
30, 61, 90, 190, 233, 281
31, 88, 105, 221, 266, 285
32, 59, 87, 209, 254, 297
33, 77, 86, 213, 229, 271
34, 56, 89, 166, 217, 280
35, 55, 93, 179, 222, 289
36, 68, 107, 212, 267, 316
37, 76, 116, 189, 237, 290
38, 64, 110, 177, 230, 292
39, 72, 119, 173, 225, 278
40, 69, 111, 199, 249, 291
41, 63, 106, 201, 243, 282
42, 65, 112, 184, 268, 320
43, 75, 114, 185, 238, 288
44, 66, 115, 187, 251, 312
45, 92, 139, 172, 232, 306
46, 82, 135, 170, 252, 318
47, 73, 133, 167, 244, 315
48, 79, 134, 181, 245, 313
49, 71, 131, 176, 246, 321
50, 80, 140, 171, 235, 299
51, 81, 136, 180, 256, 323
52, 84, 137, 194, 265, 324
53, 83, 141, 168, 242, 314
