FLL Scheduler GA Summary Report (ID: 2132111938992 | Hash: 2961357425673140988)

Attributes:
--------------------
rank: 0
origin: (C | TimeSlotCrossover)
mutations: 0
clones: 0
_hash: 2961357425673140988
Length: 318

Fitness:
--------------------------
BreakTime           : 0.31062795876048954
LocationConsistency : 0.0
OpponentVariety     : 0.8754111684107535
-----------------------------------
Total               : 1.186039127171243
Percentage          : 39.53%

Per-Objective Statistics (Team Distribution):
-----------------------------------------------------------------
Objective                 | Min      | Max      | Avg      | Range   
-----------------------------------------------------------------
BreakTime                 | 0.0004   | 0.9193   | 0.5394   | 0.9189  
LocationConsistency       | 0.0417   | 0.6417   | 0.2110   | 0.6000  
OpponentVariety           | 0.7527   | 1.0000   | 0.9953   | 0.2473  

Team fitnesses (sorted by total fitness descending):
----------------------------------------------------
Max     : 2.185979
Min     : 1.095425
Range   : 1.090554
Average : 1.745722

Team |BreakTime |LocationConsistency |OpponentVariety |Sum
------------------------------------------------------------
47   |0.9193    |0.2667              |1.0000          |2.1860
52   |0.9185    |0.2667              |1.0000          |2.1852
45   |0.8865    |0.2667              |1.0000          |2.1531
48   |0.8630    |0.2667              |1.0000          |2.1297
41   |0.6732    |0.3500              |1.0000          |2.0232
43   |0.6673    |0.3500              |1.0000          |2.0173
53   |0.9139    |0.0500              |1.0000          |1.9639
42   |0.6044    |0.3500              |1.0000          |1.9544
44   |0.5936    |0.3500              |1.0000          |1.9436
38   |0.6764    |0.2667              |1.0000          |1.9431
49   |0.8925    |0.0500              |1.0000          |1.9425
50   |0.8793    |0.0417              |1.0000          |1.9210
51   |0.8672    |0.0417              |1.0000          |1.9088
7    |0.6329    |0.2667              |1.0000          |1.8995
40   |0.6273    |0.2667              |1.0000          |1.8939
39   |0.6257    |0.2667              |1.0000          |1.8923
20   |0.5397    |0.3500              |1.0000          |1.8897
13   |0.5379    |0.3500              |1.0000          |1.8879
25   |0.6013    |0.2667              |1.0000          |1.8680
28   |0.5133    |0.3500              |1.0000          |1.8633
8    |0.5895    |0.2667              |1.0000          |1.8562
36   |0.5809    |0.2667              |1.0000          |1.8476
46   |0.7914    |0.0500              |1.0000          |1.8414
9    |0.5719    |0.2667              |1.0000          |1.8385
4    |0.5640    |0.2667              |1.0000          |1.8307
31   |0.5616    |0.2667              |1.0000          |1.8282
11   |0.5556    |0.2667              |1.0000          |1.8223
3    |0.5474    |0.2667              |1.0000          |1.8141
22   |0.5082    |0.2667              |1.0000          |1.7749
33   |0.5002    |0.2667              |1.0000          |1.7669
37   |0.6637    |0.0417              |1.0000          |1.7054
1    |0.6485    |0.0417              |1.0000          |1.6902
2    |0.6216    |0.0667              |1.0000          |1.6883
15   |0.6158    |0.0667              |1.0000          |1.6825
6    |0.6005    |0.0500              |1.0000          |1.6505
32   |0.0004    |0.6417              |1.0000          |1.6421
10   |0.5920    |0.0417              |1.0000          |1.6336
17   |0.5901    |0.0417              |1.0000          |1.6318
5    |0.5774    |0.0417              |1.0000          |1.6190
18   |0.5758    |0.0417              |1.0000          |1.6174
12   |0.5619    |0.0417              |1.0000          |1.6036
14   |0.5543    |0.0417              |1.0000          |1.5960
29   |0.5515    |0.0417              |1.0000          |1.5931
16   |0.5389    |0.0500              |1.0000          |1.5889
26   |0.4972    |0.0750              |1.0000          |1.5722
21   |0.0004    |0.6417              |0.7527          |1.3948
35   |0.0045    |0.3500              |1.0000          |1.3545
34   |0.0488    |0.2667              |1.0000          |1.3154
27   |0.0475    |0.2667              |1.0000          |1.3141
23   |0.0465    |0.2667              |1.0000          |1.3132
24   |0.0004    |0.2667              |1.0000          |1.2671
30   |0.0004    |0.2667              |1.0000          |1.2671
19   |0.0454    |0.0500              |1.0000          |1.0954

Team Events (sorted, for dev use, diff check with others to ensure truly different schedules created):
------------------------------------------------------------
0, 103, 161, 178, 224, 293
1, 101, 157, 182, 241, 308
2, 94, 149, 205, 250, 287
3, 100, 147, 211, 271, 318
4, 108, 153, 208, 261, 310
5, 97, 155, 186, 228, 292
6, 109, 154, 175, 244, 301
7, 96, 142, 188, 232, 295
8, 98, 145, 191, 240, 297
9, 122, 163, 174, 223, 280
10, 125, 156, 192, 252, 302
11, 113, 164, 203, 246, 309
12, 121, 150, 198, 263, 303
13, 120, 162, 195, 231, 284
14, 118, 158, 189, 260, 322
15, 119, 152, 212, 270, 324
16, 123, 165, 190, 255, 316
17, 126, 160, 194, 269, 305
18, 78, 143, 196, 236, 275
19, 57, 151, 201, 249, 304
20, 85, 130, 213, 226, 276
21, 59, 146, 204, 258, 294
22, 71, 144, 214, 264, 307
23, 75, 138, 202, 220, 273
25, 54, 159, 170, 215, 272
26, 60, 148, 218, 274, 317
27, 69, 88, 216, 257, 299
28, 61, 89, 197, 234, 282
29, 55, 93, 179, 222, 290
30, 95, 117, 219, 262, 279
31, 56, 91, 173, 217, 283
32, 90, 102, 221, 266, 278
33, 58, 87, 210, 254, 296
34, 64, 99, 209, 259, 300
35, 76, 86, 206, 229, 277
36, 68, 105, 200, 243, 281
37, 72, 124, 167, 225, 285
38, 66, 112, 184, 268, 321
39, 74, 115, 185, 245, 291
40, 77, 116, 183, 237, 288
41, 65, 114, 187, 251, 313
42, 63, 104, 207, 267, 311
43, 67, 110, 177, 230, 286
44, 62, 111, 199, 247, 289
45, 92, 139, 166, 235, 306
46, 84, 136, 193, 265, 319
47, 73, 127, 172, 239, 314
48, 79, 134, 181, 238, 312
49, 70, 131, 176, 253, 320
50, 83, 141, 168, 233, 298
51, 82, 137, 180, 256, 323
52, 81, 135, 169, 248, 325
53, 80, 140, 171, 242, 315
