FLL Scheduler GA Summary Report (ID: 2132111938208 | Hash: 6716107823884126170)

Attributes:
--------------------
rank: 0
origin: (C | RoundTypeCrossover)
mutations: 0
clones: 0
_hash: 6716107823884126170
Length: 318

Fitness:
--------------------------
BreakTime           : 0.31062795876048954
LocationConsistency : 0.0
OpponentVariety     : 0.8754111684107535
-----------------------------------
Total               : 1.186039127171243
Percentage          : 39.53%

Per-Objective Statistics (Team Distribution):
-----------------------------------------------------------------
Objective                 | Min      | Max      | Avg      | Range   
-----------------------------------------------------------------
BreakTime                 | 0.0004   | 0.9193   | 0.5394   | 0.9189  
LocationConsistency       | 0.0417   | 0.9500   | 0.2003   | 0.9083  
OpponentVariety           | 0.7527   | 1.0000   | 0.9953   | 0.2473  

Team fitnesses (sorted by total fitness descending):
----------------------------------------------------
Max     : 2.623154
Min     : 1.019778
Range   : 1.603376
Average : 1.735030

Team |BreakTime |LocationConsistency |OpponentVariety |Sum
------------------------------------------------------------
44   |0.6732    |0.9500              |1.0000          |2.6232
53   |0.9139    |0.3500              |1.0000          |2.2639
47   |0.9193    |0.2667              |1.0000          |2.1860
30   |0.5133    |0.6417              |1.0000          |2.1550
50   |0.8793    |0.2667              |1.0000          |2.1460
52   |0.7914    |0.2667              |1.0000          |2.0581
3    |0.6329    |0.3500              |1.0000          |1.9829
46   |0.9185    |0.0417              |1.0000          |1.9602
36   |0.6044    |0.3500              |1.0000          |1.9544
4    |0.5895    |0.3500              |1.0000          |1.9395
48   |0.8630    |0.0750              |1.0000          |1.9380
49   |0.8925    |0.0417              |1.0000          |1.9342
39   |0.6637    |0.2667              |1.0000          |1.9304
45   |0.8865    |0.0417              |1.0000          |1.9281
51   |0.8672    |0.0500              |1.0000          |1.9172
1    |0.6485    |0.2667              |1.0000          |1.9152
17   |0.5543    |0.3500              |1.0000          |1.9043
43   |0.6257    |0.2667              |1.0000          |1.8923
16   |0.5389    |0.3500              |1.0000          |1.8889
5    |0.6216    |0.2667              |1.0000          |1.8883
18   |0.6158    |0.2667              |1.0000          |1.8825
25   |0.6013    |0.2667              |1.0000          |1.8680
40   |0.5936    |0.2667              |1.0000          |1.8603
7    |0.5719    |0.2667              |1.0000          |1.8385
34   |0.5616    |0.2667              |1.0000          |1.8282
10   |0.5556    |0.2667              |1.0000          |1.8223
35   |0.5515    |0.2667              |1.0000          |1.8181
6    |0.5474    |0.2667              |1.0000          |1.8141
23   |0.5397    |0.2667              |1.0000          |1.8064
42   |0.6764    |0.0500              |1.0000          |1.7264
38   |0.6673    |0.0500              |1.0000          |1.7173
37   |0.6273    |0.0417              |1.0000          |1.6689
9    |0.6005    |0.0417              |1.0000          |1.6422
11   |0.5920    |0.0417              |1.0000          |1.6336
12   |0.5901    |0.0417              |1.0000          |1.6318
41   |0.5809    |0.0500              |1.0000          |1.6309
15   |0.5758    |0.0500              |1.0000          |1.6258
8    |0.5774    |0.0417              |1.0000          |1.6190
2    |0.5640    |0.0417              |1.0000          |1.6057
14   |0.5619    |0.0417              |1.0000          |1.6036
13   |0.5379    |0.0500              |1.0000          |1.5879
24   |0.4972    |0.0667              |1.0000          |1.5639
20   |0.5082    |0.0417              |1.0000          |1.5499
32   |0.5002    |0.0417              |1.0000          |1.5419
33   |0.0045    |0.3500              |1.0000          |1.3545
26   |0.0004    |0.3500              |1.0000          |1.3504
21   |0.0465    |0.2667              |1.0000          |1.3132
19   |0.0454    |0.2667              |1.0000          |1.3121
29   |0.0488    |0.0500              |1.0000          |1.0988
27   |0.0475    |0.0500              |1.0000          |1.0975
28   |0.0004    |0.0750              |1.0000          |1.0754
31   |0.0004    |0.0417              |1.0000          |1.0421
22   |0.0004    |0.2667              |0.7527          |1.0198

Team Events (sorted, for dev use, diff check with others to ensure truly different schedules created):
------------------------------------------------------------
0, 102, 161, 178, 224, 286
1, 100, 147, 210, 277, 318
2, 109, 155, 175, 239, 301
3, 96, 143, 183, 235, 295
4, 101, 150, 189, 242, 308
5, 95, 149, 205, 251, 292
6, 98, 145, 191, 243, 297
7, 108, 153, 208, 261, 310
8, 97, 154, 187, 228, 287
9, 118, 151, 192, 253, 302
10, 121, 163, 174, 223, 280
11, 120, 165, 190, 255, 316
12, 122, 157, 198, 262, 303
13, 112, 164, 203, 247, 309
14, 126, 160, 194, 268, 306
15, 124, 152, 213, 276, 324
16, 123, 162, 195, 236, 284
17, 125, 158, 182, 260, 322
18, 79, 142, 196, 231, 273
19, 59, 146, 204, 256, 294
20, 71, 144, 214, 267, 304
21, 85, 130, 212, 226, 271
22, 57, 156, 200, 249, 307
23, 60, 148, 218, 272, 317
24, 54, 159, 170, 215, 275
26, 73, 138, 202, 220, 274
27, 69, 91, 216, 258, 298
28, 94, 110, 219, 263, 279
29, 64, 99, 209, 257, 300
30, 61, 90, 197, 233, 282
31, 88, 103, 221, 265, 278
32, 58, 92, 211, 254, 296
33, 76, 93, 206, 229, 270
34, 56, 89, 172, 217, 283
35, 55, 86, 179, 222, 289
36, 63, 106, 207, 264, 311
37, 77, 111, 188, 230, 290
38, 67, 116, 177, 237, 293
39, 75, 119, 167, 225, 285
40, 62, 117, 199, 246, 291
41, 68, 107, 201, 240, 281
42, 66, 113, 184, 269, 320
43, 72, 115, 185, 238, 288
44, 65, 114, 186, 250, 313
45, 87, 139, 166, 232, 305
46, 82, 135, 169, 248, 325
47, 74, 131, 173, 244, 314
48, 78, 134, 181, 245, 312
49, 70, 127, 176, 252, 321
50, 80, 140, 168, 234, 299
51, 81, 136, 180, 259, 323
52, 84, 137, 193, 266, 319
53, 83, 141, 171, 241, 315
