FLL Scheduler GA Summary Report (ID: 2132118881216 | Hash: 2313822803371959407)

Attributes:
--------------------
rank: 0
origin: (C | TimeSlotCrossover)
mutations: 0
clones: 0
_hash: 2313822803371959407
Length: 318

Fitness:
--------------------------
BreakTime           : 0.31062795876048954
LocationConsistency : 0.0
OpponentVariety     : 0.8754111684107535
-----------------------------------
Total               : 1.186039127171243
Percentage          : 39.53%

Per-Objective Statistics (Team Distribution):
-----------------------------------------------------------------
Objective                 | Min      | Max      | Avg      | Range   
-----------------------------------------------------------------
BreakTime                 | 0.0004   | 0.9193   | 0.5394   | 0.9189  
LocationConsistency       | 0.0417   | 0.6417   | 0.2066   | 0.6000  
OpponentVariety           | 0.7527   | 1.0000   | 0.9953   | 0.2473  

Team fitnesses (sorted by total fitness descending):
----------------------------------------------------
Max     : 2.504678
Min     : 1.050419
Range   : 1.454259
Average : 1.741320

Team |BreakTime |LocationConsistency |OpponentVariety |Sum
------------------------------------------------------------
50   |0.8630    |0.6417              |1.0000          |2.5047
15   |0.6158    |0.6417              |1.0000          |2.2575
47   |0.8672    |0.3500              |1.0000          |2.2172
5    |0.5719    |0.6417              |1.0000          |2.2135
46   |0.9185    |0.2667              |1.0000          |2.1852
49   |0.8925    |0.2667              |1.0000          |2.1592
53   |0.8865    |0.2667              |1.0000          |2.1531
42   |0.6764    |0.3500              |1.0000          |2.0264
45   |0.9139    |0.0500              |1.0000          |1.9639
51   |0.9193    |0.0417              |1.0000          |1.9610
21   |0.6013    |0.3500              |1.0000          |1.9513
41   |0.6732    |0.2667              |1.0000          |1.9398
43   |0.6673    |0.2667              |1.0000          |1.9339
48   |0.8793    |0.0417              |1.0000          |1.9210
1    |0.6485    |0.2667              |1.0000          |1.9152
9    |0.6329    |0.2667              |1.0000          |1.8995
37   |0.6273    |0.2667              |1.0000          |1.8939
40   |0.6257    |0.2667              |1.0000          |1.8923
24   |0.5397    |0.3500              |1.0000          |1.8897
3    |0.6216    |0.2667              |1.0000          |1.8883
11   |0.5379    |0.3500              |1.0000          |1.8879
36   |0.6044    |0.2667              |1.0000          |1.8710
28   |0.5133    |0.3500              |1.0000          |1.8633
44   |0.5936    |0.2667              |1.0000          |1.8603
10   |0.5920    |0.2667              |1.0000          |1.8586
4    |0.5895    |0.2667              |1.0000          |1.8562
52   |0.7914    |0.0500              |1.0000          |1.8414
18   |0.5556    |0.2667              |1.0000          |1.8223
6    |0.5474    |0.2667              |1.0000          |1.8141
39   |0.6637    |0.0417              |1.0000          |1.7054
7    |0.6005    |0.0500              |1.0000          |1.6505
33   |0.5616    |0.0750              |1.0000          |1.6366
17   |0.5901    |0.0417              |1.0000          |1.6318
8    |0.5774    |0.0500              |1.0000          |1.6274
38   |0.5809    |0.0417              |1.0000          |1.6226
16   |0.5758    |0.0417              |1.0000          |1.6174
2    |0.5640    |0.0417              |1.0000          |1.6057
12   |0.5619    |0.0417              |1.0000          |1.6036
13   |0.5543    |0.0417              |1.0000          |1.5960
35   |0.5515    |0.0417              |1.0000          |1.5931
14   |0.5389    |0.0500              |1.0000          |1.5889
22   |0.5082    |0.0750              |1.0000          |1.5832
20   |0.4972    |0.0667              |1.0000          |1.5639
32   |0.5002    |0.0500              |1.0000          |1.5502
30   |0.0045    |0.3500              |1.0000          |1.3545
19   |0.0465    |0.2667              |1.0000          |1.3132
25   |0.0004    |0.2667              |1.0000          |1.2671
34   |0.0004    |0.2667              |1.0000          |1.2671
29   |0.0488    |0.0667              |1.0000          |1.1154
23   |0.0454    |0.0667              |1.0000          |1.1121
26   |0.0004    |0.3500              |0.7527          |1.1031
31   |0.0475    |0.0417              |1.0000          |1.0891
27   |0.0004    |0.0500              |1.0000          |1.0504

Team Events (sorted, for dev use, diff check with others to ensure truly different schedules created):
------------------------------------------------------------
0, 109, 161, 178, 224, 293
1, 100, 146, 208, 277, 318
2, 101, 156, 189, 240, 303
3, 96, 143, 183, 235, 301
4, 98, 145, 191, 241, 298
5, 94, 149, 205, 249, 287
6, 97, 152, 187, 228, 292
7, 103, 154, 211, 254, 310
8, 102, 153, 175, 245, 294
9, 122, 163, 174, 223, 283
10, 120, 150, 198, 262, 308
11, 113, 164, 203, 253, 302
12, 121, 162, 195, 236, 279
13, 118, 155, 207, 276, 324
14, 119, 158, 182, 255, 322
15, 132, 160, 194, 269, 305
16, 123, 165, 190, 258, 316
17, 124, 157, 192, 247, 309
18, 71, 144, 214, 264, 307
19, 60, 148, 219, 272, 317
20, 54, 159, 170, 215, 274
21, 59, 147, 204, 256, 300
23, 78, 142, 196, 231, 273
24, 56, 151, 200, 250, 304
25, 74, 137, 202, 220, 275
26, 85, 130, 206, 226, 270
27, 88, 108, 221, 266, 285
28, 61, 91, 197, 233, 281
29, 67, 99, 210, 257, 295
30, 76, 87, 213, 229, 271
31, 62, 90, 217, 261, 296
32, 58, 86, 209, 259, 299
33, 57, 89, 173, 216, 280
34, 95, 117, 218, 263, 284
35, 55, 93, 179, 222, 290
36, 68, 105, 212, 267, 311
37, 77, 116, 188, 230, 289
38, 63, 104, 201, 243, 282
39, 72, 125, 167, 225, 278
40, 75, 114, 185, 244, 291
41, 66, 115, 186, 248, 313
42, 65, 112, 184, 268, 320
43, 64, 110, 177, 237, 286
44, 69, 111, 199, 252, 288
45, 80, 134, 171, 242, 314
46, 81, 140, 169, 251, 325
47, 82, 139, 180, 260, 323
48, 83, 135, 168, 234, 297
49, 70, 131, 176, 246, 321
50, 79, 141, 181, 239, 312
51, 73, 133, 172, 238, 315
52, 84, 138, 193, 265, 319
53, 92, 136, 166, 232, 306
