FLL Scheduler GA Summary Report (ID: 2132037138832 | Hash: -6008861871672235288)

Attributes:
--------------------
rank: 0
origin: (C | RoundTypeCrossover)
mutations: 0
clones: 0
_hash: -6008861871672235288
Length: 318

Fitness:
--------------------------
BreakTime           : 0.31062795876048954
LocationConsistency : 0.0
OpponentVariety     : 0.8754111684107535
-----------------------------------
Total               : 1.186039127171243
Percentage          : 39.53%

Per-Objective Statistics (Team Distribution):
-----------------------------------------------------------------
Objective                 | Min      | Max      | Avg      | Range   
-----------------------------------------------------------------
BreakTime                 | 0.0004   | 0.9193   | 0.5394   | 0.9189  
LocationConsistency       | 0.0417   | 0.9500   | 0.2657   | 0.9083  
OpponentVariety           | 0.7527   | 1.0000   | 0.9953   | 0.2473  

Team fitnesses (sorted by total fitness descending):
----------------------------------------------------
Max     : 2.554359
Min     : 1.019778
Range   : 1.534581
Average : 1.800439

Team |BreakTime |LocationConsistency |OpponentVariety |Sum
------------------------------------------------------------
36   |0.6044    |0.9500              |1.0000          |2.5544
28   |0.5133    |0.9500              |1.0000          |2.4633
50   |0.8793    |0.3500              |1.0000          |2.2293
1    |0.5719    |0.6417              |1.0000          |2.2135
49   |0.9139    |0.2667              |1.0000          |2.1805
53   |0.8925    |0.2667              |1.0000          |2.1592
45   |0.8865    |0.2667              |1.0000          |2.1531
52   |0.7914    |0.3500              |1.0000          |2.1414
51   |0.8672    |0.2667              |1.0000          |2.1338
40   |0.6732    |0.3500              |1.0000          |2.0232
47   |0.9193    |0.0667              |1.0000          |1.9860
37   |0.6273    |0.3500              |1.0000          |1.9773
5    |0.6216    |0.3500              |1.0000          |1.9716
46   |0.9185    |0.0500              |1.0000          |1.9685
23   |0.6013    |0.3667              |1.0000          |1.9680
14   |0.5920    |0.3667              |1.0000          |1.9586
42   |0.6764    |0.2667              |1.0000          |1.9431
38   |0.6673    |0.2667              |1.0000          |1.9339
41   |0.5809    |0.3500              |1.0000          |1.9309
48   |0.8630    |0.0667              |1.0000          |1.9297
9    |0.6485    |0.2667              |1.0000          |1.9152
39   |0.6257    |0.2667              |1.0000          |1.8923
12   |0.6158    |0.2667              |1.0000          |1.8825
7    |0.6005    |0.2667              |1.0000          |1.8672
6    |0.5895    |0.2667              |1.0000          |1.8562
11   |0.5758    |0.2667              |1.0000          |1.8424
3    |0.5640    |0.2667              |1.0000          |1.8307
15   |0.5619    |0.2667              |1.0000          |1.8286
33   |0.5616    |0.2667              |1.0000          |1.8282
34   |0.5515    |0.2667              |1.0000          |1.8181
4    |0.5474    |0.2667              |1.0000          |1.8141
25   |0.5397    |0.2667              |1.0000          |1.8064
21   |0.5082    |0.2667              |1.0000          |1.7749
31   |0.5002    |0.2667              |1.0000          |1.7669
44   |0.6637    |0.0417              |1.0000          |1.7054
26   |0.0465    |0.6417              |1.0000          |1.6882
2    |0.6329    |0.0500              |1.0000          |1.6829
43   |0.5936    |0.0500              |1.0000          |1.6436
18   |0.5901    |0.0417              |1.0000          |1.6318
16   |0.5556    |0.0667              |1.0000          |1.6223
8    |0.5774    |0.0417              |1.0000          |1.6190
17   |0.5389    |0.0750              |1.0000          |1.6139
13   |0.5543    |0.0417              |1.0000          |1.5960
10   |0.5379    |0.0500              |1.0000          |1.5879
22   |0.4972    |0.0750              |1.0000          |1.5722
27   |0.0004    |0.3500              |1.0000          |1.3504
35   |0.0488    |0.2667              |1.0000          |1.3154
32   |0.0475    |0.2667              |1.0000          |1.3141
20   |0.0454    |0.2667              |1.0000          |1.3121
29   |0.0045    |0.2667              |1.0000          |1.2711
19   |0.0004    |0.2667              |1.0000          |1.2671
30   |0.0004    |0.0667              |1.0000          |1.0671
24   |0.0004    |0.2667              |0.7527          |1.0198

Team Events (sorted, for dev use, diff check with others to ensure truly different schedules created):
------------------------------------------------------------
0, 98, 145, 191, 242, 297
1, 102, 155, 175, 245, 301
2, 100, 147, 211, 277, 318
3, 94, 149, 198, 249, 287
4, 101, 151, 183, 243, 303
5, 97, 143, 188, 235, 295
6, 96, 154, 185, 226, 292
7, 103, 153, 208, 261, 310
8, 109, 161, 178, 224, 293
9, 121, 157, 204, 263, 308
10, 130, 160, 194, 269, 305
11, 124, 158, 189, 260, 322
12, 120, 162, 195, 236, 279
13, 123, 163, 174, 223, 283
14, 113, 164, 200, 252, 302
15, 118, 150, 192, 247, 309
16, 125, 152, 212, 276, 324
17, 122, 165, 190, 255, 316
19, 72, 138, 201, 220, 272
20, 79, 142, 196, 231, 275
21, 59, 146, 199, 258, 294
22, 60, 148, 218, 274, 317
23, 55, 159, 168, 215, 273
24, 85, 129, 213, 228, 270
25, 56, 156, 203, 250, 304
26, 70, 144, 214, 264, 307
27, 90, 108, 221, 266, 285
28, 61, 89, 197, 233, 281
29, 77, 86, 206, 227, 271
30, 95, 111, 219, 262, 284
31, 58, 87, 210, 254, 296
32, 68, 88, 216, 257, 298
33, 57, 91, 166, 217, 280
34, 54, 93, 179, 222, 290
35, 64, 99, 209, 259, 300
36, 63, 107, 207, 267, 311
37, 76, 110, 182, 230, 288
38, 67, 117, 177, 237, 286
39, 73, 114, 186, 244, 291
40, 65, 115, 184, 248, 313
41, 69, 106, 202, 241, 282
42, 66, 112, 187, 268, 320
43, 62, 116, 205, 253, 289
44, 74, 119, 173, 225, 278
45, 92, 139, 172, 232, 306
46, 80, 135, 171, 251, 325
47, 75, 131, 167, 238, 314
48, 78, 134, 181, 239, 312
49, 81, 141, 169, 240, 315
50, 83, 140, 170, 234, 299
51, 82, 136, 180, 256, 323
52, 84, 137, 193, 265, 319
53, 71, 128, 176, 246, 321
