FLL Scheduler GA Summary Report (ID: 2132126146608 | Hash: -1854947680715829860)

Attributes:
--------------------
rank: 0
origin: (C | RoundTypeCrossover)
mutations: 0
clones: 0
_hash: -1854947680715829860
Length: 318

Fitness:
--------------------------
BreakTime           : 0.31062795876048954
LocationConsistency : 0.0
OpponentVariety     : 0.8754111684107535
-----------------------------------
Total               : 1.186039127171243
Percentage          : 39.53%

Per-Objective Statistics (Team Distribution):
-----------------------------------------------------------------
Objective                 | Min      | Max      | Avg      | Range   
-----------------------------------------------------------------
BreakTime                 | 0.0004   | 0.9193   | 0.5394   | 0.9189  
LocationConsistency       | 0.0417   | 0.6417   | 0.2406   | 0.6000  
OpponentVariety           | 0.7527   | 1.0000   | 0.9953   | 0.2473  

Team fitnesses (sorted by total fitness descending):
----------------------------------------------------
Max     : 2.314821
Min     : 1.019778
Range   : 1.295043
Average : 1.775282

Team |BreakTime |LocationConsistency |OpponentVariety |Sum
------------------------------------------------------------
44   |0.6732    |0.6417              |1.0000          |2.3148
1    |0.6485    |0.6417              |1.0000          |2.2902
47   |0.9193    |0.3500              |1.0000          |2.2693
10   |0.6158    |0.6417              |1.0000          |2.2575
15   |0.5619    |0.6417              |1.0000          |2.2036
46   |0.9185    |0.2667              |1.0000          |2.1852
45   |0.9139    |0.2667              |1.0000          |2.1805
49   |0.8925    |0.2667              |1.0000          |2.1592
53   |0.8865    |0.2667              |1.0000          |2.1531
52   |0.8793    |0.2667              |1.0000          |2.1460
50   |0.7914    |0.2667              |1.0000          |2.0581
3    |0.6216    |0.3667              |1.0000          |1.9883
9    |0.6005    |0.3667              |1.0000          |1.9672
36   |0.6044    |0.3500              |1.0000          |1.9544
25   |0.6013    |0.3500              |1.0000          |1.9513
39   |0.6637    |0.2667              |1.0000          |1.9304
48   |0.8630    |0.0667              |1.0000          |1.9297
51   |0.8672    |0.0417              |1.0000          |1.9088
6    |0.6329    |0.2667              |1.0000          |1.8995
37   |0.6273    |0.2667              |1.0000          |1.8939
43   |0.6257    |0.2667              |1.0000          |1.8923
18   |0.5389    |0.3500              |1.0000          |1.8889
11   |0.5379    |0.3500              |1.0000          |1.8879
30   |0.5133    |0.3500              |1.0000          |1.8633
40   |0.5936    |0.2667              |1.0000          |1.8603
12   |0.5901    |0.2667              |1.0000          |1.8568
8    |0.5774    |0.2667              |1.0000          |1.8440
14   |0.5758    |0.2667              |1.0000          |1.8424
5    |0.5719    |0.2667              |1.0000          |1.8385
16   |0.5556    |0.2667              |1.0000          |1.8223
42   |0.6764    |0.0500              |1.0000          |1.7264
38   |0.6673    |0.0417              |1.0000          |1.7089
4    |0.5895    |0.0500              |1.0000          |1.6395
13   |0.5920    |0.0417              |1.0000          |1.6336
41   |0.5809    |0.0417              |1.0000          |1.6226
23   |0.5397    |0.0750              |1.0000          |1.6147
2    |0.5640    |0.0417              |1.0000          |1.6057
31   |0.5616    |0.0417              |1.0000          |1.6032
17   |0.5543    |0.0417              |1.0000          |1.5960
35   |0.5515    |0.0417              |1.0000          |1.5931
7    |0.5474    |0.0417              |1.0000          |1.5891
22   |0.5082    |0.0417              |1.0000          |1.5499
19   |0.4972    |0.0500              |1.0000          |1.5472
32   |0.5002    |0.0417              |1.0000          |1.5419
29   |0.0475    |0.3500              |1.0000          |1.3975
24   |0.0465    |0.3500              |1.0000          |1.3965
28   |0.0004    |0.3667              |1.0000          |1.3671
33   |0.0045    |0.3500              |1.0000          |1.3545
21   |0.0454    |0.2667              |1.0000          |1.3121
26   |0.0004    |0.2667              |1.0000          |1.2671
34   |0.0488    |0.0750              |1.0000          |1.1238
27   |0.0004    |0.0417              |1.0000          |1.0421
20   |0.0004    |0.2667              |0.7527          |1.0198

Team Events (sorted, for dev use, diff check with others to ensure truly different schedules created):
------------------------------------------------------------
0, 102, 160, 178, 224, 286
1, 100, 144, 210, 277, 318
2, 101, 157, 189, 242, 308
3, 98, 148, 183, 232, 295
4, 97, 146, 196, 243, 297
5, 109, 154, 175, 238, 301
6, 95, 142, 205, 249, 292
7, 108, 153, 208, 260, 310
8, 99, 155, 187, 228, 287
9, 125, 158, 182, 261, 322
10, 122, 150, 198, 263, 303
11, 120, 165, 197, 255, 316
12, 121, 163, 174, 223, 280
13, 126, 161, 193, 269, 306
14, 112, 164, 200, 252, 309
15, 118, 156, 195, 247, 302
16, 123, 162, 192, 231, 284
17, 124, 152, 213, 276, 324
18, 60, 143, 217, 273, 317
19, 85, 130, 212, 226, 271
20, 79, 149, 191, 236, 272
21, 59, 145, 204, 256, 294
22, 57, 151, 203, 251, 307
23, 71, 147, 215, 264, 304
25, 54, 159, 170, 214, 274
26, 73, 138, 201, 220, 275
27, 88, 103, 221, 266, 278
28, 94, 110, 216, 262, 279
29, 69, 91, 219, 259, 298
30, 61, 90, 190, 234, 282
31, 56, 89, 172, 218, 283
32, 58, 87, 211, 254, 296
33, 76, 86, 206, 229, 270
34, 64, 96, 209, 257, 300
35, 55, 93, 179, 222, 289
36, 63, 106, 207, 267, 311
37, 77, 111, 188, 237, 290
38, 67, 116, 177, 230, 293
39, 75, 119, 167, 225, 285
40, 62, 117, 199, 253, 291
41, 68, 107, 202, 240, 281
42, 66, 113, 184, 268, 320
43, 72, 115, 185, 239, 288
44, 65, 114, 186, 248, 313
45, 83, 141, 171, 241, 314
46, 82, 135, 169, 250, 325
47, 74, 131, 173, 245, 315
48, 78, 134, 181, 244, 312
49, 70, 127, 176, 246, 321
50, 84, 137, 194, 265, 319
51, 81, 136, 180, 258, 323
52, 80, 140, 168, 233, 299
53, 92, 139, 166, 235, 305
