FLL Scheduler GA Summary Report (ID: 2132037139952 | Hash: -7389333507744299972)

Attributes:
--------------------
rank: 0
origin: (C | RoundTypeCrossover)
mutations: 0
clones: 0
_hash: -7389333507744299972
Length: 318

Fitness:
--------------------------
BreakTime           : 0.31062795876048954
LocationConsistency : 0.0
OpponentVariety     : 0.8754111684107535
-----------------------------------
Total               : 1.186039127171243
Percentage          : 39.53%

Per-Objective Statistics (Team Distribution):
-----------------------------------------------------------------
Objective                 | Min      | Max      | Avg      | Range   
-----------------------------------------------------------------
BreakTime                 | 0.0004   | 0.9193   | 0.5394   | 0.9189  
LocationConsistency       | 0.0417   | 0.6417   | 0.2091   | 0.6000  
OpponentVariety           | 0.7527   | 1.0000   | 0.9953   | 0.2473  

Team fitnesses (sorted by total fitness descending):
----------------------------------------------------
Max     : 2.314821
Min     : 1.050419
Range   : 1.264402
Average : 1.743835

Team |BreakTime |LocationConsistency |OpponentVariety |Sum
------------------------------------------------------------
41   |0.6732    |0.6417              |1.0000          |2.3148
45   |0.9139    |0.3500              |1.0000          |2.2639
16   |0.6158    |0.6417              |1.0000          |2.2575
42   |0.6044    |0.6417              |1.0000          |2.2460
53   |0.8865    |0.3500              |1.0000          |2.2365
50   |0.8630    |0.3667              |1.0000          |2.2297
48   |0.8793    |0.3500              |1.0000          |2.2293
51   |0.9193    |0.2667              |1.0000          |2.1860
49   |0.8925    |0.2667              |1.0000          |2.1592
52   |0.7914    |0.2667              |1.0000          |2.0581
46   |0.9185    |0.0417              |1.0000          |1.9602
22   |0.6013    |0.3500              |1.0000          |1.9513
39   |0.6637    |0.2667              |1.0000          |1.9304
47   |0.8672    |0.0500              |1.0000          |1.9172
37   |0.6273    |0.2667              |1.0000          |1.8939
40   |0.6257    |0.2667              |1.0000          |1.8923
10   |0.5920    |0.2667              |1.0000          |1.8586
24   |0.5082    |0.3500              |1.0000          |1.8582
4    |0.5895    |0.2667              |1.0000          |1.8562
32   |0.5002    |0.3500              |1.0000          |1.8502
38   |0.5809    |0.2667              |1.0000          |1.8476
5    |0.5719    |0.2667              |1.0000          |1.8385
2    |0.5640    |0.2667              |1.0000          |1.8307
15   |0.5619    |0.2667              |1.0000          |1.8286
11   |0.5556    |0.2667              |1.0000          |1.8223
6    |0.5474    |0.2667              |1.0000          |1.8141
30   |0.5133    |0.2667              |1.0000          |1.7800
36   |0.6764    |0.0500              |1.0000          |1.7264
43   |0.6673    |0.0417              |1.0000          |1.7089
1    |0.6485    |0.0417              |1.0000          |1.6902
3    |0.6216    |0.0667              |1.0000          |1.6883
9    |0.6329    |0.0417              |1.0000          |1.6745
44   |0.5936    |0.0667              |1.0000          |1.6603
7    |0.6005    |0.0417              |1.0000          |1.6422
19   |0.0004    |0.6417              |1.0000          |1.6421
12   |0.5901    |0.0417              |1.0000          |1.6318
8    |0.5774    |0.0500              |1.0000          |1.6274
18   |0.5758    |0.0417              |1.0000          |1.6174
34   |0.5616    |0.0500              |1.0000          |1.6116
14   |0.5543    |0.0500              |1.0000          |1.6043
35   |0.5515    |0.0417              |1.0000          |1.5931
20   |0.5397    |0.0500              |1.0000          |1.5897
13   |0.5389    |0.0500              |1.0000          |1.5889
17   |0.5379    |0.0500              |1.0000          |1.5879
23   |0.4972    |0.0417              |1.0000          |1.5389
27   |0.0475    |0.2667              |1.0000          |1.3141
28   |0.0004    |0.2667              |1.0000          |1.2671
29   |0.0488    |0.0667              |1.0000          |1.1154
25   |0.0004    |0.3500              |0.7527          |1.1031
21   |0.0454    |0.0500              |1.0000          |1.0954
26   |0.0465    |0.0417              |1.0000          |1.0882
33   |0.0045    |0.0500              |1.0000          |1.0545
31   |0.0004    |0.0500              |1.0000          |1.0504

Team Events (sorted, for dev use, diff check with others to ensure truly different schedules created):
------------------------------------------------------------
0, 103, 161, 178, 224, 286
1, 101, 147, 208, 277, 318
2, 100, 156, 189, 241, 302
3, 97, 143, 183, 232, 301
4, 98, 145, 191, 240, 298
5, 94, 149, 205, 249, 292
6, 96, 154, 187, 228, 287
7, 108, 152, 211, 254, 310
8, 109, 155, 175, 244, 294
9, 120, 163, 174, 223, 283
10, 119, 157, 192, 247, 308
11, 121, 165, 190, 258, 316
12, 123, 153, 207, 276, 324
13, 125, 162, 195, 231, 279
14, 115, 164, 203, 253, 303
15, 122, 158, 182, 255, 322
16, 124, 151, 198, 262, 309
17, 126, 160, 194, 268, 305
19, 75, 138, 202, 220, 275
20, 59, 150, 200, 250, 304
21, 79, 142, 196, 236, 273
22, 61, 159, 170, 215, 274
23, 55, 148, 219, 272, 317
24, 56, 146, 204, 256, 300
25, 85, 130, 206, 226, 270
26, 71, 144, 214, 267, 306
27, 62, 88, 217, 261, 296
28, 95, 110, 218, 263, 284
29, 67, 99, 210, 257, 295
30, 54, 89, 197, 234, 281
31, 90, 102, 221, 265, 285
32, 57, 87, 209, 259, 299
33, 76, 86, 213, 229, 271
34, 58, 91, 173, 216, 280
35, 60, 93, 179, 222, 289
36, 65, 114, 184, 269, 320
37, 77, 111, 188, 237, 290
38, 63, 105, 201, 243, 282
39, 72, 118, 167, 225, 278
40, 74, 112, 185, 245, 288
41, 66, 113, 186, 248, 313
42, 68, 104, 212, 264, 311
43, 64, 116, 177, 230, 293
44, 69, 117, 199, 252, 291
45, 83, 140, 171, 242, 314
46, 82, 135, 169, 251, 325
47, 81, 136, 180, 260, 323
48, 80, 141, 168, 233, 297
49, 70, 131, 176, 246, 321
50, 78, 134, 181, 238, 312
51, 73, 127, 172, 239, 315
52, 84, 137, 193, 266, 319
53, 92, 139, 166, 235, 307
