FLL Scheduler GA Summary Report (ID: 2132118890288 | Hash: -4040337217088044784)

Attributes:
--------------------
rank: 0
origin: (C | TimeSlotCrossover)
mutations: 0
clones: 0
_hash: -4040337217088044784
Length: 318

Fitness:
--------------------------
BreakTime           : 0.31062795876048954
LocationConsistency : 0.0
OpponentVariety     : 0.8754111684107535
-----------------------------------
Total               : 1.186039127171243
Percentage          : 39.53%

Per-Objective Statistics (Team Distribution):
-----------------------------------------------------------------
Objective                 | Min      | Max      | Avg      | Range   
-----------------------------------------------------------------
BreakTime                 | 0.0004   | 0.9193   | 0.5394   | 0.9189  
LocationConsistency       | 0.0417   | 0.6417   | 0.2256   | 0.6000  
OpponentVariety           | 0.7527   | 1.0000   | 0.9953   | 0.2473  

Team fitnesses (sorted by total fitness descending):
----------------------------------------------------
Max     : 2.433100
Min     : 0.803112
Range   : 1.629989
Average : 1.760345

Team |BreakTime |LocationConsistency |OpponentVariety |Sum
------------------------------------------------------------
46   |0.7914    |0.6417              |1.0000          |2.4331
13   |0.6158    |0.6417              |1.0000          |2.2575
36   |0.6044    |0.6417              |1.0000          |2.2460
52   |0.9185    |0.2667              |1.0000          |2.1852
11   |0.5379    |0.6417              |1.0000          |2.1796
49   |0.8925    |0.2667              |1.0000          |2.1592
50   |0.8865    |0.2667              |1.0000          |2.1531
45   |0.8672    |0.2667              |1.0000          |2.1338
42   |0.6764    |0.3500              |1.0000          |2.0264
39   |0.6732    |0.3500              |1.0000          |2.0232
6    |0.6329    |0.3500              |1.0000          |1.9829
51   |0.9193    |0.0417              |1.0000          |1.9610
53   |0.9139    |0.0417              |1.0000          |1.9555
4    |0.5895    |0.3500              |1.0000          |1.9395
41   |0.6637    |0.2667              |1.0000          |1.9304
48   |0.8793    |0.0500              |1.0000          |1.9293
16   |0.5556    |0.3667              |1.0000          |1.9223
9    |0.6485    |0.2667              |1.0000          |1.9152
47   |0.8630    |0.0500              |1.0000          |1.9130
34   |0.5616    |0.3500              |1.0000          |1.9116
7    |0.5474    |0.3500              |1.0000          |1.8974
37   |0.6273    |0.2667              |1.0000          |1.8939
19   |0.5397    |0.3500              |1.0000          |1.8897
3    |0.6216    |0.2667              |1.0000          |1.8883
43   |0.5936    |0.2667              |1.0000          |1.8603
12   |0.5901    |0.2667              |1.0000          |1.8568
32   |0.5002    |0.3500              |1.0000          |1.8502
8    |0.5774    |0.2667              |1.0000          |1.8440
14   |0.5758    |0.2667              |1.0000          |1.8424
35   |0.5515    |0.2667              |1.0000          |1.8181
30   |0.5133    |0.2667              |1.0000          |1.7800
26   |0.4972    |0.2667              |1.0000          |1.7639
38   |0.6673    |0.0417              |1.0000          |1.7089
40   |0.6257    |0.0667              |1.0000          |1.6923
21   |0.0465    |0.6417              |1.0000          |1.6882
25   |0.6013    |0.0667              |1.0000          |1.6680
1    |0.6005    |0.0667              |1.0000          |1.6672
10   |0.5920    |0.0417              |1.0000          |1.6336
44   |0.5809    |0.0500              |1.0000          |1.6309
5    |0.5719    |0.0500              |1.0000          |1.6219
2    |0.5640    |0.0500              |1.0000          |1.6140
15   |0.5389    |0.0750              |1.0000          |1.6139
18   |0.5543    |0.0500              |1.0000          |1.6043
17   |0.5619    |0.0417              |1.0000          |1.6036
20   |0.5082    |0.0667              |1.0000          |1.5749
24   |0.0004    |0.3667              |1.0000          |1.3671
23   |0.0454    |0.0667              |1.0000          |1.1121
29   |0.0488    |0.0500              |1.0000          |1.0988
27   |0.0475    |0.0500              |1.0000          |1.0975
28   |0.0004    |0.0667              |1.0000          |1.0671
33   |0.0045    |0.0417              |1.0000          |1.0461
31   |0.0004    |0.0417              |1.0000          |1.0421
22   |0.0004    |0.0500              |0.7527          |0.8031

Team Events (sorted, for dev use, diff check with others to ensure truly different schedules created):
------------------------------------------------------------
0, 96, 152, 187, 226, 287
1, 100, 147, 208, 277, 325
2, 101, 156, 189, 241, 303
3, 97, 143, 183, 232, 295
4, 98, 145, 196, 240, 296
5, 109, 153, 175, 239, 301
6, 94, 149, 205, 250, 293
7, 108, 154, 211, 260, 310
8, 104, 161, 178, 224, 286
9, 121, 163, 174, 223, 282
10, 119, 150, 198, 263, 308
11, 120, 165, 197, 254, 316
12, 122, 158, 182, 261, 322
13, 132, 160, 192, 269, 305
14, 123, 155, 207, 276, 319
15, 125, 157, 195, 247, 309
16, 113, 164, 203, 253, 302
17, 118, 162, 193, 231, 279
18, 57, 151, 200, 249, 304
19, 58, 146, 204, 259, 294
20, 71, 144, 215, 264, 307
21, 85, 131, 206, 228, 270
22, 78, 142, 191, 236, 273
23, 74, 138, 202, 221, 275
24, 55, 159, 169, 214, 274
25, 61, 148, 218, 272, 317
27, 69, 91, 216, 256, 298
28, 95, 111, 219, 262, 284
29, 64, 99, 210, 258, 300
30, 60, 90, 190, 234, 280
31, 88, 105, 220, 266, 285
32, 59, 87, 209, 255, 297
33, 76, 86, 213, 227, 271
34, 56, 89, 166, 217, 281
35, 54, 93, 179, 222, 289
36, 63, 107, 212, 267, 311
37, 77, 110, 188, 237, 290
38, 67, 117, 177, 230, 292
39, 65, 114, 186, 251, 315
40, 75, 115, 185, 238, 288
41, 72, 124, 172, 225, 278
42, 66, 112, 184, 268, 320
43, 62, 116, 199, 252, 291
44, 68, 106, 201, 243, 283
45, 81, 136, 180, 257, 323
46, 84, 137, 194, 265, 324
47, 79, 134, 181, 245, 314
48, 80, 140, 171, 233, 299
49, 70, 130, 176, 246, 321
50, 92, 139, 173, 235, 306
51, 73, 133, 167, 244, 312
52, 82, 135, 170, 248, 318
53, 83, 141, 168, 242, 313
