FLL Scheduler GA Summary Report (ID: 2132111936864 | Hash: 1297618363302807949)

Attributes:
--------------------
rank: 0
origin: (C | KPoint(k=1))
mutations: 0
clones: 0
_hash: 1297618363302807949
Length: 318

Fitness:
--------------------------
BreakTime           : 0.31062795876048954
LocationConsistency : 0.0
OpponentVariety     : 0.8754111684107535
-----------------------------------
Total               : 1.186039127171243
Percentage          : 39.53%

Per-Objective Statistics (Team Distribution):
-----------------------------------------------------------------
Objective                 | Min      | Max      | Avg      | Range   
-----------------------------------------------------------------
BreakTime                 | 0.0004   | 0.9193   | 0.5394   | 0.9189  
LocationConsistency       | 0.0417   | 0.6417   | 0.1975   | 0.6000  
OpponentVariety           | 0.7527   | 1.0000   | 0.9953   | 0.2473  

Team fitnesses (sorted by total fitness descending):
----------------------------------------------------
Max     : 2.504678
Min     : 1.042102
Range   : 1.462576
Average : 1.732200

Team |BreakTime |LocationConsistency |OpponentVariety |Sum
------------------------------------------------------------
50   |0.8630    |0.6417              |1.0000          |2.5047
49   |0.8925    |0.3500              |1.0000          |2.2425
47   |0.8672    |0.3500              |1.0000          |2.2172
46   |0.9185    |0.2667              |1.0000          |2.1852
37   |0.6273    |0.3667              |1.0000          |1.9939
16   |0.6158    |0.3667              |1.0000          |1.9825
45   |0.9139    |0.0500              |1.0000          |1.9639
51   |0.9193    |0.0417              |1.0000          |1.9610
3    |0.6005    |0.3500              |1.0000          |1.9505
42   |0.6764    |0.2667              |1.0000          |1.9431
53   |0.8865    |0.0500              |1.0000          |1.9365
33   |0.5616    |0.3667              |1.0000          |1.9282
48   |0.8793    |0.0417              |1.0000          |1.9210
9    |0.6485    |0.2667              |1.0000          |1.9152
11   |0.5556    |0.3500              |1.0000          |1.9056
14   |0.5543    |0.3500              |1.0000          |1.9043
40   |0.6257    |0.2667              |1.0000          |1.8923
24   |0.5397    |0.3500              |1.0000          |1.8897
17   |0.5379    |0.3500              |1.0000          |1.8879
36   |0.6044    |0.2667              |1.0000          |1.8710
12   |0.5901    |0.2667              |1.0000          |1.8568
2    |0.5895    |0.2667              |1.0000          |1.8562
38   |0.5809    |0.2667              |1.0000          |1.8476
52   |0.7914    |0.0500              |1.0000          |1.8414
1    |0.5719    |0.2667              |1.0000          |1.8385
7    |0.5640    |0.2667              |1.0000          |1.8307
8    |0.5474    |0.2667              |1.0000          |1.8141
28   |0.5133    |0.2667              |1.0000          |1.7800
41   |0.6732    |0.0667              |1.0000          |1.7398
43   |0.6673    |0.0500              |1.0000          |1.7173
39   |0.6637    |0.0417              |1.0000          |1.7054
5    |0.6216    |0.0667              |1.0000          |1.6883
21   |0.6013    |0.0750              |1.0000          |1.6763
6    |0.6329    |0.0417              |1.0000          |1.6745
10   |0.5920    |0.0667              |1.0000          |1.6586
44   |0.5936    |0.0500              |1.0000          |1.6436
4    |0.5774    |0.0500              |1.0000          |1.6274
18   |0.5758    |0.0417              |1.0000          |1.6174
15   |0.5619    |0.0417              |1.0000          |1.6036
35   |0.5515    |0.0417              |1.0000          |1.5931
13   |0.5389    |0.0500              |1.0000          |1.5889
22   |0.5082    |0.0667              |1.0000          |1.5749
20   |0.4972    |0.0667              |1.0000          |1.5639
32   |0.5002    |0.0417              |1.0000          |1.5419
30   |0.0045    |0.5250              |1.0000          |1.5295
34   |0.0004    |0.3667              |1.0000          |1.3671
31   |0.0475    |0.2667              |1.0000          |1.3141
19   |0.0465    |0.2667              |1.0000          |1.3132
29   |0.0488    |0.0667              |1.0000          |1.1154
26   |0.0004    |0.3500              |0.7527          |1.1031
23   |0.0454    |0.0500              |1.0000          |1.0954
27   |0.0004    |0.0500              |1.0000          |1.0504
25   |0.0004    |0.0417              |1.0000          |1.0421

Team Events (sorted, for dev use, diff check with others to ensure truly different schedules created):
------------------------------------------------------------
0, 98, 145, 191, 240, 297
1, 97, 143, 188, 232, 295
2, 96, 153, 185, 228, 292
3, 103, 154, 211, 254, 310
4, 100, 156, 183, 241, 302
5, 102, 152, 175, 244, 301
6, 101, 146, 208, 277, 318
7, 94, 149, 205, 250, 287
8, 109, 161, 178, 224, 293
9, 122, 162, 174, 223, 283
10, 124, 157, 192, 252, 308
11, 123, 164, 190, 261, 316
12, 118, 155, 207, 276, 324
13, 121, 163, 195, 231, 279
14, 113, 165, 203, 246, 303
15, 119, 159, 189, 255, 322
16, 120, 150, 198, 262, 309
17, 132, 160, 194, 269, 305
18, 76, 144, 214, 264, 306
19, 60, 148, 218, 272, 317
20, 54, 158, 170, 215, 274
21, 59, 147, 204, 256, 294
23, 79, 142, 196, 236, 273
24, 56, 151, 201, 249, 304
25, 72, 137, 202, 220, 275
26, 85, 130, 206, 226, 270
27, 88, 108, 221, 266, 285
28, 61, 91, 197, 234, 281
29, 67, 99, 210, 257, 300
30, 71, 87, 213, 229, 271
31, 62, 90, 216, 258, 299
32, 58, 86, 209, 260, 296
33, 57, 89, 173, 217, 280
34, 95, 111, 219, 263, 284
35, 55, 93, 179, 222, 290
36, 68, 105, 212, 267, 311
37, 70, 110, 182, 237, 288
38, 63, 104, 200, 243, 282
39, 75, 125, 167, 225, 278
40, 73, 115, 186, 245, 291
41, 66, 114, 184, 251, 313
42, 65, 112, 187, 268, 321
43, 64, 117, 177, 230, 286
44, 69, 116, 199, 247, 289
45, 80, 134, 171, 242, 314
46, 81, 140, 169, 248, 325
47, 82, 139, 180, 259, 323
48, 83, 135, 168, 233, 298
49, 77, 131, 176, 253, 320
50, 78, 141, 181, 238, 312
51, 74, 133, 172, 239, 315
52, 84, 138, 193, 265, 319
53, 92, 136, 166, 235, 307
