FLL Scheduler GA Summary Report (ID: 2132037127744 | Hash: -7463518596382442739)

Attributes:
--------------------
rank: 0
origin: (C | KPoint(k=1))
mutations: 0
clones: 0
_hash: -7463518596382442739
Length: 318

Fitness:
--------------------------
BreakTime           : 0.31062795876048954
LocationConsistency : 0.0
OpponentVariety     : 0.8754111684107535
-----------------------------------
Total               : 1.186039127171243
Percentage          : 39.53%

Per-Objective Statistics (Team Distribution):
-----------------------------------------------------------------
Objective                 | Min      | Max      | Avg      | Range   
-----------------------------------------------------------------
BreakTime                 | 0.0004   | 0.9193   | 0.5394   | 0.9189  
LocationConsistency       | 0.0417   | 0.6417   | 0.2266   | 0.6000  
OpponentVariety           | 0.7527   | 1.0000   | 0.9953   | 0.2473  

Team fitnesses (sorted by total fitness descending):
----------------------------------------------------
Max     : 2.528134
Min     : 1.019778
Range   : 1.508355
Average : 1.761288

Team |BreakTime |LocationConsistency |OpponentVariety |Sum
------------------------------------------------------------
46   |0.8865    |0.6417              |1.0000          |2.5281
40   |0.6732    |0.6417              |1.0000          |2.3148
37   |0.6273    |0.6417              |1.0000          |2.2689
7    |0.5719    |0.6417              |1.0000          |2.2135
4    |0.5640    |0.6417              |1.0000          |2.2057
45   |0.9185    |0.2667              |1.0000          |2.1852
49   |0.9139    |0.2667              |1.0000          |2.1805
53   |0.8925    |0.2667              |1.0000          |2.1592
28   |0.5002    |0.6417              |1.0000          |2.1419
48   |0.8630    |0.2667              |1.0000          |2.1297
5    |0.6216    |0.3667              |1.0000          |1.9883
47   |0.9193    |0.0417              |1.0000          |1.9610
38   |0.6044    |0.3500              |1.0000          |1.9544
2    |0.5895    |0.3500              |1.0000          |1.9395
51   |0.8672    |0.0667              |1.0000          |1.9338
50   |0.8793    |0.0500              |1.0000          |1.9293
33   |0.5616    |0.3667              |1.0000          |1.9282
44   |0.6257    |0.2667              |1.0000          |1.8923
20   |0.5397    |0.3500              |1.0000          |1.8897
16   |0.6158    |0.2667              |1.0000          |1.8825
23   |0.6013    |0.2667              |1.0000          |1.8680
39   |0.5936    |0.2667              |1.0000          |1.8603
41   |0.5809    |0.2667              |1.0000          |1.8476
15   |0.5758    |0.2667              |1.0000          |1.8424
52   |0.7914    |0.0417              |1.0000          |1.8331
17   |0.5619    |0.2667              |1.0000          |1.8286
10   |0.5556    |0.2667              |1.0000          |1.8223
11   |0.5379    |0.2667              |1.0000          |1.8046
42   |0.6764    |0.0500              |1.0000          |1.7264
36   |0.6673    |0.0500              |1.0000          |1.7173
43   |0.6637    |0.0417              |1.0000          |1.7054
1    |0.6485    |0.0417              |1.0000          |1.6902
8    |0.6329    |0.0417              |1.0000          |1.6745
9    |0.6005    |0.0500              |1.0000          |1.6505
13   |0.5920    |0.0417              |1.0000          |1.6336
12   |0.5901    |0.0417              |1.0000          |1.6318
6    |0.5474    |0.0750              |1.0000          |1.6224
14   |0.5543    |0.0667              |1.0000          |1.6210
3    |0.5774    |0.0417              |1.0000          |1.6190
18   |0.5389    |0.0750              |1.0000          |1.6139
34   |0.5515    |0.0417              |1.0000          |1.5931
30   |0.5133    |0.0500              |1.0000          |1.5633
25   |0.5082    |0.0417              |1.0000          |1.5499
21   |0.4972    |0.0417              |1.0000          |1.5389
35   |0.0488    |0.3500              |1.0000          |1.3988
29   |0.0045    |0.3667              |1.0000          |1.3711
31   |0.0004    |0.3667              |1.0000          |1.3671
27   |0.0004    |0.3500              |1.0000          |1.3504
22   |0.0454    |0.0667              |1.0000          |1.1121
32   |0.0475    |0.0500              |1.0000          |1.0975
26   |0.0465    |0.0500              |1.0000          |1.0965
24   |0.0004    |0.0500              |1.0000          |1.0504
19   |0.0004    |0.2667              |0.7527          |1.0198

Team Events (sorted, for dev use, diff check with others to ensure truly different schedules created):
------------------------------------------------------------
0, 105, 163, 178, 224, 286
1, 98, 143, 183, 235, 295
2, 103, 154, 208, 260, 310
3, 94, 147, 211, 277, 318
4, 95, 151, 188, 241, 303
5, 101, 149, 204, 249, 292
6, 96, 145, 191, 240, 297
7, 102, 152, 175, 244, 301
8, 99, 153, 186, 226, 287
9, 124, 150, 192, 247, 308
10, 120, 157, 198, 263, 309
11, 123, 165, 190, 255, 316
12, 122, 160, 174, 223, 283
13, 121, 161, 195, 236, 279
14, 132, 162, 194, 269, 304
15, 119, 158, 182, 261, 322
16, 112, 164, 202, 252, 302
17, 118, 155, 212, 276, 324
18, 85, 129, 213, 228, 270
19, 57, 156, 201, 250, 305
20, 55, 148, 218, 272, 317
21, 78, 142, 196, 231, 273
22, 60, 159, 169, 215, 274
23, 72, 138, 203, 220, 275
24, 59, 146, 205, 256, 294
26, 77, 144, 214, 266, 306
27, 89, 104, 221, 265, 285
28, 58, 86, 210, 254, 296
29, 71, 87, 206, 227, 271
30, 54, 91, 197, 233, 281
31, 100, 116, 219, 262, 284
32, 69, 90, 216, 259, 299
33, 56, 88, 167, 217, 280
34, 61, 92, 179, 222, 289
35, 64, 97, 209, 257, 300
36, 67, 110, 177, 237, 293
37, 70, 117, 189, 230, 290
38, 63, 107, 207, 264, 311
39, 62, 111, 199, 253, 291
40, 65, 115, 187, 248, 313
41, 68, 106, 200, 243, 282
42, 66, 113, 184, 268, 320
43, 74, 125, 172, 225, 278
44, 73, 114, 185, 245, 288
45, 82, 135, 170, 251, 325
46, 93, 139, 173, 232, 307
47, 75, 133, 166, 239, 314
48, 79, 134, 181, 238, 312
49, 83, 140, 168, 242, 315
50, 80, 141, 171, 234, 298
51, 81, 137, 180, 258, 323
52, 84, 136, 193, 267, 319
53, 76, 128, 176, 246, 321
