FLL Scheduler GA Summary Report (ID: 2132111938544 | Hash: 8882805920453790984)

Attributes:
--------------------
rank: 0
origin: (C | TimeSlotCrossover)
mutations: 0
clones: 0
_hash: 8882805920453790984
Length: 318

Fitness:
--------------------------
BreakTime           : 0.31062795876048954
LocationConsistency : 0.0
OpponentVariety     : 0.8754111684107535
-----------------------------------
Total               : 1.186039127171243
Percentage          : 39.53%

Per-Objective Statistics (Team Distribution):
-----------------------------------------------------------------
Objective                 | Min      | Max      | Avg      | Range   
-----------------------------------------------------------------
BreakTime                 | 0.0004   | 0.9193   | 0.5394   | 0.9189  
LocationConsistency       | 0.0417   | 0.6417   | 0.2000   | 0.6000  
OpponentVariety           | 0.7527   | 1.0000   | 0.9953   | 0.2473  

Team fitnesses (sorted by total fitness descending):
----------------------------------------------------
Max     : 2.388011
Min     : 0.794778
Range   : 1.593233
Average : 1.734716

Team |BreakTime |LocationConsistency |OpponentVariety |Sum
------------------------------------------------------------
48   |0.8630    |0.5250              |1.0000          |2.3880
39   |0.6257    |0.6417              |1.0000          |2.2673
9    |0.5895    |0.6417              |1.0000          |2.2312
11   |0.5556    |0.6417              |1.0000          |2.1973
47   |0.9193    |0.2667              |1.0000          |2.1860
51   |0.9185    |0.2667              |1.0000          |2.1852
45   |0.9139    |0.2667              |1.0000          |2.1805
52   |0.8672    |0.2667              |1.0000          |2.1338
46   |0.7914    |0.2667              |1.0000          |2.0581
38   |0.6764    |0.3500              |1.0000          |2.0264
41   |0.6732    |0.3500              |1.0000          |2.0232
25   |0.6013    |0.3500              |1.0000          |1.9513
53   |0.8925    |0.0417              |1.0000          |1.9342
37   |0.6637    |0.2667              |1.0000          |1.9304
50   |0.8793    |0.0500              |1.0000          |1.9293
32   |0.5616    |0.3667              |1.0000          |1.9282
49   |0.8865    |0.0417              |1.0000          |1.9281
1    |0.6485    |0.2667              |1.0000          |1.9152
14   |0.5543    |0.3500              |1.0000          |1.9043
15   |0.6158    |0.2667              |1.0000          |1.8825
42   |0.6044    |0.2667              |1.0000          |1.8710
10   |0.5920    |0.2667              |1.0000          |1.8586
8    |0.5719    |0.2667              |1.0000          |1.8385
3    |0.5474    |0.2667              |1.0000          |1.8141
20   |0.5397    |0.2667              |1.0000          |1.8064
43   |0.6673    |0.0500              |1.0000          |1.7173
40   |0.6273    |0.0667              |1.0000          |1.6939
2    |0.6216    |0.0667              |1.0000          |1.6883
5    |0.6329    |0.0500              |1.0000          |1.6829
6    |0.6005    |0.0500              |1.0000          |1.6505
17   |0.5901    |0.0500              |1.0000          |1.6401
44   |0.5936    |0.0417              |1.0000          |1.6353
36   |0.5809    |0.0500              |1.0000          |1.6309
18   |0.5758    |0.0500              |1.0000          |1.6258
7    |0.5774    |0.0417              |1.0000          |1.6190
4    |0.5640    |0.0417              |1.0000          |1.6057
12   |0.5619    |0.0417              |1.0000          |1.6036
31   |0.5515    |0.0417              |1.0000          |1.5931
16   |0.5389    |0.0500              |1.0000          |1.5889
13   |0.5379    |0.0500              |1.0000          |1.5879
22   |0.5082    |0.0667              |1.0000          |1.5749
26   |0.4972    |0.0750              |1.0000          |1.5722
33   |0.5133    |0.0417              |1.0000          |1.5550
27   |0.5002    |0.0500              |1.0000          |1.5502
34   |0.0488    |0.3500              |1.0000          |1.3988
24   |0.0004    |0.3500              |1.0000          |1.3504
30   |0.0004    |0.3500              |1.0000          |1.3504
23   |0.0465    |0.2667              |1.0000          |1.3132
19   |0.0454    |0.2667              |1.0000          |1.3121
29   |0.0475    |0.0417              |1.0000          |1.0891
35   |0.0045    |0.0750              |1.0000          |1.0795
28   |0.0004    |0.0667              |1.0000          |1.0671
21   |0.0004    |0.0417              |0.7527          |0.7948

Team Events (sorted, for dev use, diff check with others to ensure truly different schedules created):
------------------------------------------------------------
0, 107, 161, 177, 224, 293
1, 101, 157, 182, 241, 308
2, 94, 149, 198, 250, 287
3, 100, 146, 209, 271, 325
4, 102, 154, 180, 244, 301
5, 97, 155, 186, 228, 292
6, 103, 153, 210, 261, 310
7, 98, 145, 197, 240, 297
8, 96, 143, 188, 232, 295
9, 123, 162, 181, 223, 283
10, 118, 156, 194, 252, 302
11, 113, 164, 200, 246, 309
12, 121, 150, 204, 263, 303
13, 120, 163, 192, 231, 279
14, 124, 158, 189, 260, 322
15, 125, 152, 206, 270, 319
16, 122, 165, 196, 255, 316
17, 132, 160, 193, 269, 305
18, 79, 142, 190, 236, 275
19, 57, 151, 203, 249, 304
20, 85, 129, 207, 226, 276
21, 59, 147, 199, 258, 294
22, 77, 144, 214, 264, 307
23, 72, 137, 201, 220, 273
25, 54, 159, 168, 215, 272
26, 60, 148, 218, 274, 317
27, 58, 87, 208, 254, 296
28, 95, 111, 219, 262, 284
29, 69, 90, 216, 257, 299
30, 89, 106, 221, 266, 285
31, 55, 92, 176, 222, 290
32, 56, 88, 172, 217, 280
33, 61, 91, 191, 234, 281
34, 64, 99, 211, 259, 300
35, 71, 86, 213, 229, 277
36, 68, 105, 202, 243, 282
37, 74, 119, 167, 225, 278
38, 66, 112, 184, 268, 320
39, 73, 115, 185, 245, 291
40, 70, 110, 183, 237, 288
41, 65, 114, 187, 251, 313
42, 63, 104, 212, 267, 311
43, 67, 117, 178, 230, 286
44, 62, 116, 205, 247, 289
45, 81, 140, 169, 242, 315
46, 84, 138, 195, 265, 324
47, 75, 133, 173, 239, 314
48, 78, 134, 174, 238, 312
49, 93, 136, 166, 235, 306
50, 83, 141, 170, 233, 298
51, 80, 135, 171, 248, 318
52, 82, 139, 175, 256, 323
53, 76, 128, 179, 253, 321
