FLL Scheduler GA Summary Report (ID: 2132111939664 | Hash: -4050488448908162453)

Attributes:
--------------------
rank: 0
origin: (C | KPoint(k=3))
mutations: 0
clones: 0
_hash: -4050488448908162453
Length: 318

Fitness:
--------------------------
BreakTime           : 0.31062795876048954
LocationConsistency : 0.0
OpponentVariety     : 0.8754111684107535
-----------------------------------
Total               : 1.186039127171243
Percentage          : 39.53%

Per-Objective Statistics (Team Distribution):
-----------------------------------------------------------------
Objective                 | Min      | Max      | Avg      | Range   
-----------------------------------------------------------------
BreakTime                 | 0.0004   | 0.9193   | 0.5394   | 0.9189  
LocationConsistency       | 0.0417   | 0.6417   | 0.2003   | 0.6000  
OpponentVariety           | 0.7527   | 1.0000   | 0.9953   | 0.2473  

Team fitnesses (sorted by total fitness descending):
----------------------------------------------------
Max     : 2.388011
Min     : 0.803112
Range   : 1.584899
Average : 1.735030

Team |BreakTime |LocationConsistency |OpponentVariety |Sum
------------------------------------------------------------
48   |0.8630    |0.5250              |1.0000          |2.3880
45   |0.8865    |0.3500              |1.0000          |2.2365
17   |0.5619    |0.6417              |1.0000          |2.2036
47   |0.9193    |0.2667              |1.0000          |2.1860
53   |0.8925    |0.2667              |1.0000          |2.1592
28   |0.5133    |0.6417              |1.0000          |2.1550
50   |0.8793    |0.2667              |1.0000          |2.1460
51   |0.8672    |0.2667              |1.0000          |2.1338
37   |0.6273    |0.3500              |1.0000          |1.9773
23   |0.6013    |0.3667              |1.0000          |1.9680
46   |0.9185    |0.0417              |1.0000          |1.9602
49   |0.9139    |0.0417              |1.0000          |1.9555
36   |0.6044    |0.3500              |1.0000          |1.9544
40   |0.6732    |0.2667              |1.0000          |1.9398
38   |0.6673    |0.2667              |1.0000          |1.9339
41   |0.5809    |0.3500              |1.0000          |1.9309
10   |0.5556    |0.3667              |1.0000          |1.9223
39   |0.6257    |0.2667              |1.0000          |1.8923
16   |0.6158    |0.2667              |1.0000          |1.8825
2    |0.5895    |0.2667              |1.0000          |1.8562
15   |0.5758    |0.2667              |1.0000          |1.8424
7    |0.5719    |0.2667              |1.0000          |1.8385
52   |0.7914    |0.0417              |1.0000          |1.8331
4    |0.5640    |0.2667              |1.0000          |1.8307
33   |0.5616    |0.2667              |1.0000          |1.8282
31   |0.5002    |0.2667              |1.0000          |1.7669
42   |0.6764    |0.0500              |1.0000          |1.7264
44   |0.6637    |0.0417              |1.0000          |1.7054
1    |0.6485    |0.0500              |1.0000          |1.6985
5    |0.6216    |0.0667              |1.0000          |1.6883
8    |0.6329    |0.0500              |1.0000          |1.6829
9    |0.6005    |0.0667              |1.0000          |1.6672
43   |0.5936    |0.0417              |1.0000          |1.6353
13   |0.5920    |0.0417              |1.0000          |1.6336
12   |0.5901    |0.0417              |1.0000          |1.6318
14   |0.5543    |0.0750              |1.0000          |1.6293
3    |0.5774    |0.0417              |1.0000          |1.6190
34   |0.5515    |0.0417              |1.0000          |1.5931
6    |0.5474    |0.0417              |1.0000          |1.5891
18   |0.5389    |0.0500              |1.0000          |1.5889
11   |0.5379    |0.0500              |1.0000          |1.5879
20   |0.5397    |0.0417              |1.0000          |1.5814
21   |0.4972    |0.0667              |1.0000          |1.5639
25   |0.5082    |0.0500              |1.0000          |1.5582
32   |0.0475    |0.3500              |1.0000          |1.3975
27   |0.0004    |0.3500              |1.0000          |1.3504
35   |0.0488    |0.2667              |1.0000          |1.3154
26   |0.0465    |0.2667              |1.0000          |1.3132
29   |0.0045    |0.2667              |1.0000          |1.2711
30   |0.0004    |0.2667              |1.0000          |1.2671
22   |0.0454    |0.0500              |1.0000          |1.0954
24   |0.0004    |0.0417              |1.0000          |1.0421
19   |0.0004    |0.0500              |0.7527          |0.8031

Team Events (sorted, for dev use, diff check with others to ensure truly different schedules created):
------------------------------------------------------------
0, 104, 163, 177, 225, 286
1, 97, 143, 182, 232, 295
2, 103, 154, 209, 260, 310
3, 100, 147, 211, 277, 318
4, 101, 157, 188, 241, 303
5, 94, 149, 199, 249, 292
6, 98, 145, 191, 240, 297
7, 102, 153, 180, 244, 301
8, 96, 152, 187, 226, 287
9, 124, 156, 192, 247, 308
10, 120, 151, 205, 268, 309
11, 123, 165, 190, 255, 316
12, 122, 160, 181, 222, 283
13, 121, 161, 195, 231, 279
14, 127, 162, 194, 262, 304
15, 119, 158, 183, 261, 322
16, 112, 164, 200, 252, 302
17, 118, 155, 213, 276, 324
18, 85, 130, 212, 228, 270
19, 56, 150, 203, 250, 305
20, 60, 148, 218, 272, 317
21, 79, 142, 196, 236, 273
22, 55, 159, 169, 215, 274
24, 72, 138, 201, 220, 275
25, 59, 146, 198, 256, 294
26, 70, 144, 214, 267, 306
27, 90, 105, 221, 265, 285
28, 61, 89, 197, 234, 281
29, 77, 86, 206, 227, 271
30, 95, 116, 219, 269, 284
31, 58, 87, 210, 254, 296
32, 68, 88, 216, 259, 299
33, 57, 91, 167, 217, 280
34, 54, 93, 176, 223, 289
35, 64, 99, 208, 257, 300
36, 63, 107, 207, 264, 311
37, 76, 117, 189, 237, 290
38, 67, 110, 178, 230, 293
39, 73, 114, 185, 245, 288
40, 65, 115, 186, 248, 313
41, 69, 106, 202, 243, 282
42, 66, 113, 184, 263, 320
43, 62, 111, 204, 253, 291
44, 74, 125, 172, 224, 278
45, 92, 139, 173, 235, 307
46, 80, 135, 170, 251, 325
47, 75, 126, 166, 239, 314
48, 78, 134, 174, 238, 312
49, 81, 140, 168, 242, 315
50, 83, 141, 171, 233, 298
51, 82, 137, 175, 258, 323
52, 84, 136, 193, 266, 319
53, 71, 131, 179, 246, 321
