FLL Scheduler GA Summary Report (ID: 2132037133792 | Hash: 8139404755836689706)

Attributes:
--------------------
rank: 0
origin: (C | KPoint(k=2))
mutations: 1
clones: 1
_hash: 8139404755836689706
Length: 318

Fitness:
--------------------------
BreakTime           : 0.31062795876048954
LocationConsistency : 0.0
OpponentVariety     : 0.8754111684107535
-----------------------------------
Total               : 1.186039127171243
Percentage          : 39.53%

Per-Objective Statistics (Team Distribution):
-----------------------------------------------------------------
Objective                 | Min      | Max      | Avg      | Range   
-----------------------------------------------------------------
BreakTime                 | 0.0004   | 0.9193   | 0.5394   | 0.9189  
LocationConsistency       | 0.0417   | 0.6417   | 0.2303   | 0.6000  
OpponentVariety           | 0.7527   | 1.0000   | 0.9953   | 0.2473  

Team fitnesses (sorted by total fitness descending):
----------------------------------------------------
Max     : 2.263852
Min     : 1.019778
Range   : 1.244073
Average : 1.765062

Team |BreakTime |LocationConsistency |OpponentVariety |Sum
------------------------------------------------------------
46   |0.9139    |0.3500              |1.0000          |2.2639
15   |0.5758    |0.6417              |1.0000          |2.2174
49   |0.8672    |0.3500              |1.0000          |2.2172
32   |0.5616    |0.6417              |1.0000          |2.2032
51   |0.9193    |0.2667              |1.0000          |2.1860
45   |0.8925    |0.2667              |1.0000          |2.1592
33   |0.5133    |0.6417              |1.0000          |2.1550
47   |0.8793    |0.2667              |1.0000          |2.1460
52   |0.8630    |0.2667              |1.0000          |2.1297
37   |0.6273    |0.3500              |1.0000          |1.9773
23   |0.6013    |0.3667              |1.0000          |1.9680
50   |0.9185    |0.0417              |1.0000          |1.9602
38   |0.6044    |0.3500              |1.0000          |1.9544
41   |0.5809    |0.3500              |1.0000          |1.9309
44   |0.6637    |0.2667              |1.0000          |1.9304
48   |0.8865    |0.0417              |1.0000          |1.9281
1    |0.6485    |0.2667              |1.0000          |1.9152
7    |0.6329    |0.2667              |1.0000          |1.8995
4    |0.5474    |0.3500              |1.0000          |1.8974
11   |0.5379    |0.3500              |1.0000          |1.8879
16   |0.6158    |0.2667              |1.0000          |1.8825
3    |0.6005    |0.2667              |1.0000          |1.8672
39   |0.5936    |0.2667              |1.0000          |1.8603
2    |0.5774    |0.2667              |1.0000          |1.8440
9    |0.5719    |0.2667              |1.0000          |1.8385
53   |0.7914    |0.0417              |1.0000          |1.8331
10   |0.5556    |0.2667              |1.0000          |1.8223
31   |0.5515    |0.2667              |1.0000          |1.8181
19   |0.5397    |0.2667              |1.0000          |1.8064
27   |0.5002    |0.2667              |1.0000          |1.7669
40   |0.6732    |0.0750              |1.0000          |1.7482
42   |0.6764    |0.0500              |1.0000          |1.7264
36   |0.6673    |0.0417              |1.0000          |1.7089
5    |0.6216    |0.0500              |1.0000          |1.6716
43   |0.6257    |0.0417              |1.0000          |1.6673
13   |0.5920    |0.0667              |1.0000          |1.6586
6    |0.5895    |0.0500              |1.0000          |1.6395
12   |0.5901    |0.0417              |1.0000          |1.6318
8    |0.5640    |0.0500              |1.0000          |1.6140
14   |0.5543    |0.0500              |1.0000          |1.6043
17   |0.5619    |0.0417              |1.0000          |1.6036
18   |0.5389    |0.0500              |1.0000          |1.5889
20   |0.5082    |0.0667              |1.0000          |1.5749
25   |0.4972    |0.0750              |1.0000          |1.5722
34   |0.0488    |0.3667              |1.0000          |1.4154
29   |0.0475    |0.3500              |1.0000          |1.3975
28   |0.0004    |0.3667              |1.0000          |1.3671
35   |0.0045    |0.3500              |1.0000          |1.3545
22   |0.0454    |0.2667              |1.0000          |1.3121
21   |0.0004    |0.2667              |1.0000          |1.2671
24   |0.0465    |0.0500              |1.0000          |1.0965
30   |0.0004    |0.0417              |1.0000          |1.0421
26   |0.0004    |0.2667              |0.7527          |1.0198

Team Events (sorted, for dev use, diff check with others to ensure truly different schedules created):
------------------------------------------------------------
0, 102, 161, 178, 224, 286
1, 109, 154, 208, 261, 310
2, 96, 153, 185, 226, 287
3, 100, 149, 205, 249, 293
4, 94, 156, 183, 242, 303
5, 97, 142, 188, 235, 300
6, 108, 152, 175, 244, 294
7, 95, 146, 211, 277, 325
8, 98, 145, 191, 243, 298
9, 118, 157, 192, 247, 309
10, 121, 150, 198, 268, 308
11, 122, 165, 190, 255, 316
12, 123, 163, 174, 223, 280
13, 120, 162, 195, 236, 284
14, 126, 160, 194, 262, 304
15, 124, 158, 189, 260, 321
16, 113, 164, 203, 253, 302
17, 125, 155, 212, 276, 319
18, 56, 151, 200, 250, 305
19, 59, 147, 204, 258, 301
20, 72, 138, 202, 220, 273
21, 78, 143, 196, 231, 275
22, 55, 159, 170, 215, 272
23, 77, 144, 214, 267, 307
24, 60, 148, 218, 274, 317
26, 84, 129, 213, 228, 271
27, 58, 87, 210, 254, 299
28, 101, 117, 219, 269, 279
29, 63, 88, 216, 257, 296
30, 90, 103, 221, 265, 278
31, 54, 93, 179, 222, 289
32, 57, 91, 172, 217, 283
33, 61, 89, 197, 233, 282
34, 67, 99, 209, 259, 295
35, 71, 86, 206, 227, 270
36, 64, 110, 177, 237, 292
37, 70, 116, 182, 230, 290
38, 68, 104, 207, 264, 311
39, 69, 111, 199, 252, 291
40, 66, 114, 184, 248, 313
41, 62, 105, 201, 240, 281
42, 65, 112, 187, 263, 323
43, 73, 115, 186, 245, 288
44, 74, 119, 167, 225, 285
45, 76, 128, 176, 246, 322
46, 83, 140, 171, 241, 315
47, 81, 141, 168, 234, 297
48, 92, 139, 166, 232, 306
49, 80, 137, 180, 256, 320
50, 82, 135, 169, 251, 318
51, 75, 127, 173, 239, 314
52, 79, 134, 181, 238, 312
53, 85, 136, 193, 266, 324
