FLL Scheduler GA Summary Report (ID: 2132118886144 | Hash: 1570551775798028257)

Attributes:
--------------------
rank: 0
origin: (C | TimeSlotCrossover)
mutations: 0
clones: 0
_hash: 1570551775798028257
Length: 318

Fitness:
--------------------------
BreakTime           : 0.31062795876048954
LocationConsistency : 0.0
OpponentVariety     : 0.8754111684107535
-----------------------------------
Total               : 1.186039127171243
Percentage          : 39.53%

Per-Objective Statistics (Team Distribution):
-----------------------------------------------------------------
Objective                 | Min      | Max      | Avg      | Range   
-----------------------------------------------------------------
BreakTime                 | 0.0004   | 0.9193   | 0.5394   | 0.9189  
LocationConsistency       | 0.0417   | 0.6417   | 0.1929   | 0.6000  
OpponentVariety           | 0.7527   | 1.0000   | 0.9953   | 0.2473  

Team fitnesses (sorted by total fitness descending):
----------------------------------------------------
Max     : 2.314821
Min     : 1.019778
Range   : 1.295043
Average : 1.727641

Team |BreakTime |LocationConsistency |OpponentVariety |Sum
------------------------------------------------------------
37   |0.6732    |0.6417              |1.0000          |2.3148
49   |0.9139    |0.3500              |1.0000          |2.2639
50   |0.8793    |0.3500              |1.0000          |2.2293
48   |0.8630    |0.2667              |1.0000          |2.1297
52   |0.7914    |0.2667              |1.0000          |2.0581
43   |0.6673    |0.3500              |1.0000          |2.0173
5    |0.6216    |0.3667              |1.0000          |1.9883
12   |0.6158    |0.3667              |1.0000          |1.9825
44   |0.6257    |0.3500              |1.0000          |1.9757
47   |0.9193    |0.0417              |1.0000          |1.9610
46   |0.9185    |0.0417              |1.0000          |1.9602
36   |0.5936    |0.3500              |1.0000          |1.9436
40   |0.6764    |0.2667              |1.0000          |1.9431
53   |0.8925    |0.0417              |1.0000          |1.9342
51   |0.8672    |0.0667              |1.0000          |1.9338
42   |0.6637    |0.2667              |1.0000          |1.9304
45   |0.8865    |0.0417              |1.0000          |1.9281
3    |0.5640    |0.3500              |1.0000          |1.9140
13   |0.5543    |0.3500              |1.0000          |1.9043
2    |0.6329    |0.2667              |1.0000          |1.8995
39   |0.6273    |0.2667              |1.0000          |1.8939
7    |0.6005    |0.2667              |1.0000          |1.8672
34   |0.5002    |0.3500              |1.0000          |1.8502
41   |0.5809    |0.2667              |1.0000          |1.8476
11   |0.5758    |0.2667              |1.0000          |1.8424
1    |0.5719    |0.2667              |1.0000          |1.8385
15   |0.5619    |0.2667              |1.0000          |1.8286
21   |0.5397    |0.2667              |1.0000          |1.8064
9    |0.6485    |0.0667              |1.0000          |1.7152
14   |0.5920    |0.0667              |1.0000          |1.6586
38   |0.6044    |0.0500              |1.0000          |1.6544
24   |0.6013    |0.0500              |1.0000          |1.6513
29   |0.0045    |0.6417              |1.0000          |1.6461
18   |0.5901    |0.0417              |1.0000          |1.6318
6    |0.5895    |0.0417              |1.0000          |1.6312
31   |0.5616    |0.0667              |1.0000          |1.6282
8    |0.5774    |0.0417              |1.0000          |1.6190
30   |0.5515    |0.0667              |1.0000          |1.6181
4    |0.5474    |0.0667              |1.0000          |1.6141
10   |0.5379    |0.0750              |1.0000          |1.6129
16   |0.5556    |0.0417              |1.0000          |1.5973
17   |0.5389    |0.0500              |1.0000          |1.5889
35   |0.5133    |0.0417              |1.0000          |1.5550
20   |0.5082    |0.0417              |1.0000          |1.5499
23   |0.4972    |0.0417              |1.0000          |1.5389
27   |0.0488    |0.3500              |1.0000          |1.3988
32   |0.0004    |0.2667              |1.0000          |1.2671
22   |0.0454    |0.0667              |1.0000          |1.1121
26   |0.0465    |0.0500              |1.0000          |1.0965
28   |0.0475    |0.0417              |1.0000          |1.0891
19   |0.0004    |0.0417              |1.0000          |1.0421
33   |0.0004    |0.0417              |1.0000          |1.0421
25   |0.0004    |0.2667              |0.7527          |1.0198

Team Events (sorted, for dev use, diff check with others to ensure truly different schedules created):
------------------------------------------------------------
0, 96, 145, 191, 240, 299
1, 102, 152, 175, 244, 294
2, 94, 147, 211, 277, 325
3, 101, 149, 198, 249, 292
4, 95, 151, 189, 241, 303
5, 98, 143, 182, 235, 300
6, 99, 153, 187, 226, 287
7, 103, 154, 208, 260, 310
8, 105, 161, 178, 224, 286
9, 120, 157, 204, 268, 308
10, 127, 160, 194, 262, 304
11, 119, 159, 183, 261, 321
12, 121, 163, 195, 236, 284
13, 122, 162, 174, 223, 280
14, 115, 164, 200, 252, 302
15, 124, 150, 192, 247, 309
16, 118, 155, 212, 276, 319
17, 123, 165, 190, 255, 316
18, 72, 138, 201, 220, 275
19, 59, 146, 199, 256, 301
20, 57, 156, 203, 250, 305
21, 78, 142, 196, 231, 273
22, 55, 148, 218, 272, 317
23, 60, 158, 170, 215, 274
24, 85, 130, 213, 228, 270
26, 77, 144, 214, 267, 307
27, 67, 97, 209, 257, 295
28, 62, 90, 216, 259, 297
29, 71, 86, 206, 227, 271
30, 61, 93, 179, 222, 289
31, 56, 88, 172, 217, 283
32, 89, 104, 221, 265, 278
33, 100, 110, 219, 269, 279
34, 58, 87, 210, 254, 298
35, 54, 91, 197, 233, 282
36, 69, 116, 205, 253, 291
37, 66, 113, 186, 248, 313
38, 68, 107, 207, 264, 311
39, 70, 111, 188, 230, 290
40, 65, 114, 185, 263, 323
41, 63, 106, 202, 243, 281
42, 74, 125, 167, 225, 285
43, 64, 117, 177, 237, 293
44, 73, 112, 184, 245, 288
45, 92, 139, 166, 232, 306
46, 82, 135, 169, 251, 318
47, 75, 126, 173, 239, 314
48, 79, 134, 181, 238, 312
49, 83, 140, 171, 242, 315
50, 80, 141, 168, 234, 296
51, 81, 137, 180, 258, 320
52, 84, 136, 193, 266, 324
53, 76, 131, 176, 246, 322
