FLL Scheduler GA Summary Report (ID: 2132037131552 | Hash: 1948029291133307753)

Attributes:
--------------------
rank: 0
origin: (C | RoundTypeCrossover)
mutations: 0
clones: 0
_hash: 1948029291133307753
Length: 318

Fitness:
--------------------------
BreakTime           : 0.31062795876048954
LocationConsistency : 0.0
OpponentVariety     : 0.8754111684107535
-----------------------------------
Total               : 1.186039127171243
Percentage          : 39.53%

Per-Objective Statistics (Team Distribution):
-----------------------------------------------------------------
Objective                 | Min      | Max      | Avg      | Range   
-----------------------------------------------------------------
BreakTime                 | 0.0004   | 0.9193   | 0.5394   | 0.9189  
LocationConsistency       | 0.0417   | 0.9500   | 0.2049   | 0.9083  
OpponentVariety           | 0.7527   | 1.0000   | 0.9953   | 0.2473  

Team fitnesses (sorted by total fitness descending):
----------------------------------------------------
Max     : 2.235286
Min     : 1.019778
Range   : 1.215507
Average : 1.739590

Team |BreakTime |LocationConsistency |OpponentVariety |Sum
------------------------------------------------------------
40   |0.5936    |0.6417              |1.0000          |2.2353
48   |0.8630    |0.3500              |1.0000          |2.2130
47   |0.9193    |0.2667              |1.0000          |2.1860
49   |0.9139    |0.2667              |1.0000          |2.1805
50   |0.8793    |0.2667              |1.0000          |2.1460
52   |0.7914    |0.3500              |1.0000          |2.1414
44   |0.6732    |0.3500              |1.0000          |2.0232
19   |0.0465    |0.9500              |1.0000          |1.9965
8    |0.6329    |0.3500              |1.0000          |1.9829
46   |0.9185    |0.0417              |1.0000          |1.9602
36   |0.6044    |0.3500              |1.0000          |1.9544
24   |0.6013    |0.3500              |1.0000          |1.9513
53   |0.8925    |0.0500              |1.0000          |1.9425
39   |0.6637    |0.2667              |1.0000          |1.9304
45   |0.8865    |0.0417              |1.0000          |1.9281
1    |0.6485    |0.2667              |1.0000          |1.9152
51   |0.8672    |0.0417              |1.0000          |1.9088
10   |0.5556    |0.3500              |1.0000          |1.9056
14   |0.5543    |0.3500              |1.0000          |1.9043
43   |0.6257    |0.2667              |1.0000          |1.8923
5    |0.6216    |0.2667              |1.0000          |1.8883
2    |0.5895    |0.2667              |1.0000          |1.8562
3    |0.5774    |0.2667              |1.0000          |1.8440
7    |0.5719    |0.2667              |1.0000          |1.8385
12   |0.5619    |0.2667              |1.0000          |1.8286
34   |0.5616    |0.2667              |1.0000          |1.8282
35   |0.5515    |0.2667              |1.0000          |1.8181
6    |0.5474    |0.2667              |1.0000          |1.8141
16   |0.5379    |0.2667              |1.0000          |1.8046
42   |0.6764    |0.0417              |1.0000          |1.7181
38   |0.6673    |0.0500              |1.0000          |1.7173
37   |0.6273    |0.0417              |1.0000          |1.6689
11   |0.6158    |0.0500              |1.0000          |1.6658
9    |0.6005    |0.0417              |1.0000          |1.6422
13   |0.5920    |0.0417              |1.0000          |1.6336
15   |0.5901    |0.0417              |1.0000          |1.6318
41   |0.5809    |0.0417              |1.0000          |1.6226
17   |0.5758    |0.0417              |1.0000          |1.6174
4    |0.5640    |0.0417              |1.0000          |1.6057
23   |0.5397    |0.0500              |1.0000          |1.5897
18   |0.5389    |0.0500              |1.0000          |1.5889
25   |0.4972    |0.0750              |1.0000          |1.5722
30   |0.5133    |0.0417              |1.0000          |1.5550
22   |0.5082    |0.0417              |1.0000          |1.5499
32   |0.5002    |0.0417              |1.0000          |1.5419
33   |0.0045    |0.3500              |1.0000          |1.3545
21   |0.0454    |0.2667              |1.0000          |1.3121
26   |0.0004    |0.2667              |1.0000          |1.2671
28   |0.0004    |0.2667              |1.0000          |1.2671
31   |0.0488    |0.0500              |1.0000          |1.0988
27   |0.0475    |0.0500              |1.0000          |1.0975
29   |0.0004    |0.0417              |1.0000          |1.0421
20   |0.0004    |0.2667              |0.7527          |1.0198

Team Events (sorted, for dev use, diff check with others to ensure truly different schedules created):
------------------------------------------------------------
0, 102, 161, 179, 224, 286
1, 96, 143, 188, 235, 295
2, 108, 153, 208, 260, 310
3, 100, 147, 210, 277, 318
4, 101, 150, 182, 242, 303
5, 95, 149, 205, 249, 292
6, 98, 145, 191, 243, 297
7, 109, 155, 175, 239, 301
8, 97, 154, 184, 228, 287
9, 124, 151, 192, 252, 308
10, 119, 158, 189, 261, 322
11, 112, 164, 200, 247, 302
12, 121, 163, 174, 223, 280
13, 123, 162, 194, 236, 284
14, 120, 165, 190, 255, 316
15, 122, 157, 198, 263, 309
16, 126, 160, 195, 269, 306
17, 118, 152, 213, 276, 324
18, 71, 144, 215, 264, 304
19, 85, 130, 212, 226, 271
20, 79, 142, 197, 231, 272
21, 59, 146, 204, 256, 294
22, 57, 156, 203, 250, 307
24, 54, 159, 170, 214, 274
25, 60, 148, 217, 273, 317
26, 73, 138, 201, 220, 275
27, 69, 89, 219, 259, 298
28, 94, 117, 216, 262, 279
29, 91, 103, 221, 266, 278
30, 61, 88, 196, 233, 282
31, 64, 99, 209, 257, 300
32, 58, 92, 211, 254, 296
33, 76, 93, 206, 229, 270
34, 56, 90, 172, 218, 283
35, 55, 86, 178, 222, 289
36, 63, 106, 207, 267, 311
37, 77, 116, 183, 230, 290
38, 67, 110, 176, 237, 293
39, 75, 125, 167, 225, 285
40, 62, 111, 199, 246, 291
41, 68, 107, 202, 240, 281
42, 66, 113, 187, 268, 320
43, 72, 115, 186, 238, 288
44, 65, 114, 185, 248, 313
45, 87, 139, 166, 232, 305
46, 82, 140, 169, 251, 325
47, 74, 131, 173, 244, 315
48, 78, 141, 181, 245, 312
49, 83, 134, 171, 241, 314
50, 80, 135, 168, 234, 299
51, 81, 136, 180, 258, 323
52, 84, 137, 193, 265, 319
53, 70, 127, 177, 253, 321
