FLL Scheduler GA Summary Report (ID: 2132111934064 | Hash: 5272224149627089499)

Attributes:
--------------------
rank: 0
origin: (C | KPoint(k=1))
mutations: 0
clones: 0
_hash: 5272224149627089499
Length: 318

Fitness:
--------------------------
BreakTime           : 0.31062795876048954
LocationConsistency : 0.0
OpponentVariety     : 0.8754111684107535
-----------------------------------
Total               : 1.186039127171243
Percentage          : 39.53%

Per-Objective Statistics (Team Distribution):
-----------------------------------------------------------------
Objective                 | Min      | Max      | Avg      | Range   
-----------------------------------------------------------------
BreakTime                 | 0.0004   | 0.9193   | 0.5394   | 0.9189  
LocationConsistency       | 0.0417   | 0.6417   | 0.2253   | 0.6000  
OpponentVariety           | 0.7527   | 1.0000   | 0.9953   | 0.2473  

Team fitnesses (sorted by total fitness descending):
----------------------------------------------------
Max     : 2.560213
Min     : 1.050419
Range   : 1.509794
Average : 1.760030

Team |BreakTime |LocationConsistency |OpponentVariety |Sum
------------------------------------------------------------
52   |0.9185    |0.6417              |1.0000          |2.5602
48   |0.8793    |0.3500              |1.0000          |2.2293
50   |0.8630    |0.3500              |1.0000          |2.2130
34   |0.5616    |0.6417              |1.0000          |2.2032
40   |0.6732    |0.5250              |1.0000          |2.1982
49   |0.8925    |0.2667              |1.0000          |2.1592
42   |0.6764    |0.3500              |1.0000          |2.0264
6    |0.6329    |0.3500              |1.0000          |1.9829
38   |0.6273    |0.3500              |1.0000          |1.9773
51   |0.9193    |0.0500              |1.0000          |1.9693
53   |0.9139    |0.0417              |1.0000          |1.9555
37   |0.6044    |0.3500              |1.0000          |1.9544
4    |0.5895    |0.3500              |1.0000          |1.9395
47   |0.8865    |0.0417              |1.0000          |1.9281
11   |0.5556    |0.3667              |1.0000          |1.9223
9    |0.6485    |0.2667              |1.0000          |1.9152
45   |0.8672    |0.0417              |1.0000          |1.9088
7    |0.5474    |0.3500              |1.0000          |1.8974
19   |0.5397    |0.3500              |1.0000          |1.8897
10   |0.5389    |0.3500              |1.0000          |1.8889
3    |0.6216    |0.2667              |1.0000          |1.8883
15   |0.6158    |0.2667              |1.0000          |1.8825
43   |0.5936    |0.2667              |1.0000          |1.8603
12   |0.5901    |0.2667              |1.0000          |1.8568
18   |0.5758    |0.2667              |1.0000          |1.8424
46   |0.7914    |0.0417              |1.0000          |1.8331
17   |0.5619    |0.2667              |1.0000          |1.8286
16   |0.5379    |0.2667              |1.0000          |1.8046
20   |0.5082    |0.2667              |1.0000          |1.7749
36   |0.6673    |0.0417              |1.0000          |1.7089
41   |0.6637    |0.0417              |1.0000          |1.7054
39   |0.6257    |0.0667              |1.0000          |1.6923
25   |0.6013    |0.0750              |1.0000          |1.6763
5    |0.5719    |0.0750              |1.0000          |1.6469
1    |0.6005    |0.0417              |1.0000          |1.6422
24   |0.0004    |0.6417              |1.0000          |1.6421
13   |0.5920    |0.0417              |1.0000          |1.6336
44   |0.5809    |0.0500              |1.0000          |1.6309
8    |0.5774    |0.0417              |1.0000          |1.6190
2    |0.5640    |0.0500              |1.0000          |1.6140
14   |0.5543    |0.0500              |1.0000          |1.6043
35   |0.5515    |0.0417              |1.0000          |1.5931
26   |0.4972    |0.0667              |1.0000          |1.5639
30   |0.5133    |0.0500              |1.0000          |1.5633
32   |0.5002    |0.0417              |1.0000          |1.5419
29   |0.0488    |0.3667              |1.0000          |1.4154
22   |0.0004    |0.6417              |0.7527          |1.3948
21   |0.0465    |0.2667              |1.0000          |1.3132
23   |0.0454    |0.2667              |1.0000          |1.3121
33   |0.0045    |0.2667              |1.0000          |1.2711
27   |0.0475    |0.0417              |1.0000          |1.0891
28   |0.0004    |0.0667              |1.0000          |1.0671
31   |0.0004    |0.0500              |1.0000          |1.0504

Team Events (sorted, for dev use, diff check with others to ensure truly different schedules created):
------------------------------------------------------------
0, 97, 152, 186, 228, 287
1, 100, 145, 211, 277, 325
2, 101, 156, 188, 241, 303
3, 96, 143, 183, 234, 295
4, 98, 146, 196, 240, 296
5, 109, 153, 175, 239, 301
6, 94, 149, 205, 250, 293
7, 108, 154, 209, 261, 310
8, 104, 161, 178, 224, 286
9, 119, 155, 212, 276, 319
10, 125, 157, 195, 247, 309
11, 120, 164, 197, 255, 316
12, 121, 163, 174, 223, 282
13, 123, 162, 193, 231, 279
14, 118, 159, 182, 260, 322
15, 122, 150, 198, 263, 308
16, 113, 165, 203, 253, 302
17, 132, 160, 192, 269, 305
18, 57, 151, 200, 249, 304
19, 58, 144, 204, 258, 294
20, 71, 147, 214, 264, 307
21, 78, 130, 213, 226, 270
22, 84, 142, 191, 236, 273
23, 75, 138, 202, 220, 275
24, 54, 158, 170, 215, 274
25, 60, 148, 218, 272, 317
27, 62, 91, 216, 257, 298
28, 95, 111, 219, 262, 284
29, 67, 99, 208, 259, 300
30, 61, 90, 190, 233, 281
31, 88, 105, 221, 266, 285
32, 59, 87, 210, 254, 297
33, 76, 86, 206, 229, 271
34, 56, 89, 173, 217, 280
35, 55, 93, 179, 222, 289
36, 64, 117, 177, 230, 292
37, 68, 103, 207, 267, 311
38, 77, 110, 189, 237, 290
39, 74, 114, 185, 238, 288
40, 66, 115, 187, 251, 315
41, 72, 124, 167, 225, 278
42, 65, 112, 184, 268, 320
43, 69, 116, 199, 252, 291
44, 63, 102, 201, 243, 283
45, 82, 137, 180, 256, 323
46, 79, 136, 194, 265, 324
47, 92, 139, 166, 232, 306
48, 83, 141, 168, 235, 299
49, 70, 131, 176, 246, 321
50, 85, 135, 181, 245, 314
51, 73, 133, 172, 244, 312
52, 81, 134, 169, 248, 318
53, 80, 140, 171, 242, 313
