FLL Scheduler GA Summary Report (ID: 2132037132224 | Hash: -7620231686582998475)

Attributes:
--------------------
rank: 0
origin: (C | KPoint(k=3))
mutations: 0
clones: 0
_hash: -7620231686582998475
Length: 318

Fitness:
--------------------------
BreakTime           : 0.31062795876048954
LocationConsistency : 0.0
OpponentVariety     : 0.8754111684107535
-----------------------------------
Total               : 1.186039127171243
Percentage          : 39.53%

Per-Objective Statistics (Team Distribution):
-----------------------------------------------------------------
Objective                 | Min      | Max      | Avg      | Range   
-----------------------------------------------------------------
BreakTime                 | 0.0004   | 0.9193   | 0.5394   | 0.9189  
LocationConsistency       | 0.0417   | 0.6417   | 0.2491   | 0.6000  
OpponentVariety           | 0.7527   | 1.0000   | 0.9953   | 0.2473  

Team fitnesses (sorted by total fitness descending):
----------------------------------------------------
Max     : 2.246026
Min     : 1.019778
Range   : 1.226248
Average : 1.783773

Team |BreakTime |LocationConsistency |OpponentVariety |Sum
------------------------------------------------------------
36   |0.6044    |0.6417              |1.0000          |2.2460
47   |0.8793    |0.3500              |1.0000          |2.2293
11   |0.5758    |0.6417              |1.0000          |2.2174
49   |0.8672    |0.3500              |1.0000          |2.2172
31   |0.5616    |0.6417              |1.0000          |2.2032
51   |0.9193    |0.2667              |1.0000          |2.1860
46   |0.9139    |0.2667              |1.0000          |2.1805
45   |0.8925    |0.2667              |1.0000          |2.1592
35   |0.5133    |0.6417              |1.0000          |2.1550
48   |0.8865    |0.2667              |1.0000          |2.1531
52   |0.8630    |0.2667              |1.0000          |2.1297
22   |0.6013    |0.5250              |1.0000          |2.1263
42   |0.5809    |0.5250              |1.0000          |2.1059
41   |0.6732    |0.3500              |1.0000          |2.0232
50   |0.9185    |0.0500              |1.0000          |1.9685
7    |0.5719    |0.3500              |1.0000          |1.9219
9    |0.6485    |0.2667              |1.0000          |1.9152
6    |0.5474    |0.3500              |1.0000          |1.8974
15   |0.5379    |0.3500              |1.0000          |1.8879
16   |0.6158    |0.2667              |1.0000          |1.8825
1    |0.6005    |0.2667              |1.0000          |1.8672
37   |0.5936    |0.2667              |1.0000          |1.8603
8    |0.5774    |0.2667              |1.0000          |1.8440
53   |0.7914    |0.0417              |1.0000          |1.8331
17   |0.5619    |0.2667              |1.0000          |1.8286
10   |0.5556    |0.2667              |1.0000          |1.8223
30   |0.5515    |0.2667              |1.0000          |1.8181
19   |0.5397    |0.2667              |1.0000          |1.8064
38   |0.6764    |0.0500              |1.0000          |1.7264
40   |0.6637    |0.0500              |1.0000          |1.7137
43   |0.6673    |0.0417              |1.0000          |1.7089
39   |0.6273    |0.0750              |1.0000          |1.7023
3    |0.6329    |0.0417              |1.0000          |1.6745
5    |0.6216    |0.0500              |1.0000          |1.6716
44   |0.6257    |0.0417              |1.0000          |1.6673
13   |0.5920    |0.0667              |1.0000          |1.6586
29   |0.0045    |0.6417              |1.0000          |1.6461
2    |0.5895    |0.0500              |1.0000          |1.6395
12   |0.5901    |0.0417              |1.0000          |1.6318
4    |0.5640    |0.0500              |1.0000          |1.6140
14   |0.5543    |0.0500              |1.0000          |1.6043
18   |0.5389    |0.0500              |1.0000          |1.5889
20   |0.5082    |0.0667              |1.0000          |1.5749
24   |0.4972    |0.0750              |1.0000          |1.5722
33   |0.5002    |0.0417              |1.0000          |1.5419
28   |0.0475    |0.3500              |1.0000          |1.3975
23   |0.0465    |0.3500              |1.0000          |1.3965
34   |0.0004    |0.3667              |1.0000          |1.3671
27   |0.0488    |0.2667              |1.0000          |1.3154
25   |0.0454    |0.2667              |1.0000          |1.3121
21   |0.0004    |0.2667              |1.0000          |1.2671
32   |0.0004    |0.0417              |1.0000          |1.0421
26   |0.0004    |0.2667              |0.7527          |1.0198

Team Events (sorted, for dev use, diff check with others to ensure truly different schedules created):
------------------------------------------------------------
0, 96, 153, 185, 226, 287
1, 97, 142, 188, 235, 300
2, 108, 152, 175, 245, 294
3, 95, 146, 208, 277, 325
4, 94, 156, 183, 243, 303
5, 100, 149, 205, 249, 293
6, 98, 145, 191, 242, 298
7, 109, 154, 211, 261, 310
8, 102, 161, 178, 224, 286
9, 118, 157, 192, 247, 309
10, 126, 160, 194, 262, 304
11, 122, 165, 190, 255, 316
12, 123, 163, 174, 223, 280
13, 120, 162, 195, 236, 284
14, 121, 150, 198, 268, 308
15, 124, 158, 189, 260, 321
16, 113, 164, 203, 252, 302
17, 125, 155, 207, 276, 319
18, 56, 151, 200, 250, 305
19, 59, 147, 204, 258, 301
20, 72, 138, 202, 220, 273
22, 55, 159, 168, 215, 272
23, 70, 144, 214, 267, 307
24, 60, 148, 218, 274, 317
25, 78, 143, 196, 231, 275
26, 84, 129, 206, 228, 271
27, 64, 99, 210, 259, 295
28, 68, 88, 216, 257, 296
29, 77, 86, 213, 227, 270
30, 54, 93, 179, 222, 289
31, 57, 91, 166, 217, 283
32, 90, 103, 221, 265, 278
33, 58, 87, 209, 254, 299
34, 101, 117, 219, 269, 279
35, 61, 89, 197, 233, 282
36, 63, 104, 212, 264, 311
37, 62, 111, 199, 253, 291
38, 66, 112, 187, 263, 323
39, 76, 116, 182, 230, 290
40, 74, 119, 173, 225, 285
41, 65, 114, 184, 248, 313
42, 69, 105, 201, 241, 281
43, 67, 110, 177, 237, 292
44, 73, 115, 186, 244, 288
45, 71, 128, 176, 246, 322
46, 83, 140, 169, 240, 315
47, 81, 141, 170, 234, 297
48, 92, 139, 172, 232, 306
49, 80, 137, 180, 256, 320
50, 82, 135, 171, 251, 318
51, 75, 127, 167, 238, 314
52, 79, 134, 181, 239, 312
53, 85, 136, 193, 266, 324
