FLL Scheduler GA Summary Report (ID: 2132126140448 | Hash: -5140311118105341350)

Attributes:
--------------------
rank: 0
origin: (C | RoundTypeCrossover)
mutations: 1
clones: 0
_hash: -5140311118105341350
Length: 318

Fitness:
--------------------------
BreakTime           : 0.31062795876048954
LocationConsistency : 0.0
OpponentVariety     : 0.8754111684107535
-----------------------------------
Total               : 1.186039127171243
Percentage          : 39.53%

Per-Objective Statistics (Team Distribution):
-----------------------------------------------------------------
Objective                 | Min      | Max      | Avg      | Range   
-----------------------------------------------------------------
BreakTime                 | 0.0004   | 0.9193   | 0.5394   | 0.9189  
LocationConsistency       | 0.0417   | 0.9500   | 0.2440   | 0.9083  
OpponentVariety           | 0.7527   | 1.0000   | 0.9953   | 0.2473  

Team fitnesses (sorted by total fitness descending):
----------------------------------------------------
Max     : 2.617263
Min     : 1.050419
Range   : 1.566844
Average : 1.778741

Team |BreakTime |LocationConsistency |OpponentVariety |Sum
------------------------------------------------------------
43   |0.6673    |0.9500              |1.0000          |2.6173
50   |0.8630    |0.6417              |1.0000          |2.5047
53   |0.8865    |0.3500              |1.0000          |2.2365
46   |0.9185    |0.2667              |1.0000          |2.1852
49   |0.8925    |0.2667              |1.0000          |2.1592
52   |0.7914    |0.3500              |1.0000          |2.1414
47   |0.8672    |0.2667              |1.0000          |2.1338
36   |0.6764    |0.3500              |1.0000          |2.0264
40   |0.6257    |0.3667              |1.0000          |1.9923
45   |0.9139    |0.0750              |1.0000          |1.9889
3    |0.6216    |0.3667              |1.0000          |1.9883
16   |0.6158    |0.3667              |1.0000          |1.9825
37   |0.6273    |0.3500              |1.0000          |1.9773
51   |0.9193    |0.0417              |1.0000          |1.9610
10   |0.5920    |0.3667              |1.0000          |1.9586
44   |0.5936    |0.3500              |1.0000          |1.9436
5    |0.5719    |0.3667              |1.0000          |1.9385
48   |0.8793    |0.0500              |1.0000          |1.9293
1    |0.6485    |0.2667              |1.0000          |1.9152
11   |0.5556    |0.3500              |1.0000          |1.9056
9    |0.6329    |0.2667              |1.0000          |1.8995
17   |0.5379    |0.3500              |1.0000          |1.8879
22   |0.6013    |0.2667              |1.0000          |1.8680
12   |0.5901    |0.2667              |1.0000          |1.8568
4    |0.5895    |0.2667              |1.0000          |1.8562
18   |0.5758    |0.2667              |1.0000          |1.8424
2    |0.5640    |0.2667              |1.0000          |1.8307
6    |0.5474    |0.2667              |1.0000          |1.8141
30   |0.5133    |0.2667              |1.0000          |1.7800
32   |0.5002    |0.2667              |1.0000          |1.7669
41   |0.6732    |0.0500              |1.0000          |1.7232
39   |0.6637    |0.0500              |1.0000          |1.7137
7    |0.6005    |0.0750              |1.0000          |1.6755
42   |0.6044    |0.0500              |1.0000          |1.6544
28   |0.0004    |0.6417              |1.0000          |1.6421
38   |0.5809    |0.0417              |1.0000          |1.6226
8    |0.5774    |0.0417              |1.0000          |1.6190
13   |0.5389    |0.0750              |1.0000          |1.6139
34   |0.5616    |0.0500              |1.0000          |1.6116
14   |0.5543    |0.0500              |1.0000          |1.6043
15   |0.5619    |0.0417              |1.0000          |1.6036
35   |0.5515    |0.0417              |1.0000          |1.5931
20   |0.5397    |0.0500              |1.0000          |1.5897
24   |0.5082    |0.0500              |1.0000          |1.5582
23   |0.4972    |0.0417              |1.0000          |1.5389
21   |0.0454    |0.3667              |1.0000          |1.4121
25   |0.0004    |0.6417              |0.7527          |1.3948
33   |0.0045    |0.3667              |1.0000          |1.3711
26   |0.0465    |0.2667              |1.0000          |1.3132
19   |0.0004    |0.2667              |1.0000          |1.2671
29   |0.0488    |0.0667              |1.0000          |1.1154
27   |0.0475    |0.0500              |1.0000          |1.0975
31   |0.0004    |0.0500              |1.0000          |1.0504

Team Events (sorted, for dev use, diff check with others to ensure truly different schedules created):
------------------------------------------------------------
0, 109, 161, 178, 224, 293
1, 101, 144, 211, 277, 318
2, 100, 156, 188, 241, 302
3, 97, 149, 183, 232, 301
4, 98, 146, 196, 240, 298
5, 94, 143, 205, 250, 287
6, 96, 152, 186, 228, 292
7, 103, 154, 208, 261, 310
8, 102, 153, 175, 244, 294
9, 123, 163, 174, 223, 283
10, 124, 157, 195, 252, 308
11, 122, 165, 197, 255, 316
12, 119, 155, 212, 276, 324
13, 120, 162, 193, 231, 279
14, 114, 164, 203, 246, 303
15, 118, 158, 182, 260, 322
16, 121, 150, 198, 262, 309
17, 127, 160, 192, 268, 305
19, 72, 138, 202, 220, 275
20, 59, 151, 200, 249, 304
21, 84, 148, 191, 236, 273
22, 61, 159, 171, 215, 274
23, 55, 142, 219, 272, 317
24, 56, 145, 204, 259, 300
25, 78, 130, 213, 226, 270
26, 76, 147, 214, 267, 306
27, 63, 90, 217, 257, 296
28, 95, 116, 218, 263, 284
29, 67, 99, 209, 258, 295
30, 54, 91, 190, 234, 281
31, 88, 108, 221, 265, 285
32, 57, 86, 210, 254, 299
33, 71, 87, 206, 229, 271
34, 58, 89, 173, 216, 280
35, 60, 93, 179, 222, 290
36, 64, 115, 184, 269, 320
37, 70, 117, 189, 237, 289
38, 62, 104, 201, 243, 282
39, 75, 125, 166, 225, 278
40, 73, 113, 185, 245, 291
41, 66, 112, 187, 251, 313
42, 69, 105, 207, 264, 311
43, 65, 110, 177, 230, 286
44, 68, 111, 199, 247, 288
45, 80, 140, 170, 242, 314
46, 81, 135, 169, 248, 325
47, 82, 136, 180, 256, 323
48, 83, 141, 168, 233, 297
49, 77, 131, 176, 253, 321
50, 85, 134, 181, 238, 312
51, 74, 126, 172, 239, 315
52, 79, 137, 194, 266, 319
53, 92, 139, 167, 235, 307
