FLL Scheduler GA Summary Report (ID: 2132037132000 | Hash: 4174036193631428508)

Attributes:
--------------------
rank: 0
origin: (C | RoundTypeCrossover)
mutations: 0
clones: 0
_hash: 4174036193631428508
Length: 318

Fitness:
--------------------------
BreakTime           : 0.31062795876048954
LocationConsistency : 0.0
OpponentVariety     : 0.8754111684107535
-----------------------------------
Total               : 1.186039127171243
Percentage          : 39.53%

Per-Objective Statistics (Team Distribution):
-----------------------------------------------------------------
Objective                 | Min      | Max      | Avg      | Range   
-----------------------------------------------------------------
BreakTime                 | 0.0004   | 0.9193   | 0.5394   | 0.9189  
LocationConsistency       | 0.0417   | 0.6417   | 0.2016   | 0.6000  
OpponentVariety           | 0.7527   | 1.0000   | 0.9953   | 0.2473  

Team fitnesses (sorted by total fitness descending):
----------------------------------------------------
Max     : 2.318059
Min     : 1.050419
Range   : 1.267640
Average : 1.736288

Team |BreakTime |LocationConsistency |OpponentVariety |Sum
------------------------------------------------------------
42   |0.6764    |0.6417              |1.0000          |2.3181
40   |0.6732    |0.6417              |1.0000          |2.3148
53   |0.9139    |0.3500              |1.0000          |2.2639
10   |0.6158    |0.6417              |1.0000          |2.2575
50   |0.8793    |0.3500              |1.0000          |2.2293
49   |0.8925    |0.2667              |1.0000          |2.1592
27   |0.5133    |0.6417              |1.0000          |2.1550
45   |0.8865    |0.2667              |1.0000          |2.1531
47   |0.9193    |0.0500              |1.0000          |1.9693
46   |0.9185    |0.0417              |1.0000          |1.9602
36   |0.6044    |0.3500              |1.0000          |1.9544
51   |0.8672    |0.0750              |1.0000          |1.9422
48   |0.8630    |0.0750              |1.0000          |1.9380
16   |0.5556    |0.3667              |1.0000          |1.9223
1    |0.6485    |0.2667              |1.0000          |1.9152
32   |0.5616    |0.3500              |1.0000          |1.9116
6    |0.5474    |0.3500              |1.0000          |1.8974
37   |0.6273    |0.2667              |1.0000          |1.8939
19   |0.5397    |0.3500              |1.0000          |1.8897
5    |0.6216    |0.2667              |1.0000          |1.8883
44   |0.5936    |0.2667              |1.0000          |1.8603
12   |0.5901    |0.2667              |1.0000          |1.8568
4    |0.5895    |0.2667              |1.0000          |1.8562
52   |0.7914    |0.0500              |1.0000          |1.8414
9    |0.5719    |0.2667              |1.0000          |1.8385
11   |0.5379    |0.2667              |1.0000          |1.8046
38   |0.6673    |0.0417              |1.0000          |1.7089
39   |0.6637    |0.0417              |1.0000          |1.7054
43   |0.6257    |0.0750              |1.0000          |1.7007
3    |0.6329    |0.0500              |1.0000          |1.6829
25   |0.6013    |0.0750              |1.0000          |1.6763
7    |0.6005    |0.0417              |1.0000          |1.6422
24   |0.0004    |0.6417              |1.0000          |1.6421
13   |0.5920    |0.0417              |1.0000          |1.6336
41   |0.5809    |0.0500              |1.0000          |1.6309
8    |0.5774    |0.0417              |1.0000          |1.6190
14   |0.5758    |0.0417              |1.0000          |1.6174
2    |0.5640    |0.0417              |1.0000          |1.6057
18   |0.5543    |0.0500              |1.0000          |1.6043
17   |0.5619    |0.0417              |1.0000          |1.6036
31   |0.5515    |0.0417              |1.0000          |1.5931
15   |0.5389    |0.0500              |1.0000          |1.5889
26   |0.4972    |0.0667              |1.0000          |1.5639
20   |0.5082    |0.0417              |1.0000          |1.5499
34   |0.5002    |0.0417              |1.0000          |1.5419
28   |0.0488    |0.2667              |1.0000          |1.3154
21   |0.0465    |0.2667              |1.0000          |1.3132
23   |0.0454    |0.0750              |1.0000          |1.1204
22   |0.0004    |0.3500              |0.7527          |1.1031
30   |0.0475    |0.0417              |1.0000          |1.0891
33   |0.0004    |0.0750              |1.0000          |1.0754
29   |0.0045    |0.0500              |1.0000          |1.0545
35   |0.0004    |0.0500              |1.0000          |1.0504

Team Events (sorted, for dev use, diff check with others to ensure truly different schedules created):
------------------------------------------------------------
0, 104, 161, 178, 224, 286
1, 100, 145, 208, 277, 318
2, 109, 155, 175, 239, 294
3, 97, 143, 183, 232, 300
4, 101, 156, 189, 241, 303
5, 94, 149, 205, 250, 293
6, 96, 154, 187, 228, 287
7, 108, 153, 211, 254, 317
8, 99, 146, 191, 240, 299
9, 122, 159, 182, 255, 322
10, 119, 150, 198, 269, 308
11, 120, 164, 190, 260, 311
12, 121, 163, 174, 223, 282
13, 132, 160, 194, 263, 305
14, 123, 152, 207, 276, 324
15, 125, 157, 192, 247, 309
16, 113, 165, 203, 252, 302
17, 118, 162, 195, 231, 279
18, 57, 151, 200, 249, 304
19, 58, 144, 204, 257, 301
20, 71, 147, 214, 264, 307
21, 85, 130, 206, 226, 270
22, 78, 142, 196, 236, 273
23, 75, 138, 202, 220, 275
24, 54, 158, 170, 215, 274
25, 60, 148, 218, 272, 310
27, 61, 90, 197, 234, 280
28, 67, 98, 210, 256, 295
29, 76, 86, 213, 229, 271
30, 62, 91, 216, 258, 297
31, 55, 93, 179, 222, 289
32, 56, 89, 173, 217, 281
33, 95, 111, 219, 268, 284
34, 59, 87, 209, 261, 298
35, 88, 105, 221, 266, 285
36, 68, 103, 212, 267, 316
37, 77, 110, 188, 237, 290
38, 64, 117, 177, 230, 292
39, 72, 124, 167, 225, 278
40, 66, 115, 186, 251, 312
41, 63, 102, 201, 243, 283
42, 65, 112, 185, 262, 320
43, 74, 114, 184, 238, 288
44, 69, 116, 199, 253, 291
45, 92, 139, 166, 235, 306
46, 82, 134, 169, 248, 325
47, 73, 133, 172, 244, 315
48, 79, 135, 181, 245, 313
49, 70, 131, 176, 246, 321
50, 80, 141, 168, 233, 296
51, 81, 137, 180, 259, 323
52, 84, 136, 193, 265, 319
53, 83, 140, 171, 242, 314
