FLL Scheduler GA Summary Report (ID: 2132118888384 | Hash: 2506282089072922525)

Attributes:
--------------------
rank: 0
origin: (C | TimeSlotCrossover)
mutations: 0
clones: 0
_hash: 2506282089072922525
Length: 318

Fitness:
--------------------------
BreakTime           : 0.31062795876048954
LocationConsistency : 0.0
OpponentVariety     : 0.8754111684107535
-----------------------------------
Total               : 1.186039127171243
Percentage          : 39.53%

Per-Objective Statistics (Team Distribution):
-----------------------------------------------------------------
Objective                 | Min      | Max      | Avg      | Range   
-----------------------------------------------------------------
BreakTime                 | 0.0004   | 0.9193   | 0.5394   | 0.9189  
LocationConsistency       | 0.0417   | 0.6417   | 0.2267   | 0.6000  
OpponentVariety           | 0.7527   | 1.0000   | 0.9953   | 0.2473  

Team fitnesses (sorted by total fitness descending):
----------------------------------------------------
Max     : 2.388011
Min     : 1.019778
Range   : 1.368233
Average : 1.761446

Team |BreakTime |LocationConsistency |OpponentVariety |Sum
------------------------------------------------------------
52   |0.8630    |0.5250              |1.0000          |2.3880
5    |0.6216    |0.6417              |1.0000          |2.2633
47   |0.8793    |0.3500              |1.0000          |2.2293
30   |0.5616    |0.6417              |1.0000          |2.2032
51   |0.9193    |0.2667              |1.0000          |2.1860
46   |0.9139    |0.2667              |1.0000          |2.1805
48   |0.8865    |0.2667              |1.0000          |2.1531
53   |0.7914    |0.2667              |1.0000          |2.0581
7    |0.6329    |0.3500              |1.0000          |1.9829
23   |0.6013    |0.3667              |1.0000          |1.9680
50   |0.9185    |0.0417              |1.0000          |1.9602
45   |0.8925    |0.0667              |1.0000          |1.9592
13   |0.5920    |0.3667              |1.0000          |1.9586
3    |0.6005    |0.3500              |1.0000          |1.9505
42   |0.6764    |0.2667              |1.0000          |1.9431
40   |0.6732    |0.2667              |1.0000          |1.9398
49   |0.8672    |0.0500              |1.0000          |1.9172
4    |0.5474    |0.3500              |1.0000          |1.8974
37   |0.6273    |0.2667              |1.0000          |1.8939
43   |0.6257    |0.2667              |1.0000          |1.8923
16   |0.6158    |0.2667              |1.0000          |1.8825
29   |0.5133    |0.3500              |1.0000          |1.8633
39   |0.5936    |0.2667              |1.0000          |1.8603
41   |0.5809    |0.2667              |1.0000          |1.8476
11   |0.5758    |0.2667              |1.0000          |1.8424
9    |0.5719    |0.2667              |1.0000          |1.8385
10   |0.5556    |0.2667              |1.0000          |1.8223
14   |0.5543    |0.2667              |1.0000          |1.8210
31   |0.5515    |0.2667              |1.0000          |1.8181
19   |0.5397    |0.2667              |1.0000          |1.8064
33   |0.5002    |0.2667              |1.0000          |1.7669
36   |0.6673    |0.0417              |1.0000          |1.7089
44   |0.6637    |0.0417              |1.0000          |1.7054
1    |0.6485    |0.0417              |1.0000          |1.6902
38   |0.6044    |0.0500              |1.0000          |1.6544
12   |0.5901    |0.0417              |1.0000          |1.6318
6    |0.5895    |0.0417              |1.0000          |1.6312
2    |0.5774    |0.0417              |1.0000          |1.6190
8    |0.5640    |0.0500              |1.0000          |1.6140
17   |0.5619    |0.0417              |1.0000          |1.6036
18   |0.5389    |0.0500              |1.0000          |1.5889
15   |0.5379    |0.0500              |1.0000          |1.5879
20   |0.5082    |0.0667              |1.0000          |1.5749
25   |0.4972    |0.0750              |1.0000          |1.5722
27   |0.0488    |0.3667              |1.0000          |1.4154
24   |0.0465    |0.3500              |1.0000          |1.3965
34   |0.0004    |0.3667              |1.0000          |1.3671
35   |0.0045    |0.3500              |1.0000          |1.3545
28   |0.0475    |0.2667              |1.0000          |1.3141
22   |0.0454    |0.0750              |1.0000          |1.1204
21   |0.0004    |0.0500              |1.0000          |1.0504
32   |0.0004    |0.0417              |1.0000          |1.0421
26   |0.0004    |0.2667              |0.7527          |1.0198

Team Events (sorted, for dev use, diff check with others to ensure truly different schedules created):
------------------------------------------------------------
0, 109, 163, 178, 224, 286
1, 103, 153, 208, 261, 310
2, 96, 154, 186, 226, 287
3, 94, 149, 205, 249, 293
4, 101, 151, 189, 242, 303
5, 97, 142, 183, 232, 300
6, 102, 155, 180, 244, 294
7, 100, 146, 211, 277, 325
8, 98, 145, 191, 243, 297
9, 125, 150, 192, 247, 309
10, 132, 162, 194, 262, 305
11, 121, 165, 190, 255, 316
12, 120, 160, 181, 223, 280
13, 123, 161, 195, 231, 284
14, 122, 157, 198, 268, 308
15, 119, 158, 182, 260, 321
16, 113, 164, 200, 253, 302
17, 118, 152, 212, 276, 319
18, 56, 156, 203, 250, 304
19, 59, 147, 204, 258, 301
20, 72, 138, 201, 220, 273
21, 79, 143, 196, 236, 275
22, 55, 159, 169, 215, 272
23, 70, 144, 214, 267, 307
24, 60, 148, 218, 274, 317
26, 85, 126, 213, 228, 271
27, 67, 99, 209, 259, 295
28, 63, 88, 216, 257, 298
29, 61, 89, 197, 234, 282
30, 57, 91, 172, 217, 283
31, 54, 93, 179, 222, 289
32, 90, 108, 221, 265, 278
33, 58, 87, 210, 254, 296
34, 95, 111, 219, 269, 279
35, 77, 86, 206, 227, 270
36, 64, 117, 177, 230, 292
37, 76, 110, 188, 237, 290
38, 68, 107, 207, 264, 311
39, 69, 116, 199, 252, 291
40, 66, 115, 187, 248, 313
41, 62, 106, 202, 240, 281
42, 65, 112, 184, 263, 323
43, 73, 114, 185, 245, 288
44, 74, 124, 167, 225, 285
45, 71, 127, 176, 246, 322
46, 81, 140, 168, 241, 315
47, 83, 141, 171, 233, 299
48, 92, 139, 166, 235, 306
49, 82, 137, 175, 256, 320
50, 80, 135, 170, 251, 318
51, 75, 133, 173, 239, 314
52, 78, 134, 174, 238, 312
53, 84, 136, 193, 266, 324
