FLL Scheduler GA Summary Report (ID: 2132111937648 | Hash: -7922426252663937665)

Attributes:
--------------------
rank: 0
origin: (C | KPoint(k=2))
mutations: 0
clones: 0
_hash: -7922426252663937665
Length: 318

Fitness:
--------------------------
BreakTime           : 0.31062795876048954
LocationConsistency : 0.0
OpponentVariety     : 0.8754111684107535
-----------------------------------
Total               : 1.186039127171243
Percentage          : 39.53%

Per-Objective Statistics (Team Distribution):
-----------------------------------------------------------------
Objective                 | Min      | Max      | Avg      | Range   
-----------------------------------------------------------------
BreakTime                 | 0.0004   | 0.9193   | 0.5394   | 0.9189  
LocationConsistency       | 0.0417   | 0.6417   | 0.2074   | 0.6000  
OpponentVariety           | 0.7527   | 1.0000   | 0.9953   | 0.2473  

Team fitnesses (sorted by total fitness descending):
----------------------------------------------------
Max     : 2.268933
Min     : 0.803112
Range   : 1.465821
Average : 1.742106

Team |BreakTime |LocationConsistency |OpponentVariety |Sum
------------------------------------------------------------
37   |0.6273    |0.6417              |1.0000          |2.2689
39   |0.6257    |0.6417              |1.0000          |2.2673
49   |0.8925    |0.3500              |1.0000          |2.2425
8    |0.5895    |0.6417              |1.0000          |2.2312
51   |0.8672    |0.3500              |1.0000          |2.2172
52   |0.9185    |0.2667              |1.0000          |2.1852
48   |0.8630    |0.2667              |1.0000          |2.1297
53   |0.9139    |0.0500              |1.0000          |1.9639
47   |0.9193    |0.0417              |1.0000          |1.9610
23   |0.6013    |0.3500              |1.0000          |1.9513
6    |0.6005    |0.3500              |1.0000          |1.9505
40   |0.6732    |0.2667              |1.0000          |1.9398
45   |0.8865    |0.0500              |1.0000          |1.9365
50   |0.8793    |0.0417              |1.0000          |1.9210
11   |0.5556    |0.3500              |1.0000          |1.9056
5    |0.6329    |0.2667              |1.0000          |1.8995
25   |0.5397    |0.3500              |1.0000          |1.8897
16   |0.5389    |0.3500              |1.0000          |1.8889
13   |0.5379    |0.3500              |1.0000          |1.8879
36   |0.6044    |0.2667              |1.0000          |1.8710
30   |0.5133    |0.3500              |1.0000          |1.8633
17   |0.5901    |0.2667              |1.0000          |1.8568
41   |0.5809    |0.2667              |1.0000          |1.8476
46   |0.7914    |0.0500              |1.0000          |1.8414
9    |0.5719    |0.2667              |1.0000          |1.8385
34   |0.5616    |0.2667              |1.0000          |1.8282
3    |0.5474    |0.2667              |1.0000          |1.8141
42   |0.6764    |0.0417              |1.0000          |1.7181
38   |0.6673    |0.0500              |1.0000          |1.7173
43   |0.6637    |0.0417              |1.0000          |1.7054
1    |0.6485    |0.0417              |1.0000          |1.6902
2    |0.6216    |0.0667              |1.0000          |1.6883
15   |0.6158    |0.0667              |1.0000          |1.6825
44   |0.5936    |0.0500              |1.0000          |1.6436
31   |0.0004    |0.6417              |1.0000          |1.6421
10   |0.5920    |0.0417              |1.0000          |1.6336
7    |0.5774    |0.0500              |1.0000          |1.6274
18   |0.5758    |0.0417              |1.0000          |1.6174
4    |0.5640    |0.0417              |1.0000          |1.6057
12   |0.5619    |0.0417              |1.0000          |1.6036
14   |0.5543    |0.0417              |1.0000          |1.5960
35   |0.5515    |0.0417              |1.0000          |1.5931
21   |0.5082    |0.0667              |1.0000          |1.5749
22   |0.4972    |0.0667              |1.0000          |1.5639
32   |0.5002    |0.0417              |1.0000          |1.5419
28   |0.0004    |0.5250              |1.0000          |1.5254
27   |0.0475    |0.2667              |1.0000          |1.3141
19   |0.0465    |0.2667              |1.0000          |1.3132
26   |0.0004    |0.2667              |1.0000          |1.2671
24   |0.0454    |0.0750              |1.0000          |1.1204
29   |0.0488    |0.0417              |1.0000          |1.0904
33   |0.0045    |0.0500              |1.0000          |1.0545
20   |0.0004    |0.0500              |0.7527          |0.8031

Team Events (sorted, for dev use, diff check with others to ensure truly different schedules created):
------------------------------------------------------------
0, 103, 161, 178, 224, 293
1, 101, 157, 183, 241, 302
2, 94, 149, 205, 250, 287
3, 100, 146, 208, 277, 318
4, 109, 154, 175, 244, 301
5, 97, 155, 185, 228, 292
6, 108, 153, 211, 254, 310
7, 96, 143, 188, 232, 295
8, 98, 145, 191, 240, 297
9, 122, 163, 174, 223, 280
10, 125, 156, 192, 252, 308
11, 113, 164, 203, 246, 303
12, 121, 150, 198, 262, 309
13, 120, 162, 195, 231, 284
14, 118, 158, 189, 255, 322
15, 119, 152, 207, 276, 324
16, 123, 165, 190, 261, 316
17, 132, 160, 194, 269, 305
18, 71, 144, 214, 264, 306
19, 85, 129, 206, 226, 270
20, 59, 147, 204, 256, 294
21, 60, 148, 218, 272, 317
22, 54, 159, 170, 215, 274
23, 78, 142, 196, 236, 273
24, 57, 151, 201, 249, 304
25, 75, 137, 202, 220, 275
27, 69, 88, 216, 258, 299
28, 95, 111, 219, 263, 279
29, 64, 99, 210, 257, 300
30, 61, 89, 197, 234, 282
31, 90, 102, 221, 266, 278
32, 58, 87, 209, 260, 296
33, 76, 86, 213, 229, 271
34, 56, 91, 173, 217, 283
35, 55, 93, 179, 222, 290
36, 63, 104, 212, 267, 311
37, 77, 110, 182, 237, 288
38, 67, 117, 177, 230, 286
39, 74, 115, 186, 245, 291
40, 65, 114, 184, 251, 313
41, 68, 105, 200, 243, 281
42, 66, 112, 187, 268, 321
43, 72, 124, 167, 225, 285
44, 62, 116, 199, 247, 289
45, 92, 136, 166, 235, 307
46, 84, 138, 193, 265, 319
47, 73, 133, 172, 239, 315
48, 79, 134, 181, 238, 312
49, 70, 128, 176, 253, 320
50, 83, 141, 168, 233, 298
51, 82, 139, 180, 259, 323
52, 81, 135, 169, 248, 325
53, 80, 140, 171, 242, 314
