FLL Scheduler GA Summary Report (ID: 2132126144368 | Hash: 1200744856826271148)

Attributes:
--------------------
rank: 0
origin: (C | KPoint(k=1))
mutations: 1
clones: 0
_hash: 1200744856826271148
Length: 318

Fitness:
--------------------------
BreakTime           : 0.31062795876048954
LocationConsistency : 0.0
OpponentVariety     : 0.8754111684107535
-----------------------------------
Total               : 1.186039127171243
Percentage          : 39.53%

Per-Objective Statistics (Team Distribution):
-----------------------------------------------------------------
Objective                 | Min      | Max      | Avg      | Range   
-----------------------------------------------------------------
BreakTime                 | 0.0004   | 0.9193   | 0.5394   | 0.9189  
LocationConsistency       | 0.0417   | 0.6417   | 0.2448   | 0.6000  
OpponentVariety           | 0.7527   | 1.0000   | 0.9953   | 0.2473  

Team fitnesses (sorted by total fitness descending):
----------------------------------------------------
Max     : 2.263852
Min     : 1.019778
Range   : 1.244073
Average : 1.779527

Team |BreakTime |LocationConsistency |OpponentVariety |Sum
------------------------------------------------------------
46   |0.9139    |0.3500              |1.0000          |2.2639
18   |0.6158    |0.6417              |1.0000          |2.2575
52   |0.8630    |0.3667              |1.0000          |2.2297
32   |0.5616    |0.6417              |1.0000          |2.2032
51   |0.9193    |0.2667              |1.0000          |2.1860
48   |0.8865    |0.2667              |1.0000          |2.1531
49   |0.8672    |0.2667              |1.0000          |2.1338
53   |0.7914    |0.2667              |1.0000          |2.0581
38   |0.6764    |0.3500              |1.0000          |2.0264
23   |0.6013    |0.3667              |1.0000          |1.9680
50   |0.9185    |0.0417              |1.0000          |1.9602
45   |0.8925    |0.0667              |1.0000          |1.9592
42   |0.6044    |0.3500              |1.0000          |1.9544
41   |0.6732    |0.2667              |1.0000          |1.9398
37   |0.6637    |0.2667              |1.0000          |1.9304
47   |0.8793    |0.0500              |1.0000          |1.9293
2    |0.6329    |0.2667              |1.0000          |1.8995
4    |0.5474    |0.3500              |1.0000          |1.8974
40   |0.6273    |0.2667              |1.0000          |1.8939
44   |0.6257    |0.2667              |1.0000          |1.8923
5    |0.6216    |0.2667              |1.0000          |1.8883
17   |0.5379    |0.3500              |1.0000          |1.8879
7    |0.6005    |0.2667              |1.0000          |1.8672
33   |0.5133    |0.3500              |1.0000          |1.8633
39   |0.5936    |0.2667              |1.0000          |1.8603
16   |0.5920    |0.2667              |1.0000          |1.8586
6    |0.5895    |0.2667              |1.0000          |1.8562
11   |0.5758    |0.2667              |1.0000          |1.8424
1    |0.5719    |0.2667              |1.0000          |1.8385
3    |0.5640    |0.2667              |1.0000          |1.8307
31   |0.5515    |0.2667              |1.0000          |1.8181
19   |0.5397    |0.2667              |1.0000          |1.8064
20   |0.5082    |0.2667              |1.0000          |1.7749
27   |0.5002    |0.2667              |1.0000          |1.7669
43   |0.6673    |0.0417              |1.0000          |1.7089
9    |0.6485    |0.0417              |1.0000          |1.6902
28   |0.0004    |0.6417              |1.0000          |1.6421
15   |0.5901    |0.0417              |1.0000          |1.6318
36   |0.5809    |0.0500              |1.0000          |1.6309
10   |0.5556    |0.0667              |1.0000          |1.6223
8    |0.5774    |0.0417              |1.0000          |1.6190
12   |0.5389    |0.0750              |1.0000          |1.6139
13   |0.5619    |0.0417              |1.0000          |1.6036
14   |0.5543    |0.0417              |1.0000          |1.5960
25   |0.4972    |0.0750              |1.0000          |1.5722
29   |0.0475    |0.3500              |1.0000          |1.3975
24   |0.0465    |0.3500              |1.0000          |1.3965
35   |0.0045    |0.3500              |1.0000          |1.3545
34   |0.0488    |0.2667              |1.0000          |1.3154
21   |0.0004    |0.2667              |1.0000          |1.2671
22   |0.0454    |0.0500              |1.0000          |1.0954
30   |0.0004    |0.0417              |1.0000          |1.0421
26   |0.0004    |0.2667              |0.7527          |1.0198

Team Events (sorted, for dev use, diff check with others to ensure truly different schedules created):
------------------------------------------------------------
0, 98, 145, 191, 243, 298
1, 102, 155, 175, 244, 294
2, 95, 147, 211, 277, 318
3, 100, 149, 205, 249, 293
4, 94, 151, 189, 242, 303
5, 97, 143, 183, 232, 300
6, 96, 154, 187, 226, 287
7, 103, 153, 208, 261, 310
8, 109, 163, 178, 224, 286
9, 118, 150, 192, 247, 309
10, 132, 162, 194, 262, 304
11, 125, 152, 212, 276, 324
12, 113, 164, 203, 253, 302
13, 120, 161, 195, 231, 284
14, 122, 165, 190, 255, 316
15, 123, 160, 174, 223, 280
16, 121, 156, 198, 268, 308
17, 124, 158, 182, 260, 322
18, 56, 157, 200, 250, 305
19, 59, 146, 204, 258, 301
20, 72, 138, 202, 220, 273
21, 79, 142, 196, 236, 275
22, 55, 159, 170, 215, 272
23, 70, 144, 214, 267, 307
24, 60, 148, 218, 274, 317
26, 85, 126, 213, 228, 271
27, 58, 87, 210, 254, 299
28, 101, 111, 219, 269, 279
29, 68, 88, 216, 257, 296
30, 90, 108, 221, 265, 278
31, 54, 93, 179, 222, 289
32, 57, 91, 172, 217, 283
33, 61, 89, 197, 234, 282
34, 64, 99, 209, 259, 295
35, 77, 86, 206, 227, 270
36, 69, 106, 201, 240, 281
37, 74, 119, 167, 225, 285
38, 66, 112, 184, 263, 320
39, 62, 116, 199, 252, 291
40, 76, 110, 188, 237, 290
41, 65, 115, 186, 248, 313
42, 63, 107, 207, 264, 311
43, 67, 117, 177, 230, 292
44, 73, 114, 185, 245, 288
45, 71, 127, 176, 246, 321
46, 81, 141, 171, 241, 315
47, 83, 140, 168, 233, 297
48, 92, 139, 166, 235, 306
49, 82, 136, 180, 256, 323
50, 80, 135, 169, 251, 325
51, 75, 133, 173, 239, 314
52, 78, 134, 181, 238, 312
53, 84, 137, 193, 266, 319
