FLL Scheduler GA Summary Report (ID: 2132037134800 | Hash: -8111111843435113053)

Attributes:
--------------------
rank: 0
origin: (C | KPoint(k=3))
mutations: 0
clones: 0
_hash: -8111111843435113053
Length: 318

Fitness:
--------------------------
BreakTime           : 0.31062795876048954
LocationConsistency : 0.0
OpponentVariety     : 0.8754111684107535
-----------------------------------
Total               : 1.186039127171243
Percentage          : 39.53%

Per-Objective Statistics (Team Distribution):
-----------------------------------------------------------------
Objective                 | Min      | Max      | Avg      | Range   
-----------------------------------------------------------------
BreakTime                 | 0.0004   | 0.9193   | 0.5394   | 0.9189  
LocationConsistency       | 0.0417   | 0.6417   | 0.1802   | 0.6000  
OpponentVariety           | 0.7527   | 1.0000   | 0.9953   | 0.2473  

Team fitnesses (sorted by total fitness descending):
----------------------------------------------------
Max     : 2.314821
Min     : 1.019778
Range   : 1.295043
Average : 1.714905

Team |BreakTime |LocationConsistency |OpponentVariety |Sum
------------------------------------------------------------
40   |0.6732    |0.6417              |1.0000          |2.3148
47   |0.9193    |0.3500              |1.0000          |2.2693
48   |0.8630    |0.3667              |1.0000          |2.2297
12   |0.5619    |0.6417              |1.0000          |2.2036
45   |0.9139    |0.2667              |1.0000          |2.1805
53   |0.8925    |0.2667              |1.0000          |2.1592
49   |0.8865    |0.2667              |1.0000          |2.1531
52   |0.8672    |0.2667              |1.0000          |2.1338
51   |0.9185    |0.0500              |1.0000          |1.9685
36   |0.6044    |0.3500              |1.0000          |1.9544
50   |0.8793    |0.0500              |1.0000          |1.9293
31   |0.5616    |0.3667              |1.0000          |1.9282
1    |0.6485    |0.2667              |1.0000          |1.9152
37   |0.6273    |0.2667              |1.0000          |1.8939
39   |0.6257    |0.2667              |1.0000          |1.8923
2    |0.6216    |0.2667              |1.0000          |1.8883
22   |0.5082    |0.3667              |1.0000          |1.8749
9    |0.6005    |0.2667              |1.0000          |1.8672
29   |0.5002    |0.3500              |1.0000          |1.8502
46   |0.7914    |0.0417              |1.0000          |1.8331
11   |0.5556    |0.2667              |1.0000          |1.8223
3    |0.5474    |0.2667              |1.0000          |1.8141
20   |0.5397    |0.2667              |1.0000          |1.8064
38   |0.6764    |0.0500              |1.0000          |1.7264
41   |0.6673    |0.0417              |1.0000          |1.7089
43   |0.6637    |0.0417              |1.0000          |1.7054
15   |0.6158    |0.0667              |1.0000          |1.6825
25   |0.6013    |0.0750              |1.0000          |1.6763
6    |0.6329    |0.0417              |1.0000          |1.6745
44   |0.5936    |0.0750              |1.0000          |1.6686
18   |0.5901    |0.0500              |1.0000          |1.6401
10   |0.5920    |0.0417              |1.0000          |1.6336
8    |0.5895    |0.0417              |1.0000          |1.6312
42   |0.5809    |0.0500              |1.0000          |1.6309
14   |0.5543    |0.0667              |1.0000          |1.6210
4    |0.5774    |0.0417              |1.0000          |1.6190
16   |0.5758    |0.0417              |1.0000          |1.6174
5    |0.5719    |0.0417              |1.0000          |1.6135
7    |0.5640    |0.0417              |1.0000          |1.6057
35   |0.5515    |0.0417              |1.0000          |1.5931
17   |0.5389    |0.0500              |1.0000          |1.5889
13   |0.5379    |0.0500              |1.0000          |1.5879
26   |0.4972    |0.0750              |1.0000          |1.5722
32   |0.5133    |0.0500              |1.0000          |1.5633
19   |0.0454    |0.3667              |1.0000          |1.4121
30   |0.0045    |0.3500              |1.0000          |1.3545
23   |0.0465    |0.2667              |1.0000          |1.3132
34   |0.0004    |0.2667              |1.0000          |1.2671
33   |0.0475    |0.0500              |1.0000          |1.0975
28   |0.0488    |0.0417              |1.0000          |1.0904
24   |0.0004    |0.0500              |1.0000          |1.0504
27   |0.0004    |0.0417              |1.0000          |1.0421
21   |0.0004    |0.2667              |0.7527          |1.0198

Team Events (sorted, for dev use, diff check with others to ensure truly different schedules created):
------------------------------------------------------------
0, 103, 162, 178, 224, 286
1, 101, 151, 188, 241, 303
2, 94, 149, 198, 249, 292
3, 108, 153, 208, 261, 310
4, 98, 145, 197, 240, 299
5, 109, 155, 175, 244, 294
6, 100, 146, 211, 277, 318
7, 96, 142, 183, 235, 301
8, 97, 154, 186, 228, 287
9, 122, 160, 174, 223, 283
10, 125, 150, 194, 247, 309
11, 112, 164, 200, 252, 302
12, 120, 157, 204, 263, 308
13, 121, 161, 192, 237, 278
14, 119, 159, 182, 260, 323
15, 126, 163, 193, 269, 304
16, 118, 152, 212, 276, 325
17, 123, 165, 196, 255, 316
18, 79, 143, 190, 231, 275
19, 57, 156, 203, 250, 305
20, 85, 129, 213, 226, 271
21, 59, 147, 199, 259, 300
22, 77, 144, 214, 264, 307
23, 72, 138, 201, 220, 273
25, 54, 158, 168, 215, 272
26, 60, 148, 218, 274, 317
27, 89, 102, 221, 266, 284
28, 64, 99, 209, 258, 295
29, 58, 87, 210, 254, 298
30, 71, 86, 206, 229, 270
31, 56, 88, 166, 217, 280
32, 61, 91, 191, 233, 281
33, 69, 90, 216, 257, 296
34, 95, 117, 219, 262, 285
35, 55, 93, 179, 222, 289
36, 63, 104, 207, 267, 311
37, 70, 116, 189, 230, 290
38, 66, 113, 184, 268, 320
39, 73, 114, 185, 245, 288
40, 65, 115, 187, 248, 313
41, 67, 111, 177, 236, 293
42, 68, 105, 202, 243, 282
43, 74, 124, 173, 225, 279
44, 62, 110, 205, 253, 291
45, 81, 140, 169, 242, 315
46, 84, 136, 195, 265, 319
47, 75, 127, 167, 239, 314
48, 78, 134, 181, 238, 312
49, 92, 139, 172, 232, 306
50, 83, 141, 170, 234, 297
51, 80, 135, 171, 251, 324
52, 82, 137, 180, 256, 322
53, 76, 128, 176, 246, 321
