FLL Scheduler GA Summary Report (ID: 2132118881888 | Hash: 8338142387719924656)

Attributes:
--------------------
rank: 0
origin: (C | KPoint(k=3))
mutations: 0
clones: 0
_hash: 8338142387719924656
Length: 318

Fitness:
--------------------------
BreakTime           : 0.31062795876048954
LocationConsistency : 0.0
OpponentVariety     : 0.8754111684107535
-----------------------------------
Total               : 1.186039127171243
Percentage          : 39.53%

Per-Objective Statistics (Team Distribution):
-----------------------------------------------------------------
Objective                 | Min      | Max      | Avg      | Range   
-----------------------------------------------------------------
BreakTime                 | 0.0004   | 0.9193   | 0.5394   | 0.9189  
LocationConsistency       | 0.0417   | 0.6417   | 0.1838   | 0.6000  
OpponentVariety           | 0.7527   | 1.0000   | 0.9953   | 0.2473  

Team fitnesses (sorted by total fitness descending):
----------------------------------------------------
Max     : 2.263852
Min     : 1.050419
Range   : 1.213433
Average : 1.718521

Team |BreakTime |LocationConsistency |OpponentVariety |Sum
------------------------------------------------------------
53   |0.9139    |0.3500              |1.0000          |2.2639
13   |0.6158    |0.6417              |1.0000          |2.2575
48   |0.8793    |0.3500              |1.0000          |2.2293
45   |0.8865    |0.2667              |1.0000          |2.1531
34   |0.5616    |0.5250              |1.0000          |2.0866
46   |0.7914    |0.2667              |1.0000          |2.0581
42   |0.6764    |0.3500              |1.0000          |2.0264
44   |0.6732    |0.3500              |1.0000          |2.0232
51   |0.9193    |0.0500              |1.0000          |1.9693
52   |0.9185    |0.0417              |1.0000          |1.9602
36   |0.6044    |0.3500              |1.0000          |1.9544
24   |0.6013    |0.3500              |1.0000          |1.9513
49   |0.8925    |0.0417              |1.0000          |1.9342
11   |0.5556    |0.3667              |1.0000          |1.9223
47   |0.8672    |0.0500              |1.0000          |1.9172
9    |0.6485    |0.2667              |1.0000          |1.9152
50   |0.8630    |0.0500              |1.0000          |1.9130
43   |0.6257    |0.2667              |1.0000          |1.8923
23   |0.5397    |0.3500              |1.0000          |1.8897
7    |0.6216    |0.2667              |1.0000          |1.8883
40   |0.5936    |0.2667              |1.0000          |1.8603
12   |0.5901    |0.2667              |1.0000          |1.8568
6    |0.5895    |0.2667              |1.0000          |1.8562
15   |0.5379    |0.2667              |1.0000          |1.8046
30   |0.5133    |0.2667              |1.0000          |1.7800
32   |0.5002    |0.2667              |1.0000          |1.7669
38   |0.6673    |0.0417              |1.0000          |1.7089
39   |0.6637    |0.0417              |1.0000          |1.7054
37   |0.6273    |0.0750              |1.0000          |1.7023
4    |0.6329    |0.0500              |1.0000          |1.6829
1    |0.6005    |0.0417              |1.0000          |1.6422
5    |0.5719    |0.0667              |1.0000          |1.6385
10   |0.5920    |0.0417              |1.0000          |1.6336
41   |0.5809    |0.0500              |1.0000          |1.6309
18   |0.5758    |0.0500              |1.0000          |1.6258
3    |0.5474    |0.0750              |1.0000          |1.6224
2    |0.5774    |0.0417              |1.0000          |1.6190
8    |0.5640    |0.0417              |1.0000          |1.6057
16   |0.5543    |0.0500              |1.0000          |1.6043
17   |0.5619    |0.0417              |1.0000          |1.6036
35   |0.5515    |0.0417              |1.0000          |1.5931
14   |0.5389    |0.0500              |1.0000          |1.5889
20   |0.5082    |0.0417              |1.0000          |1.5499
26   |0.4972    |0.0417              |1.0000          |1.5389
33   |0.0045    |0.3500              |1.0000          |1.3545
29   |0.0488    |0.2667              |1.0000          |1.3154
25   |0.0465    |0.2667              |1.0000          |1.3132
19   |0.0004    |0.2667              |1.0000          |1.2671
21   |0.0004    |0.3500              |0.7527          |1.1031
27   |0.0475    |0.0417              |1.0000          |1.0891
22   |0.0454    |0.0417              |1.0000          |1.0871
28   |0.0004    |0.0750              |1.0000          |1.0754
31   |0.0004    |0.0500              |1.0000          |1.0504

Team Events (sorted, for dev use, diff check with others to ensure truly different schedules created):
------------------------------------------------------------
0, 96, 155, 186, 228, 287
1, 108, 153, 211, 254, 317
2, 94, 142, 205, 250, 293
3, 109, 154, 175, 239, 294
4, 98, 146, 196, 240, 299
5, 97, 148, 183, 232, 300
6, 101, 156, 188, 241, 303
7, 100, 145, 208, 277, 318
8, 102, 161, 178, 224, 286
9, 121, 163, 174, 223, 282
10, 125, 157, 195, 247, 309
11, 120, 165, 197, 260, 311
12, 122, 158, 182, 255, 322
13, 123, 152, 207, 276, 324
14, 119, 150, 198, 269, 308
15, 118, 162, 192, 231, 279
16, 113, 164, 203, 253, 302
17, 132, 160, 193, 263, 305
18, 73, 138, 202, 220, 275
19, 59, 144, 204, 257, 301
20, 85, 130, 206, 226, 270
22, 78, 149, 191, 236, 273
23, 56, 151, 200, 249, 304
24, 54, 159, 170, 215, 274
25, 76, 147, 214, 264, 307
26, 60, 143, 218, 272, 310
27, 69, 91, 216, 258, 297
28, 95, 111, 219, 268, 284
29, 64, 99, 210, 256, 295
30, 61, 90, 190, 234, 280
31, 88, 103, 221, 266, 285
32, 58, 87, 209, 261, 298
33, 71, 86, 213, 229, 271
34, 57, 89, 173, 217, 281
35, 55, 93, 179, 222, 289
36, 63, 107, 212, 267, 316
37, 70, 110, 189, 237, 290
38, 67, 117, 177, 230, 292
39, 75, 124, 167, 225, 278
40, 62, 116, 199, 252, 291
41, 68, 106, 201, 243, 283
42, 66, 112, 184, 262, 320
43, 72, 114, 185, 238, 288
44, 65, 115, 187, 251, 312
45, 92, 139, 166, 235, 306
46, 84, 137, 194, 265, 319
47, 81, 136, 180, 259, 323
48, 80, 140, 168, 233, 296
49, 77, 131, 176, 246, 321
50, 79, 134, 181, 245, 313
51, 74, 133, 172, 244, 315
52, 82, 135, 169, 248, 325
53, 83, 141, 171, 242, 314
