FLL Scheduler GA Summary Report (ID: 2132037131216 | Hash: -3859193157498262688)

Attributes:
--------------------
rank: 0
origin: (C | RoundTypeCrossover)
mutations: 0
clones: 0
_hash: -3859193157498262688
Length: 318

Fitness:
--------------------------
BreakTime           : 0.31062795876048954
LocationConsistency : 0.0
OpponentVariety     : 0.8754111684107535
-----------------------------------
Total               : 1.186039127171243
Percentage          : 39.53%

Per-Objective Statistics (Team Distribution):
-----------------------------------------------------------------
Objective                 | Min      | Max      | Avg      | Range   
-----------------------------------------------------------------
BreakTime                 | 0.0004   | 0.9193   | 0.5394   | 0.9189  
LocationConsistency       | 0.0417   | 0.6417   | 0.2401   | 0.6000  
OpponentVariety           | 0.7527   | 1.0000   | 0.9953   | 0.2473  

Team fitnesses (sorted by total fitness descending):
----------------------------------------------------
Max     : 2.528134
Min     : 1.067072
Range   : 1.461062
Average : 1.774810

Team |BreakTime |LocationConsistency |OpponentVariety |Sum
------------------------------------------------------------
45   |0.8865    |0.6417              |1.0000          |2.5281
39   |0.6257    |0.6417              |1.0000          |2.2673
15   |0.6158    |0.6417              |1.0000          |2.2575
44   |0.5936    |0.6417              |1.0000          |2.2353
48   |0.8630    |0.3667              |1.0000          |2.2297
52   |0.9185    |0.2667              |1.0000          |2.1852
53   |0.9139    |0.2667              |1.0000          |2.1805
49   |0.8925    |0.2667              |1.0000          |2.1592
38   |0.6764    |0.3500              |1.0000          |2.0264
41   |0.6732    |0.3500              |1.0000          |2.0232
43   |0.6673    |0.3500              |1.0000          |2.0173
3    |0.6329    |0.3500              |1.0000          |1.9829
47   |0.9193    |0.0500              |1.0000          |1.9693
25   |0.6013    |0.3500              |1.0000          |1.9513
6    |0.6005    |0.3500              |1.0000          |1.9505
8    |0.5895    |0.3500              |1.0000          |1.9395
9    |0.5719    |0.3667              |1.0000          |1.9385
36   |0.5809    |0.3500              |1.0000          |1.9309
50   |0.8793    |0.0500              |1.0000          |1.9293
14   |0.5543    |0.3667              |1.0000          |1.9210
51   |0.8672    |0.0417              |1.0000          |1.9088
5    |0.6216    |0.2667              |1.0000          |1.8883
42   |0.6044    |0.2667              |1.0000          |1.8710
10   |0.5920    |0.2667              |1.0000          |1.8586
18   |0.5901    |0.2667              |1.0000          |1.8568
46   |0.7914    |0.0417              |1.0000          |1.8331
7    |0.5640    |0.2667              |1.0000          |1.8307
31   |0.5616    |0.2667              |1.0000          |1.8282
11   |0.5556    |0.2667              |1.0000          |1.8223
2    |0.5474    |0.2667              |1.0000          |1.8141
13   |0.5379    |0.2667              |1.0000          |1.8046
37   |0.6637    |0.0500              |1.0000          |1.7137
1    |0.6485    |0.0417              |1.0000          |1.6902
40   |0.6273    |0.0500              |1.0000          |1.6773
4    |0.5774    |0.0417              |1.0000          |1.6190
16   |0.5758    |0.0417              |1.0000          |1.6174
17   |0.5389    |0.0750              |1.0000          |1.6139
12   |0.5619    |0.0417              |1.0000          |1.6036
29   |0.5515    |0.0417              |1.0000          |1.5931
26   |0.5397    |0.0500              |1.0000          |1.5897
24   |0.4972    |0.0750              |1.0000          |1.5722
28   |0.5133    |0.0500              |1.0000          |1.5633
19   |0.5082    |0.0417              |1.0000          |1.5499
33   |0.5002    |0.0417              |1.0000          |1.5419
21   |0.0004    |0.6417              |0.7527          |1.3948
35   |0.0045    |0.3500              |1.0000          |1.3545
20   |0.0465    |0.2667              |1.0000          |1.3132
22   |0.0454    |0.2667              |1.0000          |1.3121
23   |0.0004    |0.2667              |1.0000          |1.2671
32   |0.0004    |0.2667              |1.0000          |1.2671
34   |0.0488    |0.0667              |1.0000          |1.1154
27   |0.0475    |0.0417              |1.0000          |1.0891
30   |0.0004    |0.0667              |1.0000          |1.0671

Team Events (sorted, for dev use, diff check with others to ensure truly different schedules created):
------------------------------------------------------------
0, 103, 162, 177, 224, 293
1, 100, 149, 205, 250, 287
2, 109, 152, 180, 244, 301
3, 108, 154, 208, 261, 311
4, 94, 156, 188, 241, 303
5, 98, 153, 186, 228, 292
6, 95, 147, 211, 277, 318
7, 99, 143, 183, 232, 295
8, 97, 145, 196, 240, 297
9, 122, 160, 181, 223, 280
10, 118, 157, 195, 252, 309
11, 113, 164, 203, 247, 302
12, 120, 150, 198, 263, 308
13, 121, 161, 193, 231, 284
14, 124, 158, 182, 260, 322
15, 127, 163, 192, 269, 305
16, 125, 155, 212, 276, 324
17, 123, 165, 197, 255, 316
18, 56, 146, 204, 259, 294
20, 77, 144, 214, 264, 307
21, 85, 130, 213, 226, 271
22, 79, 142, 191, 236, 275
23, 72, 138, 202, 220, 273
24, 60, 148, 218, 274, 317
25, 54, 159, 168, 215, 272
26, 58, 151, 200, 249, 304
27, 69, 90, 216, 257, 299
28, 61, 91, 190, 234, 282
29, 55, 93, 176, 222, 290
30, 101, 117, 219, 262, 279
31, 59, 88, 166, 217, 283
32, 89, 102, 221, 266, 278
33, 57, 87, 210, 254, 296
34, 64, 96, 209, 258, 300
35, 71, 86, 206, 229, 270
36, 68, 105, 201, 243, 281
37, 74, 119, 173, 225, 285
38, 66, 112, 184, 268, 320
39, 73, 115, 185, 245, 291
40, 70, 116, 189, 237, 288
41, 65, 114, 187, 251, 313
42, 63, 104, 207, 267, 310
43, 67, 110, 178, 230, 286
44, 62, 111, 199, 246, 289
45, 92, 139, 172, 235, 306
46, 84, 136, 194, 265, 319
47, 75, 126, 167, 239, 314
48, 78, 134, 175, 238, 312
49, 76, 131, 179, 253, 321
50, 83, 141, 170, 233, 298
51, 82, 137, 174, 256, 323
52, 80, 135, 171, 248, 325
53, 81, 140, 169, 242, 315
