FLL Scheduler GA Summary Report (ID: 2132126148736 | Hash: 2730114529039219346)

Attributes:
--------------------
rank: 0
origin: (C | KPoint(k=2))
mutations: 0
clones: 0
_hash: 2730114529039219346
Length: 318

Fitness:
--------------------------
BreakTime           : 0.31062795876048954
LocationConsistency : 0.0
OpponentVariety     : 0.8754111684107535
-----------------------------------
Total               : 1.186039127171243
Percentage          : 39.53%

Per-Objective Statistics (Team Distribution):
-----------------------------------------------------------------
Objective                 | Min      | Max      | Avg      | Range   
-----------------------------------------------------------------
BreakTime                 | 0.0004   | 0.9193   | 0.5394   | 0.9189  
LocationConsistency       | 0.0417   | 0.9500   | 0.2121   | 0.9083  
OpponentVariety           | 0.7527   | 1.0000   | 0.9953   | 0.2473  

Team fitnesses (sorted by total fitness descending):
----------------------------------------------------
Max     : 2.554359
Min     : 1.067085
Range   : 1.487274
Average : 1.746823

Team |BreakTime |LocationConsistency |OpponentVariety |Sum
------------------------------------------------------------
38   |0.6044    |0.9500              |1.0000          |2.5544
46   |0.9185    |0.2667              |1.0000          |2.1852
45   |0.8865    |0.2667              |1.0000          |2.1531
51   |0.8672    |0.2667              |1.0000          |2.1338
10   |0.5556    |0.5250              |1.0000          |2.0806
50   |0.7914    |0.2667              |1.0000          |2.0581
37   |0.6764    |0.3500              |1.0000          |2.0264
40   |0.6732    |0.3500              |1.0000          |2.0232
3    |0.6216    |0.3667              |1.0000          |1.9883
47   |0.9193    |0.0500              |1.0000          |1.9693
53   |0.9139    |0.0500              |1.0000          |1.9639
23   |0.6013    |0.3500              |1.0000          |1.9513
39   |0.5936    |0.3500              |1.0000          |1.9436
49   |0.8925    |0.0417              |1.0000          |1.9342
44   |0.6637    |0.2667              |1.0000          |1.9304
52   |0.8793    |0.0500              |1.0000          |1.9293
48   |0.8630    |0.0500              |1.0000          |1.9130
34   |0.5616    |0.3500              |1.0000          |1.9116
36   |0.6273    |0.2667              |1.0000          |1.8939
25   |0.5397    |0.3500              |1.0000          |1.8897
11   |0.6158    |0.2667              |1.0000          |1.8825
19   |0.5082    |0.3667              |1.0000          |1.8749
13   |0.5920    |0.2667              |1.0000          |1.8586
16   |0.5901    |0.2667              |1.0000          |1.8568
2    |0.5640    |0.2667              |1.0000          |1.8307
6    |0.5474    |0.2667              |1.0000          |1.8141
18   |0.5379    |0.2667              |1.0000          |1.8046
20   |0.4972    |0.2667              |1.0000          |1.7639
42   |0.6673    |0.0500              |1.0000          |1.7173
1    |0.6485    |0.0417              |1.0000          |1.6902
8    |0.6329    |0.0500              |1.0000          |1.6829
41   |0.6257    |0.0417              |1.0000          |1.6673
9    |0.6005    |0.0417              |1.0000          |1.6422
4    |0.5895    |0.0500              |1.0000          |1.6395
43   |0.5809    |0.0500              |1.0000          |1.6309
14   |0.5543    |0.0750              |1.0000          |1.6293
15   |0.5758    |0.0500              |1.0000          |1.6258
5    |0.5774    |0.0417              |1.0000          |1.6190
7    |0.5719    |0.0417              |1.0000          |1.6135
12   |0.5619    |0.0500              |1.0000          |1.6119
35   |0.5515    |0.0417              |1.0000          |1.5931
17   |0.5389    |0.0500              |1.0000          |1.5889
22   |0.0454    |0.5250              |1.0000          |1.5704
30   |0.5133    |0.0417              |1.0000          |1.5550
32   |0.5002    |0.0417              |1.0000          |1.5419
24   |0.0004    |0.6417              |0.7527          |1.3948
33   |0.0045    |0.3500              |1.0000          |1.3545
27   |0.0475    |0.2667              |1.0000          |1.3141
26   |0.0004    |0.2667              |1.0000          |1.2671
28   |0.0004    |0.2667              |1.0000          |1.2671
31   |0.0488    |0.0417              |1.0000          |1.0904
21   |0.0465    |0.0417              |1.0000          |1.0882
29   |0.0004    |0.0667              |1.0000          |1.0671

Team Events (sorted, for dev use, diff check with others to ensure truly different schedules created):
------------------------------------------------------------
0, 105, 163, 178, 224, 286
1, 100, 146, 210, 277, 318
2, 101, 157, 189, 242, 303
3, 96, 142, 183, 235, 295
4, 103, 154, 208, 261, 310
5, 95, 148, 205, 250, 292
6, 98, 144, 196, 243, 297
7, 102, 153, 175, 239, 301
8, 97, 152, 187, 228, 287
9, 124, 156, 195, 252, 308
10, 119, 158, 182, 260, 322
11, 113, 164, 203, 246, 302
12, 122, 160, 174, 223, 280
13, 121, 161, 192, 236, 284
14, 127, 162, 193, 269, 305
15, 123, 165, 197, 255, 316
16, 118, 155, 213, 276, 324
17, 120, 151, 198, 263, 309
18, 59, 147, 204, 259, 294
19, 60, 149, 218, 273, 317
20, 71, 145, 214, 264, 306
22, 79, 143, 191, 231, 272
23, 54, 159, 167, 215, 274
24, 84, 130, 212, 226, 271
25, 57, 150, 200, 249, 304
26, 75, 136, 202, 220, 275
27, 69, 90, 216, 257, 298
28, 94, 117, 219, 262, 279
29, 88, 104, 221, 266, 278
30, 61, 91, 190, 233, 282
31, 64, 99, 209, 258, 300
32, 58, 87, 211, 254, 296
33, 76, 86, 206, 229, 270
34, 56, 89, 169, 217, 283
35, 55, 92, 179, 222, 289
36, 77, 116, 188, 230, 290
37, 66, 112, 184, 268, 320
38, 63, 107, 207, 267, 311
39, 62, 111, 199, 247, 291
40, 65, 114, 186, 251, 315
41, 74, 115, 185, 238, 288
42, 67, 110, 177, 237, 293
43, 68, 106, 201, 240, 281
44, 72, 125, 172, 225, 285
45, 93, 137, 173, 232, 307
46, 83, 141, 170, 248, 325
47, 73, 126, 168, 244, 312
48, 78, 140, 181, 245, 314
49, 70, 131, 176, 253, 321
50, 85, 138, 194, 265, 319
51, 81, 139, 180, 256, 323
52, 80, 134, 171, 234, 299
53, 82, 135, 166, 241, 313
