FLL Scheduler GA Summary Report (ID: 2132118883904 | Hash: -5145304191902354387)

Attributes:
--------------------
rank: 0
origin: (C | TimeSlotCrossover)
mutations: 1
clones: 0
_hash: -5145304191902354387
Length: 318

Fitness:
--------------------------
BreakTime           : 0.31062795876048954
LocationConsistency : 0.0
OpponentVariety     : 0.8754111684107535
-----------------------------------
Total               : 1.186039127171243
Percentage          : 39.53%

Per-Objective Statistics (Team Distribution):
-----------------------------------------------------------------
Objective                 | Min      | Max      | Avg      | Range   
-----------------------------------------------------------------
BreakTime                 | 0.0004   | 0.9193   | 0.5394   | 0.9189  
LocationConsistency       | 0.0417   | 0.9500   | 0.2344   | 0.9083  
OpponentVariety           | 0.7527   | 1.0000   | 0.9953   | 0.2473  

Team fitnesses (sorted by total fitness descending):
----------------------------------------------------
Max     : 2.539497
Min     : 1.042085
Range   : 1.497412
Average : 1.769150

Team |BreakTime |LocationConsistency |OpponentVariety |Sum
------------------------------------------------------------
4    |0.5895    |0.9500              |1.0000          |2.5395
1    |0.6485    |0.6417              |1.0000          |2.2902
15   |0.6158    |0.6417              |1.0000          |2.2575
45   |0.8865    |0.3500              |1.0000          |2.2365
52   |0.9185    |0.2667              |1.0000          |2.1852
49   |0.8925    |0.2667              |1.0000          |2.1592
30   |0.5133    |0.6417              |1.0000          |2.1550
48   |0.8793    |0.2667              |1.0000          |2.1460
46   |0.7914    |0.3500              |1.0000          |2.1414
50   |0.8630    |0.2667              |1.0000          |2.1297
40   |0.6732    |0.3667              |1.0000          |2.0398
38   |0.6764    |0.3500              |1.0000          |2.0264
51   |0.9193    |0.0500              |1.0000          |1.9693
53   |0.9139    |0.0500              |1.0000          |1.9639
37   |0.6044    |0.3500              |1.0000          |1.9544
36   |0.6673    |0.2667              |1.0000          |1.9339
34   |0.5616    |0.3667              |1.0000          |1.9282
47   |0.8672    |0.0500              |1.0000          |1.9172
9    |0.6329    |0.2667              |1.0000          |1.8995
42   |0.6257    |0.2667              |1.0000          |1.8923
21   |0.5397    |0.3500              |1.0000          |1.8897
10   |0.5389    |0.3500              |1.0000          |1.8889
3    |0.6216    |0.2667              |1.0000          |1.8883
16   |0.5379    |0.3500              |1.0000          |1.8879
12   |0.5901    |0.2667              |1.0000          |1.8568
39   |0.5809    |0.2667              |1.0000          |1.8476
6    |0.5474    |0.2667              |1.0000          |1.8141
32   |0.5002    |0.2667              |1.0000          |1.7669
41   |0.6637    |0.0417              |1.0000          |1.7054
43   |0.6273    |0.0667              |1.0000          |1.6939
23   |0.6013    |0.0667              |1.0000          |1.6680
7    |0.6005    |0.0667              |1.0000          |1.6672
44   |0.5936    |0.0500              |1.0000          |1.6436
20   |0.0004    |0.6417              |1.0000          |1.6421
13   |0.5920    |0.0417              |1.0000          |1.6336
11   |0.5556    |0.0750              |1.0000          |1.6306
14   |0.5543    |0.0750              |1.0000          |1.6293
8    |0.5774    |0.0500              |1.0000          |1.6274
5    |0.5719    |0.0500              |1.0000          |1.6219
18   |0.5758    |0.0417              |1.0000          |1.6174
2    |0.5640    |0.0500              |1.0000          |1.6140
17   |0.5619    |0.0417              |1.0000          |1.6036
35   |0.5515    |0.0417              |1.0000          |1.5931
25   |0.5082    |0.0667              |1.0000          |1.5749
24   |0.4972    |0.0667              |1.0000          |1.5639
28   |0.0004    |0.3667              |1.0000          |1.3671
26   |0.0465    |0.2667              |1.0000          |1.3132
33   |0.0045    |0.2667              |1.0000          |1.2711
22   |0.0454    |0.0750              |1.0000          |1.1204
29   |0.0488    |0.0667              |1.0000          |1.1154
19   |0.0004    |0.3500              |0.7527          |1.1031
27   |0.0475    |0.0500              |1.0000          |1.0975
31   |0.0004    |0.0417              |1.0000          |1.0421

Team Events (sorted, for dev use, diff check with others to ensure truly different schedules created):
------------------------------------------------------------
0, 102, 161, 177, 224, 286
1, 100, 146, 211, 270, 318
2, 101, 156, 189, 241, 302
3, 96, 143, 183, 232, 295
4, 98, 145, 191, 240, 296
5, 94, 149, 205, 250, 292
6, 97, 153, 187, 228, 287
7, 108, 154, 209, 254, 310
8, 109, 152, 180, 239, 301
9, 119, 155, 212, 271, 324
10, 125, 157, 192, 252, 308
11, 120, 164, 190, 261, 316
12, 121, 162, 181, 223, 283
13, 123, 163, 194, 231, 279
14, 118, 159, 182, 255, 322
15, 122, 150, 198, 262, 309
16, 113, 165, 203, 246, 303
17, 127, 160, 195, 269, 305
18, 85, 129, 213, 226, 277
19, 72, 138, 202, 221, 272
20, 56, 151, 201, 249, 304
21, 78, 142, 196, 236, 274
22, 54, 158, 170, 215, 273
23, 60, 148, 218, 275, 317
24, 59, 147, 204, 256, 294
26, 76, 144, 214, 264, 306
27, 62, 91, 216, 258, 298
28, 95, 111, 219, 263, 284
29, 67, 99, 208, 257, 300
30, 61, 90, 197, 234, 281
31, 88, 103, 220, 266, 285
32, 58, 87, 210, 260, 297
33, 71, 86, 206, 229, 276
34, 57, 89, 173, 217, 280
35, 55, 93, 176, 222, 289
36, 64, 117, 178, 230, 293
37, 68, 107, 207, 267, 311
38, 65, 112, 184, 268, 320
39, 63, 106, 200, 243, 282
40, 66, 114, 186, 251, 313
41, 75, 124, 167, 225, 278
42, 73, 115, 185, 238, 288
43, 70, 110, 188, 237, 290
44, 69, 116, 199, 247, 291
45, 92, 139, 166, 235, 307
46, 84, 137, 193, 265, 319
47, 82, 136, 175, 259, 323
48, 83, 140, 168, 233, 299
49, 77, 128, 179, 253, 321
50, 79, 134, 174, 245, 312
51, 74, 126, 172, 244, 315
52, 81, 135, 169, 248, 325
53, 80, 141, 171, 242, 314
