FLL Scheduler GA Summary Report (ID: 2132037131664 | Hash: -3473722006087017473)

Attributes:
--------------------
rank: 0
origin: (C | KPoint(k=1))
mutations: 0
clones: 0
_hash: -3473722006087017473
Length: 318

Fitness:
--------------------------
BreakTime           : 0.31062795876048954
LocationConsistency : 0.0
OpponentVariety     : 0.8754111684107535
-----------------------------------
Total               : 1.186039127171243
Percentage          : 39.53%

Per-Objective Statistics (Team Distribution):
-----------------------------------------------------------------
Objective                 | Min      | Max      | Avg      | Range   
-----------------------------------------------------------------
BreakTime                 | 0.0004   | 0.9193   | 0.5394   | 0.9189  
LocationConsistency       | 0.0417   | 0.9500   | 0.2778   | 0.9083  
OpponentVariety           | 0.7527   | 1.0000   | 0.9953   | 0.2473  

Team fitnesses (sorted by total fitness descending):
----------------------------------------------------
Max     : 2.539497
Min     : 1.019778
Range   : 1.519719
Average : 1.812546

Team |BreakTime |LocationConsistency |OpponentVariety |Sum
------------------------------------------------------------
4    |0.5895    |0.9500              |1.0000          |2.5395
15   |0.5619    |0.9500              |1.0000          |2.5119
45   |0.9139    |0.3500              |1.0000          |2.2639
16   |0.6158    |0.6417              |1.0000          |2.2575
48   |0.8793    |0.3500              |1.0000          |2.2293
2    |0.5640    |0.6417              |1.0000          |2.2057
49   |0.8925    |0.2667              |1.0000          |2.1592
30   |0.5133    |0.6417              |1.0000          |2.1550
53   |0.8865    |0.2667              |1.0000          |2.1531
3    |0.6216    |0.5250              |1.0000          |2.1466
32   |0.5002    |0.6417              |1.0000          |2.1419
47   |0.8672    |0.2667              |1.0000          |2.1338
52   |0.7914    |0.2667              |1.0000          |2.0581
9    |0.6329    |0.3500              |1.0000          |1.9829
51   |0.9193    |0.0500              |1.0000          |1.9693
46   |0.9185    |0.0417              |1.0000          |1.9602
7    |0.6005    |0.3500              |1.0000          |1.9505
10   |0.5920    |0.3500              |1.0000          |1.9420
50   |0.8630    |0.0750              |1.0000          |1.9380
43   |0.6673    |0.2667              |1.0000          |1.9339
39   |0.6637    |0.2667              |1.0000          |1.9304
6    |0.5474    |0.3500              |1.0000          |1.8974
37   |0.6273    |0.2667              |1.0000          |1.8939
40   |0.6257    |0.2667              |1.0000          |1.8923
17   |0.5379    |0.3500              |1.0000          |1.8879
42   |0.6044    |0.2667              |1.0000          |1.8710
38   |0.5809    |0.2667              |1.0000          |1.8476
8    |0.5774    |0.2667              |1.0000          |1.8440
34   |0.5616    |0.2667              |1.0000          |1.8282
11   |0.5556    |0.2667              |1.0000          |1.8223
36   |0.6764    |0.0500              |1.0000          |1.7264
41   |0.6732    |0.0500              |1.0000          |1.7232
1    |0.6485    |0.0417              |1.0000          |1.6902
26   |0.0465    |0.6417              |1.0000          |1.6882
44   |0.5936    |0.0667              |1.0000          |1.6603
22   |0.6013    |0.0500              |1.0000          |1.6513
19   |0.0004    |0.6417              |1.0000          |1.6421
12   |0.5901    |0.0417              |1.0000          |1.6318
18   |0.5758    |0.0500              |1.0000          |1.6258
5    |0.5719    |0.0500              |1.0000          |1.6219
13   |0.5389    |0.0750              |1.0000          |1.6139
14   |0.5543    |0.0500              |1.0000          |1.6043
35   |0.5515    |0.0417              |1.0000          |1.5931
20   |0.5397    |0.0500              |1.0000          |1.5897
24   |0.5082    |0.0417              |1.0000          |1.5499
23   |0.4972    |0.0417              |1.0000          |1.5389
27   |0.0475    |0.2667              |1.0000          |1.3141
21   |0.0454    |0.2667              |1.0000          |1.3121
33   |0.0045    |0.2667              |1.0000          |1.2711
31   |0.0004    |0.2667              |1.0000          |1.2671
28   |0.0004    |0.2667              |1.0000          |1.2671
29   |0.0488    |0.0667              |1.0000          |1.1154
25   |0.0004    |0.2667              |0.7527          |1.0198

Team Events (sorted, for dev use, diff check with others to ensure truly different schedules created):
------------------------------------------------------------
0, 103, 161, 178, 224, 286
1, 101, 147, 211, 277, 318
2, 100, 156, 188, 241, 308
3, 97, 143, 183, 233, 295
4, 98, 145, 196, 240, 296
5, 94, 149, 205, 250, 293
6, 96, 154, 186, 226, 287
7, 108, 152, 209, 260, 317
8, 109, 155, 175, 239, 301
9, 120, 163, 174, 222, 283
10, 119, 157, 195, 247, 302
11, 121, 164, 197, 254, 311
12, 123, 153, 212, 276, 324
13, 125, 162, 192, 231, 279
14, 115, 165, 203, 253, 309
15, 122, 158, 182, 261, 322
16, 124, 151, 198, 263, 303
17, 126, 160, 193, 269, 305
19, 75, 138, 202, 221, 275
20, 59, 150, 200, 249, 304
21, 79, 142, 191, 237, 273
22, 61, 159, 170, 214, 274
23, 55, 148, 217, 272, 310
24, 56, 146, 204, 259, 294
25, 85, 130, 213, 228, 270
26, 71, 144, 215, 264, 307
27, 62, 88, 219, 256, 298
28, 95, 110, 216, 262, 284
29, 67, 99, 208, 258, 300
30, 54, 89, 190, 234, 281
31, 90, 102, 220, 266, 285
32, 57, 87, 210, 255, 297
33, 76, 86, 206, 227, 271
34, 58, 91, 173, 218, 280
35, 60, 93, 179, 223, 289
36, 65, 114, 184, 268, 320
37, 77, 111, 189, 236, 290
38, 63, 105, 201, 243, 282
39, 72, 118, 167, 225, 278
40, 74, 112, 185, 238, 288
41, 66, 113, 187, 251, 312
42, 68, 104, 207, 267, 316
43, 64, 116, 177, 230, 292
44, 69, 117, 199, 252, 291
45, 83, 140, 171, 242, 314
46, 82, 135, 169, 248, 325
47, 81, 136, 180, 257, 323
48, 80, 141, 168, 232, 299
49, 70, 131, 176, 246, 321
50, 78, 134, 181, 245, 313
51, 73, 127, 172, 244, 315
52, 84, 137, 194, 265, 319
53, 92, 139, 166, 235, 306
