FLL Scheduler GA Summary Report (ID: 2132126145264 | Hash: 9074871639825654573)

Attributes:
--------------------
rank: 0
origin: (C | RoundTypeCrossover)
mutations: 0
clones: 0
_hash: 9074871639825654573
Length: 318

Fitness:
--------------------------
BreakTime           : 0.31062795876048954
LocationConsistency : 0.0
OpponentVariety     : 0.8754111684107535
-----------------------------------
Total               : 1.186039127171243
Percentage          : 39.53%

Per-Objective Statistics (Team Distribution):
-----------------------------------------------------------------
Objective                 | Min      | Max      | Avg      | Range   
-----------------------------------------------------------------
BreakTime                 | 0.0004   | 0.9193   | 0.5394   | 0.9189  
LocationConsistency       | 0.0417   | 0.9500   | 0.2423   | 0.9083  
OpponentVariety           | 0.7527   | 1.0000   | 0.9953   | 0.2473  

Team fitnesses (sorted by total fitness descending):
----------------------------------------------------
Max     : 2.842541
Min     : 1.019778
Range   : 1.822763
Average : 1.777012

Team |BreakTime |LocationConsistency |OpponentVariety |Sum
------------------------------------------------------------
49   |0.8925    |0.9500              |1.0000          |2.8425
41   |0.6732    |0.6417              |1.0000          |2.3148
53   |0.9139    |0.3500              |1.0000          |2.2639
16   |0.6158    |0.6417              |1.0000          |2.2575
36   |0.6044    |0.6417              |1.0000          |2.2460
47   |0.8672    |0.3500              |1.0000          |2.2172
33   |0.5616    |0.6417              |1.0000          |2.2032
51   |0.9193    |0.2667              |1.0000          |2.1860
48   |0.8793    |0.2667              |1.0000          |2.1460
50   |0.8630    |0.2667              |1.0000          |2.1297
46   |0.7914    |0.2667              |1.0000          |2.0581
52   |0.9185    |0.0417              |1.0000          |1.9602
42   |0.6764    |0.2667              |1.0000          |1.9431
10   |0.5920    |0.3500              |1.0000          |1.9420
12   |0.5901    |0.3500              |1.0000          |1.9401
4    |0.5895    |0.3500              |1.0000          |1.9395
45   |0.8865    |0.0500              |1.0000          |1.9365
43   |0.6673    |0.2667              |1.0000          |1.9339
39   |0.6637    |0.2667              |1.0000          |1.9304
1    |0.6485    |0.2667              |1.0000          |1.9152
9    |0.6329    |0.2667              |1.0000          |1.8995
37   |0.6273    |0.2667              |1.0000          |1.8939
24   |0.5397    |0.3500              |1.0000          |1.8897
13   |0.5389    |0.3500              |1.0000          |1.8889
17   |0.5379    |0.3500              |1.0000          |1.8879
44   |0.5936    |0.2667              |1.0000          |1.8603
38   |0.5809    |0.2667              |1.0000          |1.8476
18   |0.5758    |0.2667              |1.0000          |1.8424
5    |0.5719    |0.2667              |1.0000          |1.8385
15   |0.5619    |0.2667              |1.0000          |1.8286
6    |0.5474    |0.2667              |1.0000          |1.8141
3    |0.6216    |0.0667              |1.0000          |1.6883
22   |0.6013    |0.0667              |1.0000          |1.6680
40   |0.6257    |0.0417              |1.0000          |1.6673
7    |0.6005    |0.0417              |1.0000          |1.6422
8    |0.5774    |0.0500              |1.0000          |1.6274
11   |0.5556    |0.0667              |1.0000          |1.6223
2    |0.5640    |0.0500              |1.0000          |1.6140
14   |0.5543    |0.0500              |1.0000          |1.6043
35   |0.5515    |0.0417              |1.0000          |1.5931
21   |0.4972    |0.0667              |1.0000          |1.5639
28   |0.5133    |0.0417              |1.0000          |1.5550
20   |0.5082    |0.0417              |1.0000          |1.5499
32   |0.5002    |0.0417              |1.0000          |1.5419
34   |0.0004    |0.3667              |1.0000          |1.3671
30   |0.0045    |0.3500              |1.0000          |1.3545
31   |0.0475    |0.2667              |1.0000          |1.3141
23   |0.0454    |0.0667              |1.0000          |1.1121
19   |0.0465    |0.0500              |1.0000          |1.0965
29   |0.0488    |0.0417              |1.0000          |1.0904
27   |0.0004    |0.0500              |1.0000          |1.0504
25   |0.0004    |0.0417              |1.0000          |1.0421
26   |0.0004    |0.2667              |0.7527          |1.0198

Team Events (sorted, for dev use, diff check with others to ensure truly different schedules created):
------------------------------------------------------------
0, 103, 161, 178, 225, 286
1, 101, 147, 208, 270, 318
2, 100, 156, 189, 241, 302
3, 97, 143, 183, 232, 295
4, 98, 145, 196, 240, 297
5, 94, 149, 205, 250, 292
6, 96, 153, 187, 229, 287
7, 108, 154, 211, 254, 310
8, 109, 152, 174, 244, 301
9, 122, 163, 175, 223, 283
10, 125, 157, 195, 247, 308
11, 123, 164, 197, 261, 316
12, 119, 155, 207, 271, 324
13, 120, 162, 193, 231, 279
14, 113, 165, 203, 253, 303
15, 118, 159, 182, 255, 322
16, 121, 150, 198, 262, 309
17, 132, 160, 192, 269, 305
18, 71, 144, 214, 266, 306
20, 59, 146, 204, 256, 294
21, 60, 148, 218, 275, 317
22, 54, 158, 170, 215, 273
23, 78, 142, 191, 236, 274
24, 57, 151, 200, 249, 304
25, 75, 137, 202, 220, 272
26, 85, 129, 206, 226, 277
27, 88, 102, 221, 265, 285
28, 61, 91, 190, 234, 281
29, 64, 99, 210, 257, 300
30, 76, 87, 213, 228, 276
31, 69, 90, 216, 258, 299
32, 58, 86, 209, 260, 296
33, 56, 89, 172, 217, 280
34, 95, 111, 219, 263, 284
35, 55, 93, 179, 222, 289
36, 63, 104, 212, 264, 311
37, 77, 110, 188, 237, 290
38, 68, 105, 201, 243, 282
39, 72, 124, 167, 224, 278
40, 74, 115, 185, 245, 288
41, 65, 114, 186, 251, 313
42, 66, 112, 184, 268, 321
43, 67, 117, 177, 230, 293
44, 62, 116, 199, 252, 291
45, 92, 136, 166, 235, 307
46, 84, 138, 194, 267, 319
47, 81, 139, 180, 259, 323
48, 80, 141, 168, 233, 298
49, 70, 128, 176, 246, 320
50, 79, 134, 181, 238, 312
51, 73, 133, 173, 239, 315
52, 82, 135, 169, 248, 325
53, 83, 140, 171, 242, 314
