FLL Scheduler GA Summary Report (ID: 2132111934848 | Hash: 253139691024613105)

Attributes:
--------------------
rank: 0
origin: (C | RoundTypeCrossover)
mutations: 0
clones: 0
_hash: 253139691024613105
Length: 318

Fitness:
--------------------------
BreakTime           : 0.31062795876048954
LocationConsistency : 0.0
OpponentVariety     : 0.8754111684107535
-----------------------------------
Total               : 1.186039127171243
Percentage          : 39.53%

Per-Objective Statistics (Team Distribution):
-----------------------------------------------------------------
Objective                 | Min      | Max      | Avg      | Range   
-----------------------------------------------------------------
BreakTime                 | 0.0004   | 0.9193   | 0.5394   | 0.9189  
LocationConsistency       | 0.0417   | 0.6417   | 0.2314   | 0.6000  
OpponentVariety           | 0.7527   | 1.0000   | 0.9953   | 0.2473  

Team fitnesses (sorted by total fitness descending):
----------------------------------------------------
Max     : 2.528134
Min     : 0.803112
Range   : 1.725022
Average : 1.766163

Team |BreakTime |LocationConsistency |OpponentVariety |Sum
------------------------------------------------------------
50   |0.8865    |0.6417              |1.0000          |2.5281
46   |0.7914    |0.6417              |1.0000          |2.4331
11   |0.6158    |0.6417              |1.0000          |2.2575
37   |0.6044    |0.6417              |1.0000          |2.2460
40   |0.6732    |0.5250              |1.0000          |2.1982
51   |0.9193    |0.2667              |1.0000          |2.1860
52   |0.9185    |0.2667              |1.0000          |2.1852
16   |0.5379    |0.6417              |1.0000          |2.1796
42   |0.6764    |0.3500              |1.0000          |2.0264
6    |0.6329    |0.3500              |1.0000          |1.9829
38   |0.6273    |0.3500              |1.0000          |1.9773
53   |0.9139    |0.0417              |1.0000          |1.9555
12   |0.5901    |0.3500              |1.0000          |1.9401
4    |0.5895    |0.3500              |1.0000          |1.9395
49   |0.8925    |0.0417              |1.0000          |1.9342
41   |0.6637    |0.2667              |1.0000          |1.9304
48   |0.8793    |0.0500              |1.0000          |1.9293
15   |0.5556    |0.3667              |1.0000          |1.9223
45   |0.8672    |0.0500              |1.0000          |1.9172
9    |0.6485    |0.2667              |1.0000          |1.9152
47   |0.8630    |0.0500              |1.0000          |1.9130
34   |0.5616    |0.3500              |1.0000          |1.9116
7    |0.5474    |0.3500              |1.0000          |1.8974
23   |0.5397    |0.3500              |1.0000          |1.8897
3    |0.6216    |0.2667              |1.0000          |1.8883
43   |0.5936    |0.2667              |1.0000          |1.8603
18   |0.5758    |0.2667              |1.0000          |1.8424
35   |0.5515    |0.2667              |1.0000          |1.8181
30   |0.5133    |0.2667              |1.0000          |1.7800
21   |0.5082    |0.2667              |1.0000          |1.7749
26   |0.4972    |0.2667              |1.0000          |1.7639
36   |0.6673    |0.0417              |1.0000          |1.7089
39   |0.6257    |0.0667              |1.0000          |1.6923
24   |0.6013    |0.0667              |1.0000          |1.6680
1    |0.6005    |0.0667              |1.0000          |1.6672
19   |0.0004    |0.6417              |1.0000          |1.6421
13   |0.5920    |0.0417              |1.0000          |1.6336
44   |0.5809    |0.0500              |1.0000          |1.6309
8    |0.5774    |0.0500              |1.0000          |1.6274
5    |0.5719    |0.0500              |1.0000          |1.6219
2    |0.5640    |0.0500              |1.0000          |1.6140
10   |0.5389    |0.0750              |1.0000          |1.6139
14   |0.5543    |0.0500              |1.0000          |1.6043
17   |0.5619    |0.0417              |1.0000          |1.6036
32   |0.5002    |0.0500              |1.0000          |1.5502
29   |0.0488    |0.2667              |1.0000          |1.3154
25   |0.0465    |0.2667              |1.0000          |1.3132
20   |0.0454    |0.0667              |1.0000          |1.1121
27   |0.0475    |0.0500              |1.0000          |1.0975
28   |0.0004    |0.0667              |1.0000          |1.0671
33   |0.0045    |0.0500              |1.0000          |1.0545
31   |0.0004    |0.0417              |1.0000          |1.0421
22   |0.0004    |0.0500              |0.7527          |0.8031

Team Events (sorted, for dev use, diff check with others to ensure truly different schedules created):
------------------------------------------------------------
0, 96, 152, 186, 228, 287
1, 100, 145, 208, 277, 325
2, 101, 156, 188, 241, 303
3, 97, 143, 183, 232, 295
4, 99, 146, 196, 240, 296
5, 109, 153, 175, 239, 301
6, 94, 149, 205, 250, 293
7, 108, 154, 211, 254, 310
8, 104, 161, 178, 224, 286
9, 123, 155, 207, 276, 319
10, 122, 158, 182, 255, 322
11, 120, 165, 197, 260, 316
12, 121, 163, 174, 223, 282
13, 118, 162, 193, 231, 279
14, 125, 157, 195, 247, 309
15, 119, 150, 198, 263, 308
16, 113, 164, 203, 253, 302
17, 132, 160, 192, 269, 305
19, 75, 138, 202, 221, 275
20, 78, 142, 191, 236, 273
21, 58, 144, 204, 256, 294
22, 85, 131, 206, 226, 270
23, 57, 151, 200, 249, 304
24, 55, 159, 169, 214, 274
25, 70, 147, 215, 264, 307
26, 61, 148, 218, 272, 317
27, 69, 91, 216, 258, 298
28, 95, 111, 219, 262, 284
29, 64, 98, 210, 257, 300
30, 60, 90, 190, 234, 280
31, 88, 105, 220, 266, 285
32, 59, 87, 209, 261, 297
33, 76, 86, 213, 229, 271
34, 56, 89, 166, 217, 281
35, 54, 93, 179, 222, 289
36, 67, 117, 177, 230, 292
37, 63, 107, 212, 267, 311
38, 77, 110, 189, 237, 290
39, 74, 114, 185, 238, 288
40, 65, 115, 187, 251, 315
41, 73, 124, 173, 225, 278
42, 66, 112, 184, 268, 320
43, 62, 116, 199, 252, 291
44, 68, 106, 201, 243, 283
45, 81, 136, 180, 259, 323
46, 84, 137, 194, 265, 324
47, 79, 134, 181, 245, 314
48, 80, 140, 171, 233, 299
49, 71, 130, 176, 246, 321
50, 92, 139, 172, 235, 306
51, 72, 133, 167, 244, 312
52, 82, 135, 170, 248, 318
53, 83, 141, 168, 242, 313
