FLL Scheduler GA Summary Report (ID: 2132126148064 | Hash: -7080487729714910652)

Attributes:
--------------------
rank: 0
origin: (C | RoundTypeCrossover)
mutations: 0
clones: 0
_hash: -7080487729714910652
Length: 318

Fitness:
--------------------------
BreakTime           : 0.31062795876048954
LocationConsistency : 0.0
OpponentVariety     : 0.8754111684107535
-----------------------------------
Total               : 1.186039127171243
Percentage          : 39.53%

Per-Objective Statistics (Team Distribution):
-----------------------------------------------------------------
Objective                 | Min      | Max      | Avg      | Range   
-----------------------------------------------------------------
BreakTime                 | 0.0004   | 0.9193   | 0.5394   | 0.9189  
LocationConsistency       | 0.0417   | 0.9500   | 0.2414   | 0.9083  
OpponentVariety           | 0.7527   | 1.0000   | 0.9953   | 0.2473  

Team fitnesses (sorted by total fitness descending):
----------------------------------------------------
Max     : 2.514019
Min     : 0.794778
Range   : 1.719240
Average : 1.776068

Team |BreakTime |LocationConsistency |OpponentVariety |Sum
------------------------------------------------------------
2    |0.5640    |0.9500              |1.0000          |2.5140
47   |0.9193    |0.3500              |1.0000          |2.2693
43   |0.6257    |0.6417              |1.0000          |2.2673
15   |0.6158    |0.6417              |1.0000          |2.2575
36   |0.6044    |0.6417              |1.0000          |2.2460
45   |0.9139    |0.2667              |1.0000          |2.1805
49   |0.8925    |0.2667              |1.0000          |2.1592
53   |0.8865    |0.2667              |1.0000          |2.1531
50   |0.8793    |0.2667              |1.0000          |2.1460
52   |0.7914    |0.2667              |1.0000          |2.0581
44   |0.6732    |0.3667              |1.0000          |2.0398
46   |0.9185    |0.0417              |1.0000          |1.9602
11   |0.5920    |0.3500              |1.0000          |1.9420
4    |0.5895    |0.3500              |1.0000          |1.9395
48   |0.8630    |0.0667              |1.0000          |1.9297
51   |0.8672    |0.0500              |1.0000          |1.9172
1    |0.6485    |0.2667              |1.0000          |1.9152
14   |0.5619    |0.3500              |1.0000          |1.9119
3    |0.6329    |0.2667              |1.0000          |1.8995
5    |0.6216    |0.2667              |1.0000          |1.8883
9    |0.6005    |0.2667              |1.0000          |1.8672
12   |0.5901    |0.2667              |1.0000          |1.8568
16   |0.5758    |0.2667              |1.0000          |1.8424
7    |0.5719    |0.2667              |1.0000          |1.8385
10   |0.5556    |0.2667              |1.0000          |1.8223
6    |0.5474    |0.2667              |1.0000          |1.8141
13   |0.5379    |0.2667              |1.0000          |1.8046
30   |0.5133    |0.2667              |1.0000          |1.7800
32   |0.5002    |0.2667              |1.0000          |1.7669
42   |0.6764    |0.0750              |1.0000          |1.7514
38   |0.6673    |0.0500              |1.0000          |1.7173
39   |0.6637    |0.0417              |1.0000          |1.7054
37   |0.6273    |0.0417              |1.0000          |1.6689
25   |0.6013    |0.0500              |1.0000          |1.6513
28   |0.0004    |0.6417              |1.0000          |1.6421
40   |0.5936    |0.0417              |1.0000          |1.6353
41   |0.5809    |0.0500              |1.0000          |1.6309
8    |0.5774    |0.0417              |1.0000          |1.6190
18   |0.5543    |0.0500              |1.0000          |1.6043
34   |0.5616    |0.0417              |1.0000          |1.6032
35   |0.5515    |0.0417              |1.0000          |1.5931
22   |0.5397    |0.0500              |1.0000          |1.5897
17   |0.5389    |0.0500              |1.0000          |1.5889
23   |0.4972    |0.0750              |1.0000          |1.5722
24   |0.5082    |0.0417              |1.0000          |1.5499
27   |0.0475    |0.3500              |1.0000          |1.3975
19   |0.0454    |0.3500              |1.0000          |1.3954
29   |0.0488    |0.2667              |1.0000          |1.3154
26   |0.0465    |0.2667              |1.0000          |1.3132
33   |0.0045    |0.2667              |1.0000          |1.2711
20   |0.0004    |0.2667              |1.0000          |1.2671
31   |0.0004    |0.2667              |1.0000          |1.2671
21   |0.0004    |0.0417              |0.7527          |0.7948

Team Events (sorted, for dev use, diff check with others to ensure truly different schedules created):
------------------------------------------------------------
0, 102, 161, 179, 224, 286
1, 101, 147, 211, 277, 325
2, 109, 154, 174, 239, 301
3, 97, 143, 183, 235, 295
4, 100, 157, 189, 243, 303
5, 94, 149, 205, 249, 292
6, 98, 145, 196, 242, 296
7, 108, 152, 209, 261, 310
8, 96, 155, 187, 228, 287
9, 119, 156, 195, 247, 309
10, 120, 163, 175, 223, 280
11, 121, 165, 197, 255, 316
12, 122, 151, 198, 263, 308
13, 115, 164, 203, 251, 302
14, 124, 158, 182, 260, 322
15, 127, 160, 192, 269, 305
16, 125, 153, 212, 276, 319
17, 123, 162, 193, 236, 284
18, 79, 142, 191, 231, 272
20, 72, 139, 202, 214, 275
21, 84, 129, 213, 226, 271
22, 57, 150, 200, 253, 304
23, 60, 148, 217, 273, 317
24, 59, 146, 204, 256, 294
25, 54, 159, 170, 220, 274
26, 70, 144, 221, 264, 307
27, 69, 91, 219, 258, 298
28, 95, 110, 216, 262, 279
29, 64, 99, 208, 257, 300
30, 61, 90, 190, 233, 282
31, 88, 103, 215, 266, 278
32, 58, 87, 210, 254, 297
33, 76, 86, 207, 229, 270
34, 56, 89, 173, 218, 283
35, 55, 93, 178, 222, 289
36, 63, 107, 206, 267, 311
37, 77, 111, 188, 230, 290
38, 67, 116, 177, 237, 293
39, 74, 118, 167, 225, 285
40, 62, 117, 199, 250, 291
41, 68, 106, 201, 240, 281
42, 66, 114, 184, 268, 320
43, 73, 112, 185, 238, 288
44, 65, 113, 186, 248, 313
45, 83, 140, 171, 241, 314
46, 82, 135, 169, 252, 318
47, 75, 126, 172, 244, 315
48, 78, 134, 180, 245, 312
49, 71, 128, 176, 246, 321
50, 80, 141, 168, 234, 299
51, 81, 136, 181, 259, 323
52, 85, 137, 194, 265, 324
53, 92, 138, 166, 232, 306
