FLL Scheduler GA Summary Report (ID: 2132111948176 | Hash: -1353488065232703733)

Attributes:
--------------------
rank: 0
origin: (C | TimeSlotCrossover)
mutations: 0
clones: 0
_hash: -1353488065232703733
Length: 318

Fitness:
--------------------------
BreakTime           : 0.31062795876048954
LocationConsistency : 0.0
OpponentVariety     : 0.8754111684107535
-----------------------------------
Total               : 1.186039127171243
Percentage          : 39.53%

Per-Objective Statistics (Team Distribution):
-----------------------------------------------------------------
Objective                 | Min      | Max      | Avg      | Range   
-----------------------------------------------------------------
BreakTime                 | 0.0004   | 0.9193   | 0.5394   | 0.9189  
LocationConsistency       | 0.0417   | 0.6417   | 0.2453   | 0.6000  
OpponentVariety           | 0.7527   | 1.0000   | 0.9953   | 0.2473  

Team fitnesses (sorted by total fitness descending):
----------------------------------------------------
Max     : 2.267338
Min     : 1.019778
Range   : 1.247559
Average : 1.779999

Team |BreakTime |LocationConsistency |OpponentVariety |Sum
------------------------------------------------------------
39   |0.6257    |0.6417              |1.0000          |2.2673
46   |0.9139    |0.3500              |1.0000          |2.2639
42   |0.6044    |0.6417              |1.0000          |2.2460
52   |0.8630    |0.3667              |1.0000          |2.2297
45   |0.8925    |0.2667              |1.0000          |2.1592
35   |0.5133    |0.6417              |1.0000          |2.1550
48   |0.8865    |0.2667              |1.0000          |2.1531
47   |0.8793    |0.2667              |1.0000          |2.1460
41   |0.6732    |0.3667              |1.0000          |2.0398
38   |0.6764    |0.3500              |1.0000          |2.0264
43   |0.6673    |0.3500              |1.0000          |2.0173
51   |0.9193    |0.0417              |1.0000          |1.9610
50   |0.9185    |0.0417              |1.0000          |1.9602
7    |0.6005    |0.3500              |1.0000          |1.9505
37   |0.6637    |0.2667              |1.0000          |1.9304
9    |0.6485    |0.2667              |1.0000          |1.9152
49   |0.8672    |0.0417              |1.0000          |1.9088
14   |0.5543    |0.3500              |1.0000          |1.9043
2    |0.6329    |0.2667              |1.0000          |1.8995
24   |0.5397    |0.3500              |1.0000          |1.8897
5    |0.6216    |0.2667              |1.0000          |1.8883
16   |0.6158    |0.2667              |1.0000          |1.8825
44   |0.5936    |0.2667              |1.0000          |1.8603
6    |0.5895    |0.2667              |1.0000          |1.8562
33   |0.5002    |0.3500              |1.0000          |1.8502
36   |0.5809    |0.2667              |1.0000          |1.8476
15   |0.5758    |0.2667              |1.0000          |1.8424
53   |0.7914    |0.0500              |1.0000          |1.8414
3    |0.5640    |0.2667              |1.0000          |1.8307
17   |0.5619    |0.2667              |1.0000          |1.8286
10   |0.5556    |0.2667              |1.0000          |1.8223
30   |0.5515    |0.2667              |1.0000          |1.8181
4    |0.5474    |0.2667              |1.0000          |1.8141
21   |0.5082    |0.2667              |1.0000          |1.7749
40   |0.6273    |0.0750              |1.0000          |1.7023
25   |0.6013    |0.0750              |1.0000          |1.6763
13   |0.5920    |0.0667              |1.0000          |1.6586
29   |0.0045    |0.6417              |1.0000          |1.6461
32   |0.0004    |0.6417              |1.0000          |1.6421
12   |0.5901    |0.0500              |1.0000          |1.6401
8    |0.5774    |0.0500              |1.0000          |1.6274
1    |0.5719    |0.0500              |1.0000          |1.6219
18   |0.5389    |0.0750              |1.0000          |1.6139
31   |0.5616    |0.0417              |1.0000          |1.6032
11   |0.5379    |0.0500              |1.0000          |1.5879
20   |0.4972    |0.0667              |1.0000          |1.5639
22   |0.0465    |0.2667              |1.0000          |1.3132
26   |0.0004    |0.2667              |1.0000          |1.2671
27   |0.0488    |0.0667              |1.0000          |1.1154
28   |0.0475    |0.0500              |1.0000          |1.0975
23   |0.0454    |0.0500              |1.0000          |1.0954
34   |0.0004    |0.0667              |1.0000          |1.0671
19   |0.0004    |0.2667              |0.7527          |1.0198

Team Events (sorted, for dev use, diff check with others to ensure truly different schedules created):
------------------------------------------------------------
0, 98, 145, 191, 243, 299
1, 102, 155, 175, 244, 294
2, 95, 147, 211, 277, 318
3, 100, 149, 205, 249, 287
4, 94, 151, 188, 242, 303
5, 97, 143, 183, 232, 300
6, 96, 154, 186, 228, 292
7, 103, 153, 208, 261, 317
8, 109, 163, 178, 224, 293
9, 125, 150, 192, 247, 309
10, 122, 157, 199, 263, 308
11, 121, 165, 190, 255, 311
12, 120, 160, 174, 223, 283
13, 123, 161, 195, 231, 279
14, 132, 162, 194, 269, 305
15, 119, 158, 182, 260, 322
16, 113, 164, 202, 252, 302
17, 118, 152, 212, 276, 324
18, 85, 129, 213, 226, 270
19, 60, 148, 217, 274, 310
20, 59, 146, 204, 259, 301
21, 70, 144, 215, 264, 307
22, 79, 142, 196, 236, 275
23, 56, 156, 200, 250, 304
25, 55, 159, 169, 214, 273
26, 72, 138, 203, 221, 272
27, 67, 99, 209, 258, 295
28, 63, 88, 219, 257, 297
29, 77, 86, 206, 229, 271
30, 54, 93, 179, 222, 290
31, 57, 91, 167, 218, 280
32, 90, 108, 220, 266, 285
33, 58, 87, 210, 254, 298
34, 101, 117, 216, 262, 284
35, 61, 89, 197, 234, 281
36, 62, 106, 201, 240, 282
37, 74, 124, 172, 225, 278
38, 65, 112, 184, 268, 320
39, 73, 115, 185, 245, 291
40, 76, 116, 189, 237, 288
41, 66, 114, 187, 248, 314
42, 68, 107, 207, 267, 316
43, 64, 110, 177, 230, 286
44, 69, 111, 198, 253, 289
45, 71, 128, 176, 246, 321
46, 81, 140, 168, 241, 312
47, 83, 141, 171, 233, 296
48, 92, 139, 173, 235, 306
49, 82, 137, 180, 256, 323
50, 80, 135, 170, 251, 325
51, 75, 133, 166, 239, 313
52, 78, 134, 181, 238, 315
53, 84, 136, 193, 265, 319
