FLL Scheduler GA Summary Report (ID: 2132111943696 | Hash: 5688740263788412447)

Attributes:
--------------------
rank: 0
origin: (C | RoundTypeCrossover)
mutations: 0
clones: 0
_hash: 5688740263788412447
Length: 318

Fitness:
--------------------------
BreakTime           : 0.31062795876048954
LocationConsistency : 0.0
OpponentVariety     : 0.8754111684107535
-----------------------------------
Total               : 1.186039127171243
Percentage          : 39.53%

Per-Objective Statistics (Team Distribution):
-----------------------------------------------------------------
Objective                 | Min      | Max      | Avg      | Range   
-----------------------------------------------------------------
BreakTime                 | 0.0004   | 0.9193   | 0.5394   | 0.9189  
LocationConsistency       | 0.0417   | 0.9500   | 0.2327   | 0.9083  
OpponentVariety           | 0.7527   | 1.0000   | 0.9953   | 0.2473  

Team fitnesses (sorted by total fitness descending):
----------------------------------------------------
Max     : 2.463287
Min     : 0.794778
Range   : 1.668508
Average : 1.767420

Team |BreakTime |LocationConsistency |OpponentVariety |Sum
------------------------------------------------------------
28   |0.5133    |0.9500              |1.0000          |2.4633
37   |0.6273    |0.6417              |1.0000          |2.2689
46   |0.9139    |0.3500              |1.0000          |2.2639
16   |0.6158    |0.6417              |1.0000          |2.2575
40   |0.6732    |0.5250              |1.0000          |2.1982
51   |0.9193    |0.2667              |1.0000          |2.1860
49   |0.8672    |0.2667              |1.0000          |2.1338
52   |0.8630    |0.2667              |1.0000          |2.1297
13   |0.5920    |0.5250              |1.0000          |2.1170
42   |0.6764    |0.3500              |1.0000          |2.0264
50   |0.9185    |0.0500              |1.0000          |1.9685
39   |0.5936    |0.3500              |1.0000          |1.9436
45   |0.8925    |0.0500              |1.0000          |1.9425
36   |0.6673    |0.2667              |1.0000          |1.9339
44   |0.6637    |0.2667              |1.0000          |1.9304
48   |0.8865    |0.0417              |1.0000          |1.9281
47   |0.8793    |0.0417              |1.0000          |1.9210
1    |0.6485    |0.2667              |1.0000          |1.9152
8    |0.6329    |0.2667              |1.0000          |1.8995
43   |0.6257    |0.2667              |1.0000          |1.8923
19   |0.5082    |0.3667              |1.0000          |1.8749
20   |0.6013    |0.2667              |1.0000          |1.8680
3    |0.5774    |0.2667              |1.0000          |1.8440
15   |0.5758    |0.2667              |1.0000          |1.8424
53   |0.7914    |0.0500              |1.0000          |1.8414
7    |0.5719    |0.2667              |1.0000          |1.8385
17   |0.5619    |0.2667              |1.0000          |1.8286
31   |0.5616    |0.2667              |1.0000          |1.8282
10   |0.5556    |0.2667              |1.0000          |1.8223
6    |0.5474    |0.2667              |1.0000          |1.8141
26   |0.5397    |0.2667              |1.0000          |1.8064
33   |0.5002    |0.2667              |1.0000          |1.7669
5    |0.6216    |0.0417              |1.0000          |1.6633
38   |0.6044    |0.0500              |1.0000          |1.6544
35   |0.0045    |0.6417              |1.0000          |1.6461
9    |0.6005    |0.0417              |1.0000          |1.6422
2    |0.5895    |0.0500              |1.0000          |1.6395
12   |0.5901    |0.0417              |1.0000          |1.6318
41   |0.5809    |0.0500              |1.0000          |1.6309
18   |0.5389    |0.0750              |1.0000          |1.6139
4    |0.5640    |0.0417              |1.0000          |1.6057
14   |0.5543    |0.0417              |1.0000          |1.5960
29   |0.5515    |0.0417              |1.0000          |1.5931
11   |0.5379    |0.0500              |1.0000          |1.5879
21   |0.4972    |0.0667              |1.0000          |1.5639
22   |0.0004    |0.3500              |1.0000          |1.3504
25   |0.0465    |0.2667              |1.0000          |1.3132
23   |0.0454    |0.2667              |1.0000          |1.3121
32   |0.0004    |0.2667              |1.0000          |1.2671
34   |0.0488    |0.0667              |1.0000          |1.1154
27   |0.0475    |0.0417              |1.0000          |1.0891
30   |0.0004    |0.0667              |1.0000          |1.0671
24   |0.0004    |0.0417              |0.7527          |0.7948

Team Events (sorted, for dev use, diff check with others to ensure truly different schedules created):
------------------------------------------------------------
0, 102, 161, 178, 224, 286
1, 97, 142, 183, 235, 295
2, 109, 154, 208, 261, 310
3, 95, 146, 211, 277, 318
4, 94, 156, 189, 242, 303
5, 100, 149, 198, 251, 293
6, 98, 145, 191, 243, 297
7, 108, 152, 174, 244, 301
8, 96, 153, 187, 228, 287
9, 118, 157, 192, 247, 309
10, 121, 150, 204, 263, 308
11, 122, 165, 190, 255, 316
12, 123, 163, 175, 223, 283
13, 120, 162, 195, 236, 279
14, 126, 160, 194, 269, 304
15, 124, 158, 182, 260, 322
16, 113, 164, 199, 252, 302
17, 125, 155, 212, 276, 324
18, 59, 147, 201, 259, 294
19, 54, 159, 170, 214, 273
20, 60, 148, 217, 274, 317
21, 72, 138, 200, 221, 272
22, 78, 143, 196, 231, 275
23, 84, 129, 213, 226, 270
24, 77, 144, 215, 264, 307
25, 57, 151, 203, 248, 305
27, 62, 88, 219, 257, 298
28, 61, 89, 197, 233, 281
29, 55, 93, 179, 222, 289
30, 101, 117, 216, 262, 284
31, 56, 91, 172, 218, 280
32, 90, 103, 220, 266, 285
33, 58, 87, 210, 254, 296
34, 67, 99, 209, 258, 300
35, 71, 86, 206, 229, 271
36, 64, 110, 176, 237, 292
37, 70, 116, 188, 230, 290
38, 68, 104, 207, 267, 311
39, 69, 111, 205, 253, 291
40, 66, 114, 186, 250, 313
41, 63, 105, 202, 240, 282
42, 65, 112, 184, 268, 320
43, 73, 115, 185, 245, 288
44, 74, 119, 167, 225, 278
45, 76, 128, 177, 246, 321
46, 83, 140, 171, 241, 315
47, 81, 141, 168, 234, 299
48, 92, 139, 166, 232, 306
49, 80, 137, 180, 256, 323
50, 82, 135, 169, 249, 325
51, 75, 127, 173, 239, 314
52, 79, 134, 181, 238, 312
53, 85, 136, 193, 265, 319
