FLL Scheduler GA Summary Report (ID: 2132118884576 | Hash: 7098395839670841742)

Attributes:
--------------------
rank: 0
origin: (C | KPoint(k=3))
mutations: 0
clones: 0
_hash: 7098395839670841742
Length: 318

Fitness:
--------------------------
BreakTime           : 0.31062795876048954
LocationConsistency : 0.0
OpponentVariety     : 0.8754111684107535
-----------------------------------
Total               : 1.186039127171243
Percentage          : 39.53%

Per-Objective Statistics (Team Distribution):
-----------------------------------------------------------------
Objective                 | Min      | Max      | Avg      | Range   
-----------------------------------------------------------------
BreakTime                 | 0.0004   | 0.9193   | 0.5394   | 0.9189  
LocationConsistency       | 0.0417   | 0.6417   | 0.2296   | 0.6000  
OpponentVariety           | 0.7527   | 1.0000   | 0.9953   | 0.2473  

Team fitnesses (sorted by total fitness descending):
----------------------------------------------------
Max     : 2.267338
Min     : 1.019778
Range   : 1.247559
Average : 1.764276

Team |BreakTime |LocationConsistency |OpponentVariety |Sum
------------------------------------------------------------
41   |0.6257    |0.6417              |1.0000          |2.2673
49   |0.9139    |0.3500              |1.0000          |2.2639
45   |0.8865    |0.3500              |1.0000          |2.2365
9    |0.5719    |0.6417              |1.0000          |2.2135
48   |0.8630    |0.3500              |1.0000          |2.2130
4    |0.5640    |0.6417              |1.0000          |2.2057
53   |0.8925    |0.2667              |1.0000          |2.1592
50   |0.8793    |0.2667              |1.0000          |2.1460
40   |0.6732    |0.3667              |1.0000          |2.0398
7    |0.6485    |0.3667              |1.0000          |2.0152
2    |0.6216    |0.3667              |1.0000          |1.9883
47   |0.9193    |0.0417              |1.0000          |1.9610
46   |0.9185    |0.0417              |1.0000          |1.9602
38   |0.6044    |0.3500              |1.0000          |1.9544
23   |0.6013    |0.3500              |1.0000          |1.9513
8    |0.5895    |0.3500              |1.0000          |1.9395
42   |0.6673    |0.2667              |1.0000          |1.9339
51   |0.8672    |0.0667              |1.0000          |1.9338
14   |0.5543    |0.3500              |1.0000          |1.9043
25   |0.5397    |0.3500              |1.0000          |1.8897
43   |0.5809    |0.2667              |1.0000          |1.8476
11   |0.5758    |0.2667              |1.0000          |1.8424
52   |0.7914    |0.0417              |1.0000          |1.8331
16   |0.5619    |0.2667              |1.0000          |1.8286
32   |0.5616    |0.2667              |1.0000          |1.8282
18   |0.5556    |0.2667              |1.0000          |1.8223
35   |0.5515    |0.2667              |1.0000          |1.8181
12   |0.5379    |0.2667              |1.0000          |1.8046
27   |0.5133    |0.2667              |1.0000          |1.7800
19   |0.5082    |0.2667              |1.0000          |1.7749
29   |0.5002    |0.2667              |1.0000          |1.7669
37   |0.6764    |0.0750              |1.0000          |1.7514
44   |0.6637    |0.0417              |1.0000          |1.7054
5    |0.6329    |0.0500              |1.0000          |1.6829
17   |0.6158    |0.0667              |1.0000          |1.6825
36   |0.6273    |0.0500              |1.0000          |1.6773
15   |0.5920    |0.0667              |1.0000          |1.6586
6    |0.6005    |0.0500              |1.0000          |1.6505
39   |0.5936    |0.0417              |1.0000          |1.6353
10   |0.5901    |0.0417              |1.0000          |1.6318
3    |0.5474    |0.0750              |1.0000          |1.6224
1    |0.5774    |0.0417              |1.0000          |1.6190
13   |0.5389    |0.0750              |1.0000          |1.6139
26   |0.4972    |0.0667              |1.0000          |1.5639
34   |0.0488    |0.3500              |1.0000          |1.3988
28   |0.0004    |0.3500              |1.0000          |1.3504
20   |0.0465    |0.2667              |1.0000          |1.3132
30   |0.0045    |0.2667              |1.0000          |1.2711
33   |0.0004    |0.2667              |1.0000          |1.2671
22   |0.0454    |0.0750              |1.0000          |1.1204
31   |0.0475    |0.0500              |1.0000          |1.0975
21   |0.0004    |0.0500              |1.0000          |1.0504
24   |0.0004    |0.2667              |0.7527          |1.0198

Team Events (sorted, for dev use, diff check with others to ensure truly different schedules created):
------------------------------------------------------------
0, 103, 154, 208, 260, 310
1, 95, 151, 188, 241, 303
2, 101, 149, 204, 249, 292
3, 94, 147, 211, 277, 318
4, 102, 152, 180, 244, 301
5, 99, 153, 186, 226, 287
6, 105, 161, 177, 224, 286
7, 98, 143, 183, 232, 295
8, 96, 145, 191, 240, 297
9, 123, 165, 190, 255, 316
10, 133, 160, 194, 262, 304
11, 120, 157, 198, 268, 309
12, 118, 155, 212, 276, 324
13, 121, 163, 195, 231, 279
14, 122, 162, 181, 223, 283
15, 115, 164, 202, 252, 302
16, 119, 159, 182, 261, 322
17, 124, 150, 192, 247, 308
18, 56, 146, 205, 256, 294
19, 70, 144, 214, 267, 306
20, 72, 138, 203, 220, 275
21, 78, 142, 196, 236, 273
23, 55, 158, 170, 215, 274
24, 85, 128, 213, 228, 270
25, 58, 156, 201, 250, 305
26, 60, 148, 218, 272, 317
27, 61, 91, 197, 234, 281
28, 89, 104, 221, 265, 285
29, 57, 86, 210, 254, 296
30, 77, 87, 206, 227, 271
31, 68, 90, 216, 259, 299
32, 59, 88, 172, 217, 280
33, 100, 110, 219, 269, 284
34, 64, 97, 209, 257, 300
35, 54, 92, 176, 222, 289
36, 76, 111, 189, 237, 290
37, 66, 114, 184, 263, 320
38, 63, 107, 207, 264, 311
39, 62, 116, 199, 253, 291
40, 65, 113, 187, 248, 313
41, 73, 112, 185, 245, 288
42, 67, 117, 178, 230, 293
43, 69, 106, 200, 243, 282
44, 74, 125, 167, 225, 278
45, 93, 139, 166, 235, 307
46, 82, 135, 169, 251, 325
47, 75, 132, 173, 239, 314
48, 79, 134, 174, 238, 312
49, 83, 140, 171, 242, 315
50, 80, 141, 168, 233, 298
51, 81, 137, 175, 258, 323
52, 84, 136, 193, 266, 319
53, 71, 129, 179, 246, 321
