FLL Scheduler GA Summary Report (ID: 2132037135808 | Hash: -5403624917127711131)

Attributes:
--------------------
rank: 0
origin: (C | KPoint(k=2))
mutations: 0
clones: 0
_hash: -5403624917127711131
Length: 318

Fitness:
--------------------------
BreakTime           : 0.31062795876048954
LocationConsistency : 0.0
OpponentVariety     : 0.8754111684107535
-----------------------------------
Total               : 1.186039127171243
Percentage          : 39.53%

Per-Objective Statistics (Team Distribution):
-----------------------------------------------------------------
Objective                 | Min      | Max      | Avg      | Range   
-----------------------------------------------------------------
BreakTime                 | 0.0004   | 0.9193   | 0.5394   | 0.9189  
LocationConsistency       | 0.0417   | 0.9500   | 0.2401   | 0.9083  
OpponentVariety           | 0.7527   | 1.0000   | 0.9953   | 0.2473  

Team fitnesses (sorted by total fitness descending):
----------------------------------------------------
Max     : 2.617263
Min     : 1.067072
Range   : 1.550192
Average : 1.774810

Team |BreakTime |LocationConsistency |OpponentVariety |Sum
------------------------------------------------------------
43   |0.6673    |0.9500              |1.0000          |2.6173
49   |0.8865    |0.6417              |1.0000          |2.5281
41   |0.6732    |0.6417              |1.0000          |2.3148
39   |0.6257    |0.6417              |1.0000          |2.2673
45   |0.9139    |0.2667              |1.0000          |2.1805
53   |0.8925    |0.2667              |1.0000          |2.1592
36   |0.5809    |0.5250              |1.0000          |2.1059
38   |0.6764    |0.3500              |1.0000          |2.0264
51   |0.9185    |0.0500              |1.0000          |1.9685
47   |0.9193    |0.0417              |1.0000          |1.9610
44   |0.5936    |0.3667              |1.0000          |1.9603
9    |0.5719    |0.3667              |1.0000          |1.9385
48   |0.8630    |0.0667              |1.0000          |1.9297
50   |0.8793    |0.0500              |1.0000          |1.9293
11   |0.5556    |0.3667              |1.0000          |1.9223
1    |0.6485    |0.2667              |1.0000          |1.9152
52   |0.8672    |0.0417              |1.0000          |1.9088
3    |0.6329    |0.2667              |1.0000          |1.8995
5    |0.6216    |0.2667              |1.0000          |1.8883
15   |0.6158    |0.2667              |1.0000          |1.8825
42   |0.6044    |0.2667              |1.0000          |1.8710
25   |0.6013    |0.2667              |1.0000          |1.8680
17   |0.5901    |0.2667              |1.0000          |1.8568
8    |0.5895    |0.2667              |1.0000          |1.8562
18   |0.5758    |0.2667              |1.0000          |1.8424
46   |0.7914    |0.0417              |1.0000          |1.8331
12   |0.5619    |0.2667              |1.0000          |1.8286
14   |0.5543    |0.2667              |1.0000          |1.8210
2    |0.5474    |0.2667              |1.0000          |1.8141
13   |0.5379    |0.2667              |1.0000          |1.8046
33   |0.5002    |0.2667              |1.0000          |1.7669
37   |0.6637    |0.0500              |1.0000          |1.7137
40   |0.6273    |0.0500              |1.0000          |1.6773
6    |0.6005    |0.0500              |1.0000          |1.6505
35   |0.0045    |0.6417              |1.0000          |1.6461
10   |0.5920    |0.0417              |1.0000          |1.6336
31   |0.5616    |0.0667              |1.0000          |1.6282
4    |0.5774    |0.0417              |1.0000          |1.6190
16   |0.5389    |0.0750              |1.0000          |1.6139
7    |0.5640    |0.0417              |1.0000          |1.6057
29   |0.5515    |0.0417              |1.0000          |1.5931
20   |0.5397    |0.0500              |1.0000          |1.5897
22   |0.5082    |0.0667              |1.0000          |1.5749
26   |0.4972    |0.0667              |1.0000          |1.5639
28   |0.5133    |0.0500              |1.0000          |1.5633
19   |0.0454    |0.3667              |1.0000          |1.4121
21   |0.0004    |0.6417              |0.7527          |1.3948
23   |0.0465    |0.2667              |1.0000          |1.3132
24   |0.0004    |0.2667              |1.0000          |1.2671
32   |0.0004    |0.2667              |1.0000          |1.2671
34   |0.0488    |0.0667              |1.0000          |1.1154
27   |0.0475    |0.0417              |1.0000          |1.0891
30   |0.0004    |0.0667              |1.0000          |1.0671

Team Events (sorted, for dev use, diff check with others to ensure truly different schedules created):
------------------------------------------------------------
0, 103, 161, 177, 224, 293
1, 100, 149, 205, 249, 287
2, 109, 152, 180, 238, 301
3, 108, 154, 208, 261, 311
4, 94, 156, 188, 242, 303
5, 98, 153, 187, 228, 292
6, 95, 146, 211, 277, 318
7, 99, 142, 182, 232, 295
8, 97, 145, 196, 243, 297
9, 122, 163, 181, 223, 280
10, 125, 157, 195, 247, 309
11, 113, 164, 203, 252, 302
12, 120, 150, 198, 263, 308
13, 121, 162, 193, 231, 284
14, 119, 158, 183, 260, 322
15, 118, 155, 212, 276, 324
16, 123, 165, 197, 255, 316
17, 127, 160, 192, 269, 305
18, 79, 143, 191, 236, 273
19, 57, 151, 200, 250, 304
20, 85, 130, 213, 226, 270
21, 59, 147, 204, 258, 294
22, 77, 144, 214, 264, 307
23, 72, 138, 202, 220, 275
25, 54, 159, 168, 215, 274
26, 60, 148, 218, 272, 317
27, 68, 90, 216, 257, 299
28, 61, 91, 190, 234, 282
29, 55, 93, 176, 222, 290
30, 101, 117, 219, 262, 279
31, 56, 88, 166, 217, 283
32, 89, 102, 221, 266, 278
33, 58, 87, 210, 254, 296
34, 64, 96, 209, 259, 300
35, 71, 86, 206, 229, 271
36, 69, 105, 201, 241, 281
37, 74, 124, 173, 225, 285
38, 67, 112, 184, 268, 320
39, 73, 115, 185, 239, 291
40, 70, 116, 189, 237, 288
41, 65, 114, 186, 248, 313
42, 62, 104, 207, 267, 310
43, 66, 110, 178, 230, 286
44, 63, 111, 199, 253, 289
45, 81, 140, 169, 240, 315
46, 84, 136, 194, 265, 319
47, 75, 126, 167, 245, 314
48, 78, 134, 175, 244, 312
49, 92, 139, 172, 235, 306
50, 83, 141, 170, 233, 298
51, 80, 135, 171, 251, 325
52, 82, 137, 174, 256, 323
53, 76, 131, 179, 246, 321
