FLL Scheduler GA Summary Report (ID: 2132118886256 | Hash: -210256340997012719)

Attributes:
--------------------
rank: 0
origin: (C | RoundTypeCrossover)
mutations: 0
clones: 0
_hash: -210256340997012719
Length: 318

Fitness:
--------------------------
BreakTime           : 0.31062795876048954
LocationConsistency : 0.0
OpponentVariety     : 0.8754111684107535
-----------------------------------
Total               : 1.186039127171243
Percentage          : 39.53%

Per-Objective Statistics (Team Distribution):
-----------------------------------------------------------------
Objective                 | Min      | Max      | Avg      | Range   
-----------------------------------------------------------------
BreakTime                 | 0.0004   | 0.9193   | 0.5394   | 0.9189  
LocationConsistency       | 0.0417   | 0.9500   | 0.2110   | 0.9083  
OpponentVariety           | 0.7527   | 1.0000   | 0.9953   | 0.2473  

Team fitnesses (sorted by total fitness descending):
----------------------------------------------------
Max     : 2.554359
Min     : 1.019778
Range   : 1.534581
Average : 1.745722

Team |BreakTime |LocationConsistency |OpponentVariety |Sum
------------------------------------------------------------
38   |0.6044    |0.9500              |1.0000          |2.5544
40   |0.6732    |0.6417              |1.0000          |2.3148
16   |0.6158    |0.6417              |1.0000          |2.2575
52   |0.8630    |0.3667              |1.0000          |2.2297
47   |0.8793    |0.3500              |1.0000          |2.2293
50   |0.9185    |0.2667              |1.0000          |2.1852
46   |0.9139    |0.2667              |1.0000          |2.1805
45   |0.8925    |0.2667              |1.0000          |2.1592
42   |0.6764    |0.3500              |1.0000          |2.0264
37   |0.6273    |0.3667              |1.0000          |1.9939
51   |0.9193    |0.0417              |1.0000          |1.9610
48   |0.8865    |0.0417              |1.0000          |1.9281
49   |0.8672    |0.0417              |1.0000          |1.9088
4    |0.5474    |0.3500              |1.0000          |1.8974
43   |0.6257    |0.2667              |1.0000          |1.8923
5    |0.6216    |0.2667              |1.0000          |1.8883
15   |0.5379    |0.3500              |1.0000          |1.8879
34   |0.5133    |0.3500              |1.0000          |1.8633
39   |0.5936    |0.2667              |1.0000          |1.8603
13   |0.5920    |0.2667              |1.0000          |1.8586
41   |0.5809    |0.2667              |1.0000          |1.8476
11   |0.5758    |0.2667              |1.0000          |1.8424
53   |0.7914    |0.0500              |1.0000          |1.8414
9    |0.5719    |0.2667              |1.0000          |1.8385
31   |0.5616    |0.2667              |1.0000          |1.8282
20   |0.5082    |0.2667              |1.0000          |1.7749
36   |0.6673    |0.0417              |1.0000          |1.7089
44   |0.6637    |0.0417              |1.0000          |1.7054
1    |0.6485    |0.0417              |1.0000          |1.6902
7    |0.6329    |0.0417              |1.0000          |1.6745
3    |0.6005    |0.0667              |1.0000          |1.6672
22   |0.6013    |0.0500              |1.0000          |1.6513
32   |0.0004    |0.6417              |1.0000          |1.6421
6    |0.5895    |0.0500              |1.0000          |1.6395
12   |0.5901    |0.0417              |1.0000          |1.6318
2    |0.5774    |0.0417              |1.0000          |1.6190
30   |0.5515    |0.0667              |1.0000          |1.6181
18   |0.5389    |0.0750              |1.0000          |1.6139
8    |0.5640    |0.0417              |1.0000          |1.6057
17   |0.5619    |0.0417              |1.0000          |1.6036
10   |0.5556    |0.0417              |1.0000          |1.5973
14   |0.5543    |0.0417              |1.0000          |1.5960
19   |0.5397    |0.0500              |1.0000          |1.5897
33   |0.5002    |0.0417              |1.0000          |1.5419
24   |0.4972    |0.0417              |1.0000          |1.5389
25   |0.0454    |0.3667              |1.0000          |1.4121
23   |0.0465    |0.2667              |1.0000          |1.3132
29   |0.0045    |0.2667              |1.0000          |1.2711
21   |0.0004    |0.2667              |1.0000          |1.2671
28   |0.0475    |0.0500              |1.0000          |1.0975
27   |0.0488    |0.0417              |1.0000          |1.0904
35   |0.0004    |0.0667              |1.0000          |1.0671
26   |0.0004    |0.2667              |0.7527          |1.0198

Team Events (sorted, for dev use, diff check with others to ensure truly different schedules created):
------------------------------------------------------------
0, 109, 163, 178, 225, 286
1, 103, 154, 208, 261, 310
2, 96, 152, 187, 226, 287
3, 100, 149, 205, 250, 293
4, 94, 157, 189, 242, 303
5, 97, 142, 183, 235, 295
6, 102, 153, 175, 244, 301
7, 95, 146, 211, 277, 318
8, 98, 145, 191, 243, 297
9, 118, 156, 192, 247, 309
10, 132, 162, 194, 269, 304
11, 122, 165, 190, 255, 316
12, 123, 160, 174, 223, 283
13, 120, 161, 195, 236, 279
14, 121, 151, 199, 263, 308
15, 124, 158, 182, 260, 322
16, 113, 164, 202, 253, 302
17, 125, 155, 212, 276, 324
18, 59, 150, 200, 249, 305
19, 56, 147, 204, 259, 294
20, 72, 138, 203, 221, 272
22, 60, 159, 169, 214, 273
23, 70, 144, 215, 264, 307
24, 55, 148, 217, 274, 317
25, 79, 143, 196, 231, 275
26, 85, 129, 213, 228, 270
27, 64, 99, 209, 258, 300
28, 69, 88, 219, 257, 299
29, 77, 86, 206, 227, 271
30, 61, 93, 179, 222, 289
31, 58, 91, 167, 218, 280
32, 90, 108, 220, 266, 285
33, 57, 87, 210, 254, 296
34, 54, 89, 197, 233, 281
35, 101, 117, 216, 262, 284
36, 67, 110, 177, 237, 292
37, 76, 116, 188, 230, 290
38, 63, 107, 207, 267, 311
39, 62, 111, 198, 252, 291
40, 65, 114, 186, 251, 313
41, 68, 106, 201, 240, 282
42, 66, 112, 184, 268, 320
43, 73, 115, 185, 245, 288
44, 74, 119, 172, 224, 278
45, 71, 128, 176, 246, 321
46, 81, 140, 168, 241, 315
47, 83, 141, 171, 234, 298
48, 92, 139, 173, 232, 306
49, 82, 137, 180, 256, 323
50, 80, 135, 170, 248, 325
51, 75, 133, 166, 239, 314
52, 78, 134, 181, 238, 312
53, 84, 136, 193, 265, 319
