FLL Scheduler GA Summary Report (ID: 2132111935408 | Hash: 8203601898497840807)

Attributes:
--------------------
rank: 0
origin: (C | RoundTypeCrossover)
mutations: 1
clones: 1
_hash: 8203601898497840807
Length: 318

Fitness:
--------------------------
BreakTime           : 0.31062795876048954
LocationConsistency : 0.0
OpponentVariety     : 0.8754111684107535
-----------------------------------
Total               : 1.186039127171243
Percentage          : 39.53%

Per-Objective Statistics (Team Distribution):
-----------------------------------------------------------------
Objective                 | Min      | Max      | Avg      | Range   
-----------------------------------------------------------------
BreakTime                 | 0.0004   | 0.9193   | 0.5394   | 0.9189  
LocationConsistency       | 0.0417   | 0.9500   | 0.2621   | 0.9083  
OpponentVariety           | 0.7527   | 1.0000   | 0.9953   | 0.2473  

Team fitnesses (sorted by total fitness descending):
----------------------------------------------------
Max     : 2.554359
Min     : 1.019778
Range   : 1.534581
Average : 1.796823

Team |BreakTime |LocationConsistency |OpponentVariety |Sum
------------------------------------------------------------
36   |0.6044    |0.9500              |1.0000          |2.5544
48   |0.8865    |0.6417              |1.0000          |2.5281
1    |0.6485    |0.6417              |1.0000          |2.2902
51   |0.9193    |0.3500              |1.0000          |2.2693
46   |0.9139    |0.3500              |1.0000          |2.2639
16   |0.6158    |0.6417              |1.0000          |2.2575
49   |0.8672    |0.3667              |1.0000          |2.2338
45   |0.8925    |0.2667              |1.0000          |2.1592
28   |0.5133    |0.6417              |1.0000          |2.1550
47   |0.8793    |0.2667              |1.0000          |2.1460
53   |0.7914    |0.3500              |1.0000          |2.1414
52   |0.8630    |0.2667              |1.0000          |2.1297
41   |0.6732    |0.3500              |1.0000          |2.0232
43   |0.6673    |0.3500              |1.0000          |2.0173
5    |0.6216    |0.3500              |1.0000          |1.9716
50   |0.9185    |0.0500              |1.0000          |1.9685
38   |0.6764    |0.2667              |1.0000          |1.9431
7    |0.5719    |0.3500              |1.0000          |1.9219
8    |0.6329    |0.2667              |1.0000          |1.8995
44   |0.6257    |0.2667              |1.0000          |1.8923
26   |0.5397    |0.3500              |1.0000          |1.8897
9    |0.6005    |0.2667              |1.0000          |1.8672
37   |0.5936    |0.2667              |1.0000          |1.8603
13   |0.5920    |0.2667              |1.0000          |1.8586
12   |0.5901    |0.2667              |1.0000          |1.8568
42   |0.5809    |0.2667              |1.0000          |1.8476
15   |0.5758    |0.2667              |1.0000          |1.8424
4    |0.5640    |0.2667              |1.0000          |1.8307
29   |0.5515    |0.2667              |1.0000          |1.8181
6    |0.5474    |0.2667              |1.0000          |1.8141
19   |0.5082    |0.2667              |1.0000          |1.7749
33   |0.5002    |0.2667              |1.0000          |1.7669
40   |0.6637    |0.0417              |1.0000          |1.7054
39   |0.6273    |0.0417              |1.0000          |1.6689
20   |0.6013    |0.0417              |1.0000          |1.6430
32   |0.0004    |0.6417              |1.0000          |1.6421
2    |0.5895    |0.0500              |1.0000          |1.6395
10   |0.5556    |0.0667              |1.0000          |1.6223
3    |0.5774    |0.0417              |1.0000          |1.6190
18   |0.5389    |0.0750              |1.0000          |1.6139
14   |0.5543    |0.0500              |1.0000          |1.6043
17   |0.5619    |0.0417              |1.0000          |1.6036
31   |0.5616    |0.0417              |1.0000          |1.6032
11   |0.5379    |0.0500              |1.0000          |1.5879
25   |0.4972    |0.0667              |1.0000          |1.5639
35   |0.0045    |0.3667              |1.0000          |1.3711
34   |0.0488    |0.2667              |1.0000          |1.3154
21   |0.0465    |0.2667              |1.0000          |1.3132
23   |0.0454    |0.0750              |1.0000          |1.1204
27   |0.0475    |0.0500              |1.0000          |1.0975
24   |0.0004    |0.0417              |1.0000          |1.0421
30   |0.0004    |0.0417              |1.0000          |1.0421
22   |0.0004    |0.2667              |0.7527          |1.0198

Team Events (sorted, for dev use, diff check with others to ensure truly different schedules created):
------------------------------------------------------------
0, 109, 162, 178, 224, 293
1, 97, 143, 188, 232, 300
2, 103, 153, 208, 261, 310
3, 100, 147, 211, 277, 318
4, 101, 151, 183, 243, 303
5, 94, 149, 205, 249, 287
6, 98, 145, 191, 242, 298
7, 102, 155, 175, 245, 294
8, 96, 154, 185, 226, 292
9, 118, 150, 192, 247, 309
10, 121, 157, 199, 263, 308
11, 122, 158, 190, 255, 316
12, 123, 160, 174, 223, 283
13, 120, 161, 195, 231, 279
14, 130, 163, 194, 269, 305
15, 124, 165, 189, 260, 322
16, 113, 159, 202, 252, 302
17, 125, 152, 212, 276, 324
18, 59, 146, 204, 258, 301
19, 55, 164, 168, 214, 273
20, 77, 144, 215, 264, 307
21, 84, 129, 213, 228, 270
22, 78, 142, 196, 236, 275
23, 73, 138, 203, 221, 272
25, 60, 148, 217, 274, 317
26, 56, 156, 200, 250, 304
27, 68, 88, 219, 257, 297
28, 61, 89, 197, 234, 281
29, 54, 93, 179, 222, 290
30, 95, 117, 216, 262, 284
31, 57, 91, 166, 218, 280
32, 90, 108, 220, 266, 285
33, 58, 87, 210, 254, 299
34, 64, 99, 209, 259, 295
35, 70, 86, 206, 227, 271
36, 63, 107, 207, 267, 311
37, 62, 111, 198, 253, 289
38, 66, 112, 187, 268, 320
39, 71, 116, 182, 237, 288
40, 75, 119, 173, 225, 278
41, 65, 114, 184, 248, 313
42, 69, 106, 201, 240, 282
43, 67, 110, 177, 230, 286
44, 72, 115, 186, 244, 291
45, 76, 128, 176, 246, 321
46, 83, 141, 169, 241, 315
47, 81, 140, 170, 233, 296
48, 92, 139, 172, 235, 306
49, 80, 136, 180, 256, 323
50, 82, 135, 171, 251, 325
51, 74, 131, 167, 239, 314
52, 79, 134, 181, 238, 312
53, 85, 137, 193, 265, 319
