FLL Scheduler GA Summary Report (ID: 2132118887152 | Hash: -4947456744387088594)

Attributes:
--------------------
rank: 0
origin: (C | KPoint(k=3))
mutations: 0
clones: 0
_hash: -4947456744387088594
Length: 318

Fitness:
--------------------------
BreakTime           : 0.31062795876048954
LocationConsistency : 0.0
OpponentVariety     : 0.8754111684107535
-----------------------------------
Total               : 1.186039127171243
Percentage          : 39.53%

Per-Objective Statistics (Team Distribution):
-----------------------------------------------------------------
Objective                 | Min      | Max      | Avg      | Range   
-----------------------------------------------------------------
BreakTime                 | 0.0004   | 0.9193   | 0.5394   | 0.9189  
LocationConsistency       | 0.0417   | 0.9500   | 0.2601   | 0.9083  
OpponentVariety           | 0.7527   | 1.0000   | 0.9953   | 0.2473  

Team fitnesses (sorted by total fitness descending):
----------------------------------------------------
Max     : 2.560979
Min     : 1.019778
Range   : 1.541201
Average : 1.794779

Team |BreakTime |LocationConsistency |OpponentVariety |Sum
------------------------------------------------------------
47   |0.9193    |0.6417              |1.0000          |2.5610
36   |0.6044    |0.9500              |1.0000          |2.5544
51   |0.8672    |0.6417              |1.0000          |2.5088
48   |0.8630    |0.6417              |1.0000          |2.5047
50   |0.7914    |0.6417              |1.0000          |2.4331
39   |0.6637    |0.6417              |1.0000          |2.3054
37   |0.6273    |0.6417              |1.0000          |2.2689
45   |0.9139    |0.3500              |1.0000          |2.2639
52   |0.8793    |0.3500              |1.0000          |2.2293
46   |0.9185    |0.2667              |1.0000          |2.1852
49   |0.8925    |0.2667              |1.0000          |2.1592
42   |0.6764    |0.3500              |1.0000          |2.0264
5    |0.6216    |0.3667              |1.0000          |1.9883
44   |0.6732    |0.2667              |1.0000          |1.9398
2    |0.5895    |0.3500              |1.0000          |1.9395
53   |0.8865    |0.0500              |1.0000          |1.9365
38   |0.6673    |0.2667              |1.0000          |1.9339
10   |0.5556    |0.3667              |1.0000          |1.9223
8    |0.6329    |0.2667              |1.0000          |1.8995
11   |0.6158    |0.2667              |1.0000          |1.8825
40   |0.5936    |0.2667              |1.0000          |1.8603
13   |0.5920    |0.2667              |1.0000          |1.8586
15   |0.5901    |0.2667              |1.0000          |1.8568
25   |0.4972    |0.3500              |1.0000          |1.8472
12   |0.5619    |0.2667              |1.0000          |1.8286
34   |0.5616    |0.2667              |1.0000          |1.8282
6    |0.5474    |0.2667              |1.0000          |1.8141
16   |0.5379    |0.2667              |1.0000          |1.8046
32   |0.5002    |0.2667              |1.0000          |1.7669
1    |0.6485    |0.0417              |1.0000          |1.6902
21   |0.0454    |0.6417              |1.0000          |1.6871
43   |0.6257    |0.0417              |1.0000          |1.6673
24   |0.6013    |0.0417              |1.0000          |1.6430
9    |0.6005    |0.0417              |1.0000          |1.6422
41   |0.5809    |0.0500              |1.0000          |1.6309
17   |0.5758    |0.0500              |1.0000          |1.6258
14   |0.5543    |0.0667              |1.0000          |1.6210
3    |0.5774    |0.0417              |1.0000          |1.6190
18   |0.5389    |0.0750              |1.0000          |1.6139
7    |0.5719    |0.0417              |1.0000          |1.6135
4    |0.5640    |0.0417              |1.0000          |1.6057
35   |0.5515    |0.0417              |1.0000          |1.5931
23   |0.5397    |0.0500              |1.0000          |1.5897
22   |0.5082    |0.0667              |1.0000          |1.5749
30   |0.5133    |0.0500              |1.0000          |1.5633
33   |0.0045    |0.3500              |1.0000          |1.3545
26   |0.0004    |0.2667              |1.0000          |1.2671
28   |0.0004    |0.2667              |1.0000          |1.2671
31   |0.0488    |0.0500              |1.0000          |1.0988
29   |0.0475    |0.0500              |1.0000          |1.0975
19   |0.0465    |0.0417              |1.0000          |1.0882
27   |0.0004    |0.0417              |1.0000          |1.0421
20   |0.0004    |0.2667              |0.7527          |1.0198

Team Events (sorted, for dev use, diff check with others to ensure truly different schedules created):
------------------------------------------------------------
0, 105, 163, 178, 224, 286
1, 96, 142, 183, 232, 295
2, 103, 154, 208, 260, 310
3, 100, 146, 211, 277, 318
4, 101, 157, 189, 242, 303
5, 95, 148, 205, 249, 292
6, 98, 144, 196, 243, 297
7, 102, 153, 175, 238, 301
8, 97, 152, 187, 228, 287
9, 124, 156, 195, 247, 308
10, 119, 158, 182, 261, 322
11, 113, 164, 203, 252, 302
12, 122, 160, 174, 223, 280
13, 121, 161, 192, 231, 284
14, 123, 165, 197, 255, 316
15, 120, 151, 198, 263, 309
16, 127, 162, 193, 269, 305
17, 118, 155, 212, 276, 324
18, 71, 145, 220, 264, 306
19, 78, 130, 213, 226, 271
20, 84, 143, 191, 236, 272
21, 59, 147, 204, 256, 294
22, 57, 150, 200, 250, 304
24, 54, 159, 169, 221, 274
25, 60, 149, 217, 273, 317
26, 75, 136, 202, 214, 275
27, 91, 104, 215, 266, 278
28, 94, 117, 216, 262, 279
29, 69, 88, 219, 259, 298
30, 61, 89, 190, 234, 282
31, 64, 99, 209, 257, 300
32, 58, 87, 210, 254, 296
33, 76, 86, 206, 229, 270
34, 56, 90, 167, 218, 283
35, 55, 93, 179, 222, 289
36, 63, 107, 207, 267, 311
37, 77, 116, 188, 237, 290
38, 67, 110, 177, 230, 293
39, 73, 125, 172, 225, 285
40, 62, 111, 199, 253, 291
41, 68, 106, 201, 240, 281
42, 66, 112, 184, 268, 320
43, 74, 115, 185, 239, 288
44, 65, 114, 186, 248, 315
45, 80, 135, 168, 241, 313
46, 81, 141, 170, 251, 325
47, 72, 126, 166, 245, 312
48, 85, 140, 181, 244, 314
49, 70, 131, 176, 246, 321
50, 79, 138, 194, 265, 319
51, 82, 139, 180, 258, 323
52, 83, 134, 171, 233, 299
53, 92, 137, 173, 235, 307
