FLL Scheduler GA Summary Report (ID: 2132126147504 | Hash: -7459808697316370953)

Attributes:
--------------------
rank: 0
origin: (C | KPoint(k=2))
mutations: 0
clones: 0
_hash: -7459808697316370953
Length: 318

Fitness:
--------------------------
BreakTime           : 0.31062795876048954
LocationConsistency : 0.0
OpponentVariety     : 0.8754111684107535
-----------------------------------
Total               : 1.186039127171243
Percentage          : 39.53%

Per-Objective Statistics (Team Distribution):
-----------------------------------------------------------------
Objective                 | Min      | Max      | Avg      | Range   
-----------------------------------------------------------------
BreakTime                 | 0.0004   | 0.9193   | 0.5394   | 0.9189  
LocationConsistency       | 0.0417   | 0.6417   | 0.1748   | 0.6000  
OpponentVariety           | 0.7527   | 1.0000   | 0.9953   | 0.2473  

Team fitnesses (sorted by total fitness descending):
----------------------------------------------------
Max     : 2.263852
Min     : 1.019778
Range   : 1.244073
Average : 1.709559

Team |BreakTime |LocationConsistency |OpponentVariety |Sum
------------------------------------------------------------
51   |0.9139    |0.3500              |1.0000          |2.2639
5    |0.6216    |0.6417              |1.0000          |2.2633
48   |0.8793    |0.3500              |1.0000          |2.2293
49   |0.8630    |0.2667              |1.0000          |2.1297
37   |0.6732    |0.3667              |1.0000          |2.0398
43   |0.6673    |0.3500              |1.0000          |2.0173
17   |0.6158    |0.3667              |1.0000          |1.9825
44   |0.6257    |0.3500              |1.0000          |1.9757
46   |0.9193    |0.0417              |1.0000          |1.9610
47   |0.9185    |0.0417              |1.0000          |1.9602
38   |0.6044    |0.3500              |1.0000          |1.9544
52   |0.8925    |0.0417              |1.0000          |1.9342
53   |0.8672    |0.0667              |1.0000          |1.9338
50   |0.8865    |0.0417              |1.0000          |1.9281
2    |0.6329    |0.2667              |1.0000          |1.8995
39   |0.6273    |0.2667              |1.0000          |1.8939
19   |0.5397    |0.3500              |1.0000          |1.8897
20   |0.5082    |0.3500              |1.0000          |1.8582
41   |0.5809    |0.2667              |1.0000          |1.8476
15   |0.5758    |0.2667              |1.0000          |1.8424
45   |0.7914    |0.0417              |1.0000          |1.8331
3    |0.5640    |0.2667              |1.0000          |1.8307
16   |0.5619    |0.2667              |1.0000          |1.8286
31   |0.5616    |0.2667              |1.0000          |1.8282
14   |0.5543    |0.2667              |1.0000          |1.8210
40   |0.6764    |0.0667              |1.0000          |1.7431
9    |0.6485    |0.0667              |1.0000          |1.7152
42   |0.6637    |0.0417              |1.0000          |1.7054
13   |0.5920    |0.0667              |1.0000          |1.6586
29   |0.0045    |0.6417              |1.0000          |1.6461
23   |0.6013    |0.0417              |1.0000          |1.6430
7    |0.6005    |0.0417              |1.0000          |1.6422
36   |0.5936    |0.0417              |1.0000          |1.6353
12   |0.5901    |0.0417              |1.0000          |1.6318
6    |0.5895    |0.0417              |1.0000          |1.6312
8    |0.5774    |0.0417              |1.0000          |1.6190
30   |0.5515    |0.0667              |1.0000          |1.6181
10   |0.5389    |0.0750              |1.0000          |1.6139
1    |0.5719    |0.0417              |1.0000          |1.6135
4    |0.5474    |0.0500              |1.0000          |1.5974
18   |0.5556    |0.0417              |1.0000          |1.5973
11   |0.5379    |0.0500              |1.0000          |1.5879
35   |0.5133    |0.0500              |1.0000          |1.5633
34   |0.5002    |0.0500              |1.0000          |1.5502
25   |0.4972    |0.0500              |1.0000          |1.5472
32   |0.0004    |0.3500              |1.0000          |1.3504
21   |0.0004    |0.2667              |1.0000          |1.2671
22   |0.0454    |0.0667              |1.0000          |1.1121
27   |0.0488    |0.0500              |1.0000          |1.0988
24   |0.0465    |0.0500              |1.0000          |1.0965
28   |0.0475    |0.0417              |1.0000          |1.0891
33   |0.0004    |0.0667              |1.0000          |1.0671
26   |0.0004    |0.2667              |0.7527          |1.0198

Team Events (sorted, for dev use, diff check with others to ensure truly different schedules created):
------------------------------------------------------------
0, 98, 145, 191, 240, 299
1, 102, 152, 175, 244, 294
2, 100, 147, 211, 277, 318
3, 95, 149, 204, 249, 292
4, 101, 151, 189, 241, 303
5, 97, 143, 182, 235, 300
6, 96, 153, 187, 226, 287
7, 103, 154, 208, 260, 310
8, 105, 161, 178, 224, 286
9, 118, 155, 212, 276, 324
10, 120, 157, 198, 268, 308
11, 123, 165, 190, 255, 316
12, 122, 162, 174, 223, 283
13, 121, 163, 195, 236, 279
14, 127, 160, 194, 262, 304
15, 115, 164, 202, 252, 302
16, 119, 159, 183, 261, 322
17, 124, 150, 192, 247, 309
18, 58, 156, 201, 250, 305
19, 56, 146, 205, 256, 301
20, 72, 138, 203, 220, 272
21, 78, 142, 196, 231, 275
22, 60, 158, 170, 215, 273
23, 77, 144, 214, 267, 307
24, 55, 148, 218, 274, 317
26, 85, 130, 213, 228, 270
27, 64, 99, 209, 257, 295
28, 68, 90, 216, 259, 297
29, 71, 86, 206, 227, 271
30, 61, 93, 179, 222, 289
31, 59, 88, 172, 217, 280
32, 89, 104, 221, 265, 285
33, 94, 110, 219, 269, 284
34, 57, 87, 210, 254, 298
35, 54, 91, 197, 233, 281
36, 62, 116, 199, 253, 291
37, 65, 113, 186, 248, 313
38, 63, 107, 207, 264, 311
39, 70, 111, 188, 230, 290
40, 66, 114, 185, 263, 320
41, 69, 106, 200, 243, 282
42, 74, 125, 167, 225, 278
43, 67, 117, 177, 237, 293
44, 73, 112, 184, 245, 288
45, 84, 136, 193, 266, 319
46, 75, 126, 173, 239, 314
47, 82, 135, 169, 251, 325
48, 80, 141, 168, 234, 296
49, 79, 134, 181, 238, 312
50, 92, 139, 166, 232, 306
51, 83, 140, 171, 242, 315
52, 76, 131, 176, 246, 321
53, 81, 137, 180, 258, 323
