FLL Scheduler GA Summary Report (ID: 2132037136144 | Hash: 3738143302180814378)

Attributes:
--------------------
rank: 0
origin: (C | RoundTypeCrossover)
mutations: 1
clones: 1
_hash: 3738143302180814378
Length: 318

Fitness:
--------------------------
BreakTime           : 0.31062795876048954
LocationConsistency : 0.0
OpponentVariety     : 0.8754111684107535
-----------------------------------
Total               : 1.186039127171243
Percentage          : 39.53%

Per-Objective Statistics (Team Distribution):
-----------------------------------------------------------------
Objective                 | Min      | Max      | Avg      | Range   
-----------------------------------------------------------------
BreakTime                 | 0.0004   | 0.9193   | 0.5394   | 0.9189  
LocationConsistency       | 0.0417   | 0.6417   | 0.2184   | 0.6000  
OpponentVariety           | 0.7527   | 1.0000   | 0.9953   | 0.2473  

Team fitnesses (sorted by total fitness descending):
----------------------------------------------------
Max     : 2.534208
Min     : 0.794778
Range   : 1.739429
Average : 1.753112

Team |BreakTime |LocationConsistency |OpponentVariety |Sum
------------------------------------------------------------
49   |0.8925    |0.6417              |1.0000          |2.5342
43   |0.6273    |0.6417              |1.0000          |2.2689
53   |0.9139    |0.3500              |1.0000          |2.2639
15   |0.6158    |0.6417              |1.0000          |2.2575
47   |0.8672    |0.3500              |1.0000          |2.2172
45   |0.8865    |0.2667              |1.0000          |2.1531
48   |0.8793    |0.2667              |1.0000          |2.1460
50   |0.8630    |0.2667              |1.0000          |2.1297
46   |0.7914    |0.2667              |1.0000          |2.0581
38   |0.6764    |0.3500              |1.0000          |2.0264
3    |0.6216    |0.3667              |1.0000          |1.9883
51   |0.9193    |0.0417              |1.0000          |1.9610
52   |0.9185    |0.0417              |1.0000          |1.9602
13   |0.5920    |0.3500              |1.0000          |1.9420
12   |0.5901    |0.3500              |1.0000          |1.9401
40   |0.6732    |0.2667              |1.0000          |1.9398
36   |0.6673    |0.2667              |1.0000          |1.9339
11   |0.5556    |0.3667              |1.0000          |1.9223
34   |0.5616    |0.3500              |1.0000          |1.9116
42   |0.6257    |0.2667              |1.0000          |1.8923
16   |0.5379    |0.3500              |1.0000          |1.8879
37   |0.6044    |0.2667              |1.0000          |1.8710
44   |0.5936    |0.2667              |1.0000          |1.8603
4    |0.5895    |0.2667              |1.0000          |1.8562
39   |0.5809    |0.2667              |1.0000          |1.8476
18   |0.5758    |0.2667              |1.0000          |1.8424
5    |0.5719    |0.2667              |1.0000          |1.8385
17   |0.5619    |0.2667              |1.0000          |1.8286
6    |0.5474    |0.2667              |1.0000          |1.8141
10   |0.5389    |0.2667              |1.0000          |1.8056
41   |0.6637    |0.0417              |1.0000          |1.7054
1    |0.6485    |0.0417              |1.0000          |1.6902
9    |0.6329    |0.0500              |1.0000          |1.6829
23   |0.6013    |0.0750              |1.0000          |1.6763
7    |0.6005    |0.0500              |1.0000          |1.6505
8    |0.5774    |0.0500              |1.0000          |1.6274
2    |0.5640    |0.0417              |1.0000          |1.6057
14   |0.5543    |0.0417              |1.0000          |1.5960
35   |0.5515    |0.0417              |1.0000          |1.5931
21   |0.5397    |0.0500              |1.0000          |1.5897
24   |0.4972    |0.0667              |1.0000          |1.5639
30   |0.5133    |0.0500              |1.0000          |1.5633
25   |0.5082    |0.0500              |1.0000          |1.5582
32   |0.5002    |0.0417              |1.0000          |1.5419
28   |0.0004    |0.3667              |1.0000          |1.3671
27   |0.0475    |0.2667              |1.0000          |1.3141
26   |0.0465    |0.2667              |1.0000          |1.3132
20   |0.0004    |0.2667              |1.0000          |1.2671
22   |0.0454    |0.0750              |1.0000          |1.1204
29   |0.0488    |0.0417              |1.0000          |1.0904
33   |0.0045    |0.0500              |1.0000          |1.0545
31   |0.0004    |0.0500              |1.0000          |1.0504
19   |0.0004    |0.0417              |0.7527          |0.7948

Team Events (sorted, for dev use, diff check with others to ensure truly different schedules created):
------------------------------------------------------------
0, 103, 161, 178, 224, 293
1, 101, 147, 208, 276, 318
2, 100, 156, 188, 241, 303
3, 97, 143, 183, 235, 301
4, 98, 145, 196, 240, 298
5, 94, 149, 205, 249, 287
6, 96, 153, 186, 228, 292
7, 108, 154, 211, 254, 310
8, 109, 152, 174, 244, 294
9, 119, 155, 207, 277, 324
10, 125, 157, 195, 247, 309
11, 123, 164, 197, 261, 316
12, 122, 163, 175, 223, 283
13, 120, 162, 193, 236, 279
14, 118, 159, 182, 255, 322
15, 121, 150, 198, 262, 308
16, 113, 165, 203, 253, 302
17, 132, 160, 192, 269, 305
18, 85, 129, 206, 226, 271
19, 75, 137, 202, 220, 275
20, 57, 151, 200, 250, 304
21, 78, 142, 191, 231, 272
22, 54, 158, 170, 215, 274
23, 60, 148, 219, 273, 317
24, 59, 146, 204, 256, 300
26, 71, 144, 214, 264, 307
27, 69, 90, 217, 258, 296
28, 95, 111, 218, 263, 284
29, 64, 99, 210, 257, 295
30, 61, 91, 190, 233, 281
31, 88, 102, 221, 266, 285
32, 58, 86, 209, 260, 299
33, 76, 87, 213, 229, 270
34, 56, 89, 173, 216, 280
35, 55, 93, 179, 222, 290
36, 67, 117, 177, 237, 286
37, 63, 104, 212, 267, 311
38, 66, 112, 184, 268, 320
39, 68, 105, 201, 243, 282
40, 65, 114, 187, 248, 313
41, 72, 124, 167, 225, 278
42, 74, 115, 185, 245, 291
43, 77, 110, 189, 230, 288
44, 62, 116, 199, 252, 289
45, 92, 136, 166, 232, 306
46, 84, 138, 194, 265, 319
47, 81, 139, 180, 259, 323
48, 80, 141, 168, 234, 297
49, 70, 128, 176, 246, 321
50, 79, 134, 181, 238, 312
51, 73, 133, 172, 239, 315
52, 82, 135, 169, 251, 325
53, 83, 140, 171, 242, 314
