FLL Scheduler GA Summary Report (ID: 2132037137376 | Hash: 8093759840240620598)

Attributes:
--------------------
rank: 0
origin: (C | RoundTypeCrossover)
mutations: 0
clones: 0
_hash: 8093759840240620598
Length: 318

Fitness:
--------------------------
BreakTime           : 0.31062795876048954
LocationConsistency : 0.0
OpponentVariety     : 0.8754111684107535
-----------------------------------
Total               : 1.186039127171243
Percentage          : 39.53%

Per-Objective Statistics (Team Distribution):
-----------------------------------------------------------------
Objective                 | Min      | Max      | Avg      | Range   
-----------------------------------------------------------------
BreakTime                 | 0.0004   | 0.9193   | 0.5394   | 0.9189  
LocationConsistency       | 0.0417   | 0.6417   | 0.1970   | 0.6000  
OpponentVariety           | 0.7527   | 1.0000   | 0.9953   | 0.2473  

Team fitnesses (sorted by total fitness descending):
----------------------------------------------------
Max     : 2.267338
Min     : 0.794778
Range   : 1.472559
Average : 1.731729

Team |BreakTime |LocationConsistency |OpponentVariety |Sum
------------------------------------------------------------
43   |0.6257    |0.6417              |1.0000          |2.2673
49   |0.8925    |0.2667              |1.0000          |2.1592
51   |0.8672    |0.2667              |1.0000          |2.1338
52   |0.7914    |0.2667              |1.0000          |2.0581
40   |0.6732    |0.3667              |1.0000          |2.0398
53   |0.9139    |0.0667              |1.0000          |1.9805
47   |0.9193    |0.0417              |1.0000          |1.9610
46   |0.9185    |0.0417              |1.0000          |1.9602
9    |0.6005    |0.3500              |1.0000          |1.9505
39   |0.6637    |0.2667              |1.0000          |1.9304
50   |0.8793    |0.0500              |1.0000          |1.9293
45   |0.8865    |0.0417              |1.0000          |1.9281
10   |0.5556    |0.3667              |1.0000          |1.9223
1    |0.6485    |0.2667              |1.0000          |1.9152
34   |0.5616    |0.3500              |1.0000          |1.9116
48   |0.8630    |0.0417              |1.0000          |1.9047
3    |0.6329    |0.2667              |1.0000          |1.8995
5    |0.6216    |0.2667              |1.0000          |1.8883
15   |0.6158    |0.2667              |1.0000          |1.8825
36   |0.6044    |0.2667              |1.0000          |1.8710
24   |0.6013    |0.2667              |1.0000          |1.8680
44   |0.5936    |0.2667              |1.0000          |1.8603
11   |0.5920    |0.2667              |1.0000          |1.8586
4    |0.5895    |0.2667              |1.0000          |1.8562
8    |0.5774    |0.2667              |1.0000          |1.8440
7    |0.5719    |0.2667              |1.0000          |1.8385
2    |0.5640    |0.2667              |1.0000          |1.8307
14   |0.5619    |0.2667              |1.0000          |1.8286
18   |0.5543    |0.2667              |1.0000          |1.8210
23   |0.5397    |0.2667              |1.0000          |1.8064
30   |0.5133    |0.2667              |1.0000          |1.7800
20   |0.5082    |0.2667              |1.0000          |1.7749
27   |0.5002    |0.2667              |1.0000          |1.7669
42   |0.6764    |0.0750              |1.0000          |1.7514
38   |0.6673    |0.0500              |1.0000          |1.7173
37   |0.6273    |0.0417              |1.0000          |1.6689
12   |0.5901    |0.0500              |1.0000          |1.6401
41   |0.5809    |0.0500              |1.0000          |1.6309
16   |0.5758    |0.0417              |1.0000          |1.6174
17   |0.5389    |0.0750              |1.0000          |1.6139
6    |0.5474    |0.0500              |1.0000          |1.5974
35   |0.5515    |0.0417              |1.0000          |1.5931
13   |0.5379    |0.0500              |1.0000          |1.5879
25   |0.4972    |0.0667              |1.0000          |1.5639
32   |0.0475    |0.3500              |1.0000          |1.3975
29   |0.0488    |0.2667              |1.0000          |1.3154
19   |0.0454    |0.2667              |1.0000          |1.3121
33   |0.0045    |0.2667              |1.0000          |1.2711
31   |0.0004    |0.2667              |1.0000          |1.2671
26   |0.0465    |0.0500              |1.0000          |1.0965
28   |0.0004    |0.0667              |1.0000          |1.0671
21   |0.0004    |0.0500              |1.0000          |1.0504
22   |0.0004    |0.0417              |0.7527          |0.7948

Team Events (sorted, for dev use, diff check with others to ensure truly different schedules created):
------------------------------------------------------------
0, 102, 161, 178, 224, 286
1, 100, 147, 211, 277, 318
2, 109, 155, 175, 238, 301
3, 96, 143, 182, 235, 295
4, 101, 150, 189, 242, 303
5, 95, 149, 204, 249, 292
6, 98, 145, 190, 243, 297
7, 108, 153, 209, 255, 310
8, 97, 154, 186, 226, 287
9, 119, 151, 193, 247, 309
10, 121, 163, 174, 223, 283
11, 120, 165, 191, 260, 316
12, 122, 157, 198, 268, 308
13, 115, 164, 202, 252, 302
14, 124, 158, 183, 254, 322
15, 127, 160, 194, 262, 305
16, 125, 152, 212, 276, 324
17, 123, 162, 195, 236, 279
18, 79, 142, 196, 231, 273
19, 59, 146, 205, 259, 294
20, 72, 138, 203, 214, 275
21, 83, 129, 213, 228, 271
22, 57, 156, 201, 250, 304
23, 54, 159, 167, 221, 274
25, 60, 148, 217, 272, 317
26, 70, 144, 220, 267, 307
27, 58, 87, 210, 261, 296
28, 94, 110, 216, 269, 284
29, 64, 99, 208, 258, 300
30, 61, 90, 197, 233, 280
31, 88, 103, 215, 265, 285
32, 69, 91, 219, 256, 299
33, 76, 86, 207, 227, 270
34, 56, 89, 169, 218, 281
35, 55, 93, 179, 222, 289
36, 63, 106, 206, 264, 311
37, 77, 111, 188, 230, 290
38, 67, 116, 177, 237, 293
39, 74, 118, 172, 225, 278
40, 65, 113, 187, 248, 313
41, 68, 107, 200, 240, 282
42, 66, 114, 184, 263, 320
43, 73, 112, 185, 239, 288
44, 62, 117, 199, 253, 291
45, 92, 139, 173, 232, 306
46, 84, 134, 170, 251, 325
47, 75, 126, 168, 245, 314
48, 78, 135, 181, 244, 312
49, 71, 128, 176, 246, 321
50, 80, 140, 171, 234, 298
51, 81, 136, 180, 257, 323
52, 82, 137, 192, 266, 319
53, 85, 141, 166, 241, 315
