FLL Scheduler GA Summary Report (ID: 2132037137824 | Hash: -5227158319364274659)

Attributes:
--------------------
rank: 0
origin: (C | KPoint(k=1))
mutations: 0
clones: 0
_hash: -5227158319364274659
Length: 318

Fitness:
--------------------------
BreakTime           : 0.31062795876048954
LocationConsistency : 0.0
OpponentVariety     : 0.8754111684107535
-----------------------------------
Total               : 1.186039127171243
Percentage          : 39.53%

Per-Objective Statistics (Team Distribution):
-----------------------------------------------------------------
Objective                 | Min      | Max      | Avg      | Range   
-----------------------------------------------------------------
BreakTime                 | 0.0004   | 0.9193   | 0.5394   | 0.9189  
LocationConsistency       | 0.0417   | 0.6417   | 0.2313   | 0.6000  
OpponentVariety           | 0.7527   | 1.0000   | 0.9953   | 0.2473  

Team fitnesses (sorted by total fitness descending):
----------------------------------------------------
Max     : 2.433100
Min     : 1.019778
Range   : 1.413322
Average : 1.766005

Team |BreakTime |LocationConsistency |OpponentVariety |Sum
------------------------------------------------------------
52   |0.7914    |0.6417              |1.0000          |2.4331
40   |0.6732    |0.6417              |1.0000          |2.3148
36   |0.6273    |0.6417              |1.0000          |2.2689
49   |0.8925    |0.3500              |1.0000          |2.2425
50   |0.8793    |0.3500              |1.0000          |2.2293
47   |0.9193    |0.2667              |1.0000          |2.1860
53   |0.9139    |0.2667              |1.0000          |2.1805
45   |0.8865    |0.2667              |1.0000          |2.1531
51   |0.8672    |0.2667              |1.0000          |2.1338
3    |0.6216    |0.3667              |1.0000          |1.9883
46   |0.9185    |0.0417              |1.0000          |1.9602
38   |0.6044    |0.3500              |1.0000          |1.9544
23   |0.6013    |0.3500              |1.0000          |1.9513
4    |0.5895    |0.3500              |1.0000          |1.9395
7    |0.5719    |0.3667              |1.0000          |1.9385
48   |0.8630    |0.0750              |1.0000          |1.9380
44   |0.6637    |0.2667              |1.0000          |1.9304
1    |0.6485    |0.2667              |1.0000          |1.9152
35   |0.5616    |0.3500              |1.0000          |1.9116
8    |0.6329    |0.2667              |1.0000          |1.8995
41   |0.6257    |0.2667              |1.0000          |1.8923
11   |0.6158    |0.2667              |1.0000          |1.8825
9    |0.6005    |0.2667              |1.0000          |1.8672
27   |0.5133    |0.3500              |1.0000          |1.8633
13   |0.5920    |0.2667              |1.0000          |1.8586
15   |0.5901    |0.2667              |1.0000          |1.8568
5    |0.5774    |0.2667              |1.0000          |1.8440
12   |0.5619    |0.2667              |1.0000          |1.8286
6    |0.5474    |0.2667              |1.0000          |1.8141
16   |0.5379    |0.2667              |1.0000          |1.8046
37   |0.6764    |0.0500              |1.0000          |1.7264
42   |0.6673    |0.0417              |1.0000          |1.7089
39   |0.5936    |0.0667              |1.0000          |1.6603
43   |0.5809    |0.0500              |1.0000          |1.6309
17   |0.5758    |0.0500              |1.0000          |1.6258
10   |0.5556    |0.0667              |1.0000          |1.6223
2    |0.5640    |0.0417              |1.0000          |1.6057
14   |0.5543    |0.0417              |1.0000          |1.5960
30   |0.5515    |0.0417              |1.0000          |1.5931
25   |0.5397    |0.0500              |1.0000          |1.5897
18   |0.5389    |0.0500              |1.0000          |1.5889
20   |0.4972    |0.0667              |1.0000          |1.5639
19   |0.5082    |0.0417              |1.0000          |1.5499
32   |0.5002    |0.0417              |1.0000          |1.5419
34   |0.0045    |0.3500              |1.0000          |1.3545
31   |0.0475    |0.2667              |1.0000          |1.3141
21   |0.0465    |0.2667              |1.0000          |1.3132
22   |0.0454    |0.2667              |1.0000          |1.3121
26   |0.0004    |0.2667              |1.0000          |1.2671
29   |0.0004    |0.2667              |1.0000          |1.2671
28   |0.0488    |0.0750              |1.0000          |1.1238
33   |0.0004    |0.0417              |1.0000          |1.0421
24   |0.0004    |0.2667              |0.7527          |1.0198

Team Events (sorted, for dev use, diff check with others to ensure truly different schedules created):
------------------------------------------------------------
0, 102, 163, 178, 224, 286
1, 100, 147, 210, 277, 318
2, 101, 157, 189, 242, 303
3, 98, 143, 183, 232, 295
4, 108, 154, 208, 260, 310
5, 95, 149, 205, 249, 292
6, 97, 145, 196, 243, 297
7, 109, 153, 175, 238, 301
8, 99, 152, 187, 228, 287
9, 124, 156, 195, 247, 309
10, 119, 158, 182, 261, 322
11, 112, 164, 203, 252, 302
12, 121, 160, 174, 223, 280
13, 123, 161, 192, 231, 284
14, 120, 165, 197, 255, 316
15, 122, 151, 198, 263, 308
16, 126, 162, 193, 269, 305
17, 118, 155, 213, 276, 324
18, 59, 146, 204, 256, 294
19, 60, 148, 218, 273, 317
20, 71, 144, 214, 264, 307
22, 84, 142, 191, 236, 272
23, 54, 159, 167, 215, 274
24, 78, 130, 212, 226, 271
25, 57, 150, 200, 250, 304
26, 73, 138, 202, 220, 275
27, 61, 90, 190, 234, 282
28, 64, 96, 209, 257, 300
29, 94, 117, 219, 262, 279
30, 55, 93, 179, 222, 289
31, 69, 91, 216, 259, 298
32, 58, 87, 211, 254, 296
33, 88, 103, 221, 266, 278
34, 76, 86, 206, 229, 270
35, 56, 89, 169, 217, 283
36, 77, 116, 188, 237, 290
37, 66, 113, 184, 268, 320
38, 63, 106, 207, 267, 311
39, 62, 110, 199, 253, 291
40, 65, 114, 186, 248, 313
41, 72, 115, 185, 239, 288
42, 67, 111, 176, 230, 293
43, 68, 107, 201, 240, 281
44, 75, 125, 172, 225, 285
45, 92, 139, 173, 235, 306
46, 81, 140, 170, 251, 325
47, 74, 131, 168, 245, 315
48, 85, 141, 180, 244, 312
49, 70, 127, 177, 246, 321
50, 83, 135, 171, 233, 299
51, 82, 136, 181, 258, 323
52, 79, 137, 194, 265, 319
53, 80, 134, 166, 241, 314
