FLL Scheduler GA Summary Report (ID: 2132118885024 | Hash: 283448248049635489)

Attributes:
--------------------
rank: 0
origin: (C | TimeSlotCrossover)
mutations: 0
clones: 0
_hash: 283448248049635489
Length: 318

Fitness:
--------------------------
BreakTime           : 0.31062795876048954
LocationConsistency : 0.0
OpponentVariety     : 0.8754111684107535
-----------------------------------
Total               : 1.186039127171243
Percentage          : 39.53%

Per-Objective Statistics (Team Distribution):
-----------------------------------------------------------------
Objective                 | Min      | Max      | Avg      | Range   
-----------------------------------------------------------------
BreakTime                 | 0.0004   | 0.9193   | 0.5394   | 0.9189  
LocationConsistency       | 0.0417   | 0.9500   | 0.2585   | 0.9083  
OpponentVariety           | 0.7527   | 1.0000   | 0.9953   | 0.2473  

Team fitnesses (sorted by total fitness descending):
----------------------------------------------------
Max     : 2.623154
Min     : 0.803112
Range   : 1.820043
Average : 1.793207

Team |BreakTime |LocationConsistency |OpponentVariety |Sum
------------------------------------------------------------
40   |0.6732    |0.9500              |1.0000          |2.6232
49   |0.8925    |0.6417              |1.0000          |2.5342
46   |0.7914    |0.6417              |1.0000          |2.4331
38   |0.6273    |0.6417              |1.0000          |2.2689
53   |0.9139    |0.3500              |1.0000          |2.2639
37   |0.6044    |0.6417              |1.0000          |2.2460
11   |0.5556    |0.6417              |1.0000          |2.1973
45   |0.8865    |0.2667              |1.0000          |2.1531
48   |0.8793    |0.2667              |1.0000          |2.1460
47   |0.8672    |0.2667              |1.0000          |2.1338
24   |0.6013    |0.5250              |1.0000          |2.1263
3    |0.6329    |0.3500              |1.0000          |1.9829
51   |0.9193    |0.0500              |1.0000          |1.9693
13   |0.6158    |0.3500              |1.0000          |1.9658
52   |0.9185    |0.0417              |1.0000          |1.9602
42   |0.6764    |0.2667              |1.0000          |1.9431
12   |0.5901    |0.3500              |1.0000          |1.9401
7    |0.5719    |0.3667              |1.0000          |1.9385
36   |0.6673    |0.2667              |1.0000          |1.9339
2    |0.5640    |0.3500              |1.0000          |1.9140
50   |0.8630    |0.0500              |1.0000          |1.9130
23   |0.5397    |0.3500              |1.0000          |1.8897
9    |0.6005    |0.2667              |1.0000          |1.8672
30   |0.5133    |0.3500              |1.0000          |1.8633
43   |0.5936    |0.2667              |1.0000          |1.8603
10   |0.5920    |0.2667              |1.0000          |1.8586
34   |0.5616    |0.2667              |1.0000          |1.8282
35   |0.5515    |0.2667              |1.0000          |1.8181
16   |0.5379    |0.2667              |1.0000          |1.8046
21   |0.5082    |0.2667              |1.0000          |1.7749
26   |0.4972    |0.2667              |1.0000          |1.7639
41   |0.6637    |0.0417              |1.0000          |1.7054
39   |0.6257    |0.0750              |1.0000          |1.7007
1    |0.6485    |0.0417              |1.0000          |1.6902
5    |0.6216    |0.0667              |1.0000          |1.6883
19   |0.0004    |0.6417              |1.0000          |1.6421
4    |0.5895    |0.0500              |1.0000          |1.6395
44   |0.5809    |0.0500              |1.0000          |1.6309
18   |0.5758    |0.0500              |1.0000          |1.6258
6    |0.5474    |0.0750              |1.0000          |1.6224
8    |0.5774    |0.0417              |1.0000          |1.6190
17   |0.5619    |0.0417              |1.0000          |1.6036
15   |0.5543    |0.0417              |1.0000          |1.5960
14   |0.5389    |0.0500              |1.0000          |1.5889
32   |0.5002    |0.0500              |1.0000          |1.5502
27   |0.0475    |0.2667              |1.0000          |1.3141
25   |0.0465    |0.2667              |1.0000          |1.3132
31   |0.0004    |0.2667              |1.0000          |1.2671
28   |0.0004    |0.2667              |1.0000          |1.2671
29   |0.0488    |0.0667              |1.0000          |1.1154
20   |0.0454    |0.0417              |1.0000          |1.0871
33   |0.0045    |0.0500              |1.0000          |1.0545
22   |0.0004    |0.0500              |0.7527          |0.8031

Team Events (sorted, for dev use, diff check with others to ensure truly different schedules created):
------------------------------------------------------------
0, 103, 161, 178, 224, 286
1, 101, 145, 208, 277, 325
2, 109, 154, 175, 239, 301
3, 97, 148, 183, 232, 295
4, 100, 156, 189, 243, 303
5, 94, 142, 205, 250, 293
6, 98, 146, 196, 242, 296
7, 108, 153, 211, 255, 310
8, 96, 155, 187, 228, 287
9, 120, 163, 174, 223, 280
10, 119, 157, 195, 247, 309
11, 121, 165, 197, 261, 316
12, 124, 158, 182, 254, 321
13, 125, 152, 207, 276, 319
14, 123, 162, 192, 231, 284
15, 122, 150, 198, 263, 308
16, 113, 164, 203, 253, 302
17, 132, 160, 193, 269, 305
19, 75, 138, 202, 220, 275
20, 78, 149, 191, 236, 273
21, 58, 144, 204, 256, 294
22, 85, 131, 206, 226, 270
23, 57, 151, 200, 249, 304
24, 55, 159, 170, 215, 274
25, 71, 147, 214, 264, 307
26, 61, 143, 218, 272, 317
27, 62, 91, 216, 259, 298
28, 95, 117, 219, 262, 279
29, 67, 99, 210, 257, 300
30, 60, 90, 190, 234, 282
31, 88, 102, 221, 266, 278
32, 59, 87, 209, 260, 297
33, 76, 86, 213, 229, 271
34, 56, 89, 173, 217, 283
35, 54, 93, 179, 222, 289
36, 64, 110, 177, 230, 292
37, 68, 107, 212, 267, 311
38, 77, 116, 188, 237, 290
39, 74, 114, 184, 238, 288
40, 66, 115, 186, 251, 315
41, 72, 118, 167, 225, 285
42, 65, 112, 185, 268, 323
43, 69, 111, 199, 252, 291
44, 63, 106, 201, 240, 281
45, 92, 139, 166, 235, 306
46, 84, 137, 194, 265, 324
47, 81, 136, 180, 258, 320
48, 80, 140, 168, 233, 299
49, 70, 130, 176, 246, 322
50, 79, 134, 181, 245, 314
51, 73, 133, 172, 244, 312
52, 82, 135, 169, 248, 318
53, 83, 141, 171, 241, 313
