FLL Scheduler GA Summary Report (ID: 2132118882448 | Hash: 4862708959498236370)

Attributes:
--------------------
rank: 0
origin: (C | TimeSlotCrossover)
mutations: 0
clones: 0
_hash: 4862708959498236370
Length: 318

Fitness:
--------------------------
BreakTime           : 0.31062795876048954
LocationConsistency : 0.0
OpponentVariety     : 0.8754111684107535
-----------------------------------
Total               : 1.186039127171243
Percentage          : 39.53%

Per-Objective Statistics (Team Distribution):
-----------------------------------------------------------------
Objective                 | Min      | Max      | Avg      | Range   
-----------------------------------------------------------------
BreakTime                 | 0.0004   | 0.9193   | 0.5394   | 0.9189  
LocationConsistency       | 0.0417   | 0.6417   | 0.2219   | 0.6000  
OpponentVariety           | 0.7527   | 1.0000   | 0.9953   | 0.2473  

Team fitnesses (sorted by total fitness descending):
----------------------------------------------------
Max     : 2.388011
Min     : 1.050436
Range   : 1.337576
Average : 1.756571

Team |BreakTime |LocationConsistency |OpponentVariety |Sum
------------------------------------------------------------
48   |0.8630    |0.5250              |1.0000          |2.3880
39   |0.6257    |0.6417              |1.0000          |2.2673
2    |0.6216    |0.6417              |1.0000          |2.2633
4    |0.5640    |0.6417              |1.0000          |2.2057
47   |0.9193    |0.2667              |1.0000          |2.1860
51   |0.9185    |0.2667              |1.0000          |2.1852
45   |0.9139    |0.2667              |1.0000          |2.1805
53   |0.8925    |0.2667              |1.0000          |2.1592
49   |0.8865    |0.2667              |1.0000          |2.1531
46   |0.7914    |0.2667              |1.0000          |2.0581
38   |0.6764    |0.3500              |1.0000          |2.0264
41   |0.6732    |0.3500              |1.0000          |2.0232
43   |0.6673    |0.3500              |1.0000          |2.0173
42   |0.6044    |0.3500              |1.0000          |1.9544
25   |0.6013    |0.3500              |1.0000          |1.9513
6    |0.6005    |0.3500              |1.0000          |1.9505
9    |0.5719    |0.3667              |1.0000          |1.9385
37   |0.6637    |0.2667              |1.0000          |1.9304
50   |0.8793    |0.0500              |1.0000          |1.9293
1    |0.6485    |0.2667              |1.0000          |1.9152
52   |0.8672    |0.0417              |1.0000          |1.9088
14   |0.5543    |0.3500              |1.0000          |1.9043
15   |0.6158    |0.2667              |1.0000          |1.8825
44   |0.5936    |0.2667              |1.0000          |1.8603
36   |0.5809    |0.2667              |1.0000          |1.8476
31   |0.5616    |0.2667              |1.0000          |1.8282
11   |0.5556    |0.2667              |1.0000          |1.8223
22   |0.5082    |0.2667              |1.0000          |1.7749
5    |0.6329    |0.0500              |1.0000          |1.6829
40   |0.6273    |0.0417              |1.0000          |1.6689
10   |0.5920    |0.0667              |1.0000          |1.6586
17   |0.5901    |0.0500              |1.0000          |1.6401
8    |0.5895    |0.0417              |1.0000          |1.6312
18   |0.5758    |0.0500              |1.0000          |1.6258
7    |0.5774    |0.0417              |1.0000          |1.6190
29   |0.5515    |0.0667              |1.0000          |1.6181
12   |0.5619    |0.0417              |1.0000          |1.6036
3    |0.5474    |0.0417              |1.0000          |1.5891
13   |0.5379    |0.0500              |1.0000          |1.5879
20   |0.5397    |0.0417              |1.0000          |1.5814
16   |0.5389    |0.0417              |1.0000          |1.5806
28   |0.5133    |0.0500              |1.0000          |1.5633
26   |0.4972    |0.0500              |1.0000          |1.5472
33   |0.5002    |0.0417              |1.0000          |1.5419
21   |0.0004    |0.6417              |0.7527          |1.3948
35   |0.0045    |0.3500              |1.0000          |1.3545
32   |0.0004    |0.3500              |1.0000          |1.3504
23   |0.0465    |0.2667              |1.0000          |1.3132
34   |0.0488    |0.0667              |1.0000          |1.1154
19   |0.0454    |0.0667              |1.0000          |1.1121
27   |0.0475    |0.0417              |1.0000          |1.0891
30   |0.0004    |0.0667              |1.0000          |1.0671
24   |0.0004    |0.0500              |1.0000          |1.0504

Team Events (sorted, for dev use, diff check with others to ensure truly different schedules created):
------------------------------------------------------------
0, 107, 161, 177, 224, 293
1, 94, 156, 182, 241, 308
2, 100, 149, 198, 250, 287
3, 95, 147, 211, 271, 325
4, 102, 152, 180, 244, 301
5, 98, 153, 186, 228, 292
6, 103, 154, 208, 261, 310
7, 99, 142, 188, 232, 295
8, 97, 145, 197, 240, 297
9, 123, 163, 181, 223, 280
10, 118, 157, 194, 252, 302
11, 113, 164, 200, 246, 309
12, 121, 150, 204, 263, 303
13, 120, 162, 192, 231, 279
14, 124, 158, 189, 260, 322
15, 125, 155, 212, 270, 319
16, 122, 165, 196, 255, 316
17, 126, 160, 193, 269, 305
18, 79, 143, 190, 236, 275
19, 58, 151, 203, 249, 304
20, 85, 130, 213, 226, 276
21, 56, 146, 199, 258, 294
22, 77, 144, 214, 264, 307
23, 72, 138, 201, 220, 273
25, 61, 159, 168, 215, 272
26, 55, 148, 218, 274, 317
27, 69, 90, 216, 257, 299
28, 54, 91, 191, 234, 282
29, 60, 92, 176, 222, 290
30, 101, 117, 219, 262, 284
31, 59, 88, 172, 217, 283
32, 89, 106, 221, 266, 285
33, 57, 87, 210, 254, 296
34, 64, 96, 209, 259, 300
35, 71, 86, 206, 229, 277
36, 68, 105, 202, 243, 281
37, 74, 119, 167, 225, 278
38, 66, 112, 184, 268, 320
39, 73, 115, 185, 245, 291
40, 70, 116, 183, 237, 288
41, 65, 114, 187, 251, 313
42, 63, 104, 207, 267, 311
43, 67, 110, 178, 230, 286
44, 62, 111, 205, 247, 289
45, 81, 140, 169, 242, 315
46, 84, 136, 195, 265, 324
47, 75, 127, 173, 239, 314
48, 78, 134, 174, 238, 312
49, 93, 139, 166, 235, 306
50, 83, 141, 170, 233, 298
51, 80, 135, 171, 248, 318
52, 82, 137, 175, 256, 323
53, 76, 131, 179, 253, 321
