FLL Scheduler GA Summary Report (ID: 2132118896336 | Hash: 7465943720142891087)

Attributes:
--------------------
rank: 0
origin: (C | RoundTypeCrossover)
mutations: 0
clones: 0
_hash: 7465943720142891087
Length: 318

Fitness:
--------------------------
BreakTime           : 0.31062795876048954
LocationConsistency : 0.0
OpponentVariety     : 0.8754111684107535
-----------------------------------
Total               : 1.186039127171243
Percentage          : 39.53%

Per-Objective Statistics (Team Distribution):
-----------------------------------------------------------------
Objective                 | Min      | Max      | Avg      | Range   
-----------------------------------------------------------------
BreakTime                 | 0.0004   | 0.9193   | 0.5394   | 0.9189  
LocationConsistency       | 0.0417   | 0.6417   | 0.2291   | 0.6000  
OpponentVariety           | 0.7527   | 1.0000   | 0.9953   | 0.2473  

Team fitnesses (sorted by total fitness descending):
----------------------------------------------------
Max     : 2.504678
Min     : 1.019778
Range   : 1.484899
Average : 1.763804

Team |BreakTime |LocationConsistency |OpponentVariety |Sum
------------------------------------------------------------
48   |0.8630    |0.6417              |1.0000          |2.5047
52   |0.7914    |0.6417              |1.0000          |2.4331
43   |0.6257    |0.6417              |1.0000          |2.2673
50   |0.8793    |0.3500              |1.0000          |2.2293
18   |0.5619    |0.6417              |1.0000          |2.2036
47   |0.9193    |0.2667              |1.0000          |2.1860
46   |0.9185    |0.2667              |1.0000          |2.1852
49   |0.8925    |0.2667              |1.0000          |2.1592
51   |0.8672    |0.2667              |1.0000          |2.1338
44   |0.6732    |0.3667              |1.0000          |2.0398
24   |0.6013    |0.3667              |1.0000          |1.9680
53   |0.9139    |0.0417              |1.0000          |1.9555
38   |0.6673    |0.2667              |1.0000          |1.9339
45   |0.8865    |0.0417              |1.0000          |1.9281
1    |0.6485    |0.2667              |1.0000          |1.9152
14   |0.5543    |0.3500              |1.0000          |1.9043
8    |0.6329    |0.2667              |1.0000          |1.8995
37   |0.6273    |0.2667              |1.0000          |1.8939
25   |0.5397    |0.3500              |1.0000          |1.8897
3    |0.6216    |0.2667              |1.0000          |1.8883
36   |0.6044    |0.2667              |1.0000          |1.8710
9    |0.6005    |0.2667              |1.0000          |1.8672
15   |0.5901    |0.2667              |1.0000          |1.8568
4    |0.5895    |0.2667              |1.0000          |1.8562
41   |0.5809    |0.2667              |1.0000          |1.8476
7    |0.5719    |0.2667              |1.0000          |1.8385
27   |0.5515    |0.2667              |1.0000          |1.8181
6    |0.5474    |0.2667              |1.0000          |1.8141
34   |0.5133    |0.2667              |1.0000          |1.7800
42   |0.6764    |0.0750              |1.0000          |1.7514
39   |0.6637    |0.0417              |1.0000          |1.7054
16   |0.6158    |0.0417              |1.0000          |1.6575
30   |0.5616    |0.0750              |1.0000          |1.6366
40   |0.5936    |0.0417              |1.0000          |1.6353
10   |0.5920    |0.0417              |1.0000          |1.6336
11   |0.5758    |0.0500              |1.0000          |1.6258
5    |0.5774    |0.0417              |1.0000          |1.6190
13   |0.5389    |0.0750              |1.0000          |1.6139
2    |0.5640    |0.0417              |1.0000          |1.6057
12   |0.5556    |0.0417              |1.0000          |1.5973
17   |0.5379    |0.0500              |1.0000          |1.5879
21   |0.5082    |0.0417              |1.0000          |1.5499
33   |0.5002    |0.0417              |1.0000          |1.5419
22   |0.4972    |0.0417              |1.0000          |1.5389
28   |0.0488    |0.3667              |1.0000          |1.4154
31   |0.0475    |0.3500              |1.0000          |1.3975
19   |0.0465    |0.2667              |1.0000          |1.3132
23   |0.0454    |0.2667              |1.0000          |1.3121
35   |0.0004    |0.2667              |1.0000          |1.2671
29   |0.0004    |0.2667              |1.0000          |1.2671
26   |0.0004    |0.0667              |1.0000          |1.0671
32   |0.0045    |0.0500              |1.0000          |1.0545
20   |0.0004    |0.2667              |0.7527          |1.0198

Team Events (sorted, for dev use, diff check with others to ensure truly different schedules created):
------------------------------------------------------------
0, 105, 163, 178, 225, 286
1, 95, 144, 211, 277, 318
2, 94, 157, 189, 242, 303
3, 99, 148, 182, 235, 295
4, 103, 154, 209, 260, 310
5, 100, 142, 205, 249, 292
6, 97, 146, 196, 243, 297
7, 102, 153, 175, 238, 301
8, 98, 152, 186, 229, 287
9, 122, 160, 174, 223, 283
10, 132, 162, 193, 262, 305
11, 118, 156, 195, 247, 309
12, 125, 155, 212, 276, 324
13, 120, 161, 192, 231, 279
14, 123, 165, 197, 255, 316
15, 124, 158, 183, 261, 322
16, 121, 151, 198, 268, 308
17, 115, 164, 203, 252, 302
18, 70, 147, 220, 266, 307
19, 78, 129, 213, 226, 270
20, 56, 145, 204, 259, 294
21, 60, 143, 217, 272, 317
22, 84, 149, 191, 236, 273
23, 55, 159, 167, 221, 274
25, 58, 150, 200, 250, 304
26, 72, 136, 202, 214, 275
27, 54, 93, 179, 222, 289
28, 64, 96, 208, 258, 300
29, 101, 110, 216, 269, 284
30, 59, 91, 169, 218, 281
31, 68, 88, 219, 256, 299
32, 77, 86, 207, 228, 271
33, 57, 87, 210, 254, 296
34, 61, 89, 190, 233, 280
35, 90, 104, 215, 264, 285
36, 63, 107, 206, 265, 311
37, 76, 111, 188, 237, 290
38, 67, 117, 177, 230, 293
39, 74, 119, 172, 224, 278
40, 62, 116, 199, 253, 291
41, 69, 106, 201, 240, 282
42, 66, 114, 184, 263, 320
43, 73, 112, 185, 239, 288
44, 65, 113, 187, 248, 313
45, 92, 137, 173, 232, 306
46, 81, 141, 170, 251, 325
47, 75, 133, 168, 245, 314
48, 85, 140, 181, 244, 312
49, 71, 128, 176, 246, 321
50, 83, 134, 171, 234, 298
51, 82, 139, 180, 257, 323
52, 79, 138, 194, 267, 319
53, 80, 135, 166, 241, 315
