FLL Scheduler GA Summary Report (ID: 2132126146944 | Hash: -9141056715054990691)

Attributes:
--------------------
rank: 0
origin: (C | KPoint(k=2))
mutations: 1
clones: 0
_hash: -9141056715054990691
Length: 318

Fitness:
--------------------------
BreakTime           : 0.31062795876048954
LocationConsistency : 0.0
OpponentVariety     : 0.8754111684107535
-----------------------------------
Total               : 1.186039127171243
Percentage          : 39.53%

Per-Objective Statistics (Team Distribution):
-----------------------------------------------------------------
Objective                 | Min      | Max      | Avg      | Range   
-----------------------------------------------------------------
BreakTime                 | 0.0004   | 0.9193   | 0.5394   | 0.9189  
LocationConsistency       | 0.0417   | 0.6417   | 0.1986   | 0.6000  
OpponentVariety           | 0.7527   | 1.0000   | 0.9953   | 0.2473  

Team fitnesses (sorted by total fitness descending):
----------------------------------------------------
Max     : 2.560979
Min     : 0.794778
Range   : 1.766201
Average : 1.733301

Team |BreakTime |LocationConsistency |OpponentVariety |Sum
------------------------------------------------------------
47   |0.9193    |0.6417              |1.0000          |2.5610
50   |0.8793    |0.3500              |1.0000          |2.2293
49   |0.9139    |0.2667              |1.0000          |2.1805
53   |0.8925    |0.2667              |1.0000          |2.1592
52   |0.7914    |0.3500              |1.0000          |2.1414
51   |0.8672    |0.2667              |1.0000          |2.1338
48   |0.8630    |0.2667              |1.0000          |2.1297
37   |0.6764    |0.3500              |1.0000          |2.0264
11   |0.6158    |0.3667              |1.0000          |1.9825
46   |0.9185    |0.0417              |1.0000          |1.9602
38   |0.6044    |0.3500              |1.0000          |1.9544
40   |0.6732    |0.2667              |1.0000          |1.9398
2    |0.5895    |0.3500              |1.0000          |1.9395
45   |0.8865    |0.0417              |1.0000          |1.9281
17   |0.5758    |0.3500              |1.0000          |1.9258
8    |0.6329    |0.2667              |1.0000          |1.8995
41   |0.6257    |0.2667              |1.0000          |1.8923
39   |0.5936    |0.2667              |1.0000          |1.8603
18   |0.5901    |0.2667              |1.0000          |1.8568
43   |0.5809    |0.2667              |1.0000          |1.8476
7    |0.5719    |0.2667              |1.0000          |1.8385
6    |0.5640    |0.2667              |1.0000          |1.8307
12   |0.5619    |0.2667              |1.0000          |1.8286
14   |0.5543    |0.2667              |1.0000          |1.8210
33   |0.5515    |0.2667              |1.0000          |1.8181
4    |0.5474    |0.2667              |1.0000          |1.8141
34   |0.5133    |0.2667              |1.0000          |1.7800
31   |0.5002    |0.2667              |1.0000          |1.7669
42   |0.6673    |0.0500              |1.0000          |1.7173
44   |0.6637    |0.0417              |1.0000          |1.7054
36   |0.6273    |0.0667              |1.0000          |1.6939
1    |0.6485    |0.0417              |1.0000          |1.6902
5    |0.6216    |0.0667              |1.0000          |1.6883
9    |0.6005    |0.0750              |1.0000          |1.6755
21   |0.6013    |0.0417              |1.0000          |1.6430
13   |0.5920    |0.0417              |1.0000          |1.6336
27   |0.5616    |0.0667              |1.0000          |1.6282
10   |0.5556    |0.0667              |1.0000          |1.6223
3    |0.5774    |0.0417              |1.0000          |1.6190
15   |0.5389    |0.0750              |1.0000          |1.6139
19   |0.5397    |0.0500              |1.0000          |1.5897
16   |0.5379    |0.0500              |1.0000          |1.5879
28   |0.0475    |0.5250              |1.0000          |1.5725
20   |0.5082    |0.0417              |1.0000          |1.5499
26   |0.4972    |0.0417              |1.0000          |1.5389
22   |0.0004    |0.3500              |1.0000          |1.3504
35   |0.0004    |0.2667              |1.0000          |1.2671
30   |0.0004    |0.2667              |1.0000          |1.2671
29   |0.0488    |0.0500              |1.0000          |1.0988
25   |0.0465    |0.0500              |1.0000          |1.0965
23   |0.0454    |0.0500              |1.0000          |1.0954
32   |0.0045    |0.0750              |1.0000          |1.0795
24   |0.0004    |0.0417              |0.7527          |0.7948

Team Events (sorted, for dev use, diff check with others to ensure truly different schedules created):
------------------------------------------------------------
0, 105, 163, 178, 224, 286
1, 97, 143, 183, 235, 295
2, 103, 154, 208, 260, 310
3, 94, 149, 205, 249, 292
4, 101, 157, 188, 242, 303
5, 100, 147, 211, 277, 318
6, 98, 145, 196, 243, 297
7, 102, 153, 175, 238, 301
8, 96, 152, 186, 226, 287
9, 124, 156, 195, 247, 309
10, 118, 158, 182, 261, 322
11, 113, 164, 203, 252, 302
12, 122, 160, 174, 223, 283
13, 120, 161, 192, 236, 279
14, 119, 155, 212, 276, 324
15, 121, 151, 198, 262, 308
16, 132, 162, 193, 268, 305
17, 123, 165, 197, 255, 316
19, 57, 150, 200, 250, 304
20, 59, 146, 204, 256, 294
21, 60, 159, 169, 221, 275
22, 73, 138, 202, 214, 274
23, 84, 142, 191, 231, 273
24, 78, 129, 213, 228, 271
25, 70, 144, 220, 267, 307
26, 55, 148, 217, 272, 317
27, 56, 88, 167, 218, 281
28, 68, 91, 219, 259, 299
29, 64, 99, 209, 257, 300
30, 95, 117, 216, 263, 284
31, 58, 92, 210, 254, 296
32, 77, 93, 206, 227, 270
33, 61, 86, 179, 222, 289
34, 54, 90, 190, 233, 280
35, 89, 104, 215, 265, 285
36, 76, 116, 189, 230, 290
37, 66, 112, 184, 269, 320
38, 63, 107, 207, 264, 311
39, 62, 111, 199, 253, 291
40, 65, 114, 187, 248, 313
41, 72, 115, 185, 239, 288
42, 67, 110, 177, 237, 293
43, 69, 106, 201, 240, 282
44, 75, 125, 172, 225, 278
45, 87, 139, 173, 232, 306
46, 81, 135, 170, 251, 325
47, 74, 133, 166, 245, 314
48, 85, 134, 181, 244, 312
49, 80, 140, 168, 241, 315
50, 83, 141, 171, 234, 298
51, 82, 137, 180, 258, 323
52, 79, 136, 194, 266, 319
53, 71, 128, 176, 246, 321
