FLL Scheduler GA Summary Report (ID: 2132126138880 | Hash: 3464710855335832526)

Attributes:
--------------------
rank: 0
origin: (C | RoundTypeCrossover)
mutations: 0
clones: 0
_hash: 3464710855335832526
Length: 318

Fitness:
--------------------------
BreakTime           : 0.31062795876048954
LocationConsistency : 0.0
OpponentVariety     : 0.8754111684107535
-----------------------------------
Total               : 1.186039127171243
Percentage          : 39.53%

Per-Objective Statistics (Team Distribution):
-----------------------------------------------------------------
Objective                 | Min      | Max      | Avg      | Range   
-----------------------------------------------------------------
BreakTime                 | 0.0004   | 0.9193   | 0.5394   | 0.9189  
LocationConsistency       | 0.0417   | 0.6417   | 0.2090   | 0.6000  
OpponentVariety           | 0.7527   | 1.0000   | 0.9953   | 0.2473  

Team fitnesses (sorted by total fitness descending):
----------------------------------------------------
Max     : 2.267338
Min     : 1.050419
Range   : 1.216919
Average : 1.743678

Team |BreakTime |LocationConsistency |OpponentVariety |Sum
------------------------------------------------------------
40   |0.6257    |0.6417              |1.0000          |2.2673
45   |0.9139    |0.3500              |1.0000          |2.2639
51   |0.9193    |0.2667              |1.0000          |2.1860
53   |0.8865    |0.2667              |1.0000          |2.1531
48   |0.8793    |0.2667              |1.0000          |2.1460
50   |0.8630    |0.2667              |1.0000          |2.1297
41   |0.6732    |0.3667              |1.0000          |2.0398
36   |0.6764    |0.3500              |1.0000          |2.0264
16   |0.6158    |0.3667              |1.0000          |1.9825
46   |0.9185    |0.0417              |1.0000          |1.9602
12   |0.5901    |0.3500              |1.0000          |1.9401
4    |0.5895    |0.3500              |1.0000          |1.9395
49   |0.8925    |0.0417              |1.0000          |1.9342
34   |0.5616    |0.3667              |1.0000          |1.9282
47   |0.8672    |0.0500              |1.0000          |1.9172
14   |0.5543    |0.3500              |1.0000          |1.9043
9    |0.6329    |0.2667              |1.0000          |1.8995
20   |0.5397    |0.3500              |1.0000          |1.8897
3    |0.6216    |0.2667              |1.0000          |1.8883
17   |0.5379    |0.3500              |1.0000          |1.8879
44   |0.5936    |0.2667              |1.0000          |1.8603
38   |0.5809    |0.2667              |1.0000          |1.8476
18   |0.5758    |0.2667              |1.0000          |1.8424
5    |0.5719    |0.2667              |1.0000          |1.8385
52   |0.7914    |0.0417              |1.0000          |1.8331
15   |0.5619    |0.2667              |1.0000          |1.8286
11   |0.5556    |0.2667              |1.0000          |1.8223
6    |0.5474    |0.2667              |1.0000          |1.8141
32   |0.5002    |0.2667              |1.0000          |1.7669
43   |0.6673    |0.0500              |1.0000          |1.7173
39   |0.6637    |0.0417              |1.0000          |1.7054
37   |0.6273    |0.0667              |1.0000          |1.6939
1    |0.6485    |0.0417              |1.0000          |1.6902
22   |0.6013    |0.0750              |1.0000          |1.6763
10   |0.5920    |0.0667              |1.0000          |1.6586
42   |0.6044    |0.0500              |1.0000          |1.6544
7    |0.6005    |0.0500              |1.0000          |1.6505
8    |0.5774    |0.0500              |1.0000          |1.6274
13   |0.5389    |0.0750              |1.0000          |1.6139
2    |0.5640    |0.0417              |1.0000          |1.6057
35   |0.5515    |0.0417              |1.0000          |1.5931
24   |0.5082    |0.0667              |1.0000          |1.5749
23   |0.4972    |0.0667              |1.0000          |1.5639
30   |0.5133    |0.0500              |1.0000          |1.5633
25   |0.0004    |0.6417              |0.7527          |1.3948
33   |0.0045    |0.3667              |1.0000          |1.3711
28   |0.0004    |0.3667              |1.0000          |1.3671
27   |0.0475    |0.2667              |1.0000          |1.3141
19   |0.0004    |0.2667              |1.0000          |1.2671
29   |0.0488    |0.0667              |1.0000          |1.1154
21   |0.0454    |0.0667              |1.0000          |1.1121
26   |0.0465    |0.0500              |1.0000          |1.0965
31   |0.0004    |0.0500              |1.0000          |1.0504

Team Events (sorted, for dev use, diff check with others to ensure truly different schedules created):
------------------------------------------------------------
0, 102, 161, 180, 224, 293
1, 100, 146, 211, 277, 318
2, 101, 156, 189, 241, 302
3, 97, 143, 183, 234, 295
4, 98, 145, 196, 240, 297
5, 94, 149, 205, 250, 287
6, 96, 153, 187, 228, 292
7, 108, 154, 209, 254, 310
8, 109, 152, 175, 244, 301
9, 122, 162, 174, 223, 283
10, 124, 157, 195, 247, 308
11, 123, 164, 197, 261, 316
12, 118, 155, 212, 276, 324
13, 121, 163, 193, 231, 279
14, 113, 165, 203, 253, 303
15, 119, 159, 182, 255, 322
16, 120, 150, 198, 262, 309
17, 132, 160, 192, 269, 305
19, 72, 138, 202, 220, 275
20, 56, 151, 200, 249, 304
21, 78, 142, 191, 236, 273
22, 54, 158, 170, 215, 274
23, 60, 148, 218, 272, 317
24, 59, 147, 204, 256, 294
25, 85, 130, 213, 226, 270
26, 76, 144, 214, 266, 306
27, 62, 90, 216, 258, 299
28, 95, 111, 219, 263, 284
29, 67, 99, 208, 257, 300
30, 61, 91, 190, 233, 281
31, 88, 103, 221, 265, 285
32, 58, 86, 210, 260, 296
33, 71, 87, 206, 229, 271
34, 57, 89, 172, 217, 280
35, 55, 93, 179, 222, 290
36, 65, 112, 184, 268, 320
37, 70, 110, 188, 237, 288
38, 63, 106, 201, 243, 282
39, 75, 125, 167, 225, 278
40, 73, 115, 185, 245, 291
41, 66, 114, 186, 251, 313
42, 68, 107, 207, 264, 311
43, 64, 117, 177, 230, 286
44, 69, 116, 199, 252, 289
45, 83, 141, 171, 242, 314
46, 82, 135, 169, 248, 325
47, 81, 136, 181, 259, 323
48, 80, 140, 168, 235, 298
49, 77, 131, 176, 246, 321
50, 79, 134, 178, 238, 312
51, 74, 133, 173, 239, 315
52, 84, 137, 194, 267, 319
53, 92, 139, 166, 232, 307
