FLL Scheduler GA Summary Report (ID: 2132118889952 | Hash: -3273065269405873372)

Attributes:
--------------------
rank: 0
origin: (C | KPoint(k=3))
mutations: 0
clones: 0
_hash: -3273065269405873372
Length: 318

Fitness:
--------------------------
BreakTime           : 0.31062795876048954
LocationConsistency : 0.0
OpponentVariety     : 0.8754111684107535
-----------------------------------
Total               : 1.186039127171243
Percentage          : 39.53%

Per-Objective Statistics (Team Distribution):
-----------------------------------------------------------------
Objective                 | Min      | Max      | Avg      | Range   
-----------------------------------------------------------------
BreakTime                 | 0.0004   | 0.9193   | 0.5394   | 0.9189  
LocationConsistency       | 0.0417   | 0.6417   | 0.2097   | 0.6000  
OpponentVariety           | 0.7527   | 1.0000   | 0.9953   | 0.2473  

Team fitnesses (sorted by total fitness descending):
----------------------------------------------------
Max     : 2.560213
Min     : 0.794778
Range   : 1.765434
Average : 1.744464

Team |BreakTime |LocationConsistency |OpponentVariety |Sum
------------------------------------------------------------
46   |0.9185    |0.6417              |1.0000          |2.5602
51   |0.8672    |0.6417              |1.0000          |2.5088
52   |0.7914    |0.6417              |1.0000          |2.4331
43   |0.6257    |0.6417              |1.0000          |2.2673
49   |0.8925    |0.2667              |1.0000          |2.1592
53   |0.9139    |0.0750              |1.0000          |1.9889
3    |0.6329    |0.3500              |1.0000          |1.9829
47   |0.9193    |0.0417              |1.0000          |1.9610
36   |0.6044    |0.3500              |1.0000          |1.9544
50   |0.8793    |0.0500              |1.0000          |1.9293
45   |0.8865    |0.0417              |1.0000          |1.9281
10   |0.5556    |0.3667              |1.0000          |1.9223
1    |0.6485    |0.2667              |1.0000          |1.9152
48   |0.8630    |0.0500              |1.0000          |1.9130
14   |0.5619    |0.3500              |1.0000          |1.9119
5    |0.6216    |0.2667              |1.0000          |1.8883
9    |0.6005    |0.2667              |1.0000          |1.8672
12   |0.5901    |0.2667              |1.0000          |1.8568
4    |0.5895    |0.2667              |1.0000          |1.8562
8    |0.5774    |0.2667              |1.0000          |1.8440
16   |0.5758    |0.2667              |1.0000          |1.8424
7    |0.5719    |0.2667              |1.0000          |1.8385
6    |0.5474    |0.2667              |1.0000          |1.8141
17   |0.5389    |0.2667              |1.0000          |1.8056
30   |0.5133    |0.2667              |1.0000          |1.7800
20   |0.5082    |0.2667              |1.0000          |1.7749
27   |0.5002    |0.2667              |1.0000          |1.7669
40   |0.6732    |0.0750              |1.0000          |1.7482
42   |0.6764    |0.0667              |1.0000          |1.7431
38   |0.6673    |0.0500              |1.0000          |1.7173
39   |0.6637    |0.0417              |1.0000          |1.7054
37   |0.6273    |0.0417              |1.0000          |1.6689
15   |0.6158    |0.0417              |1.0000          |1.6575
24   |0.6013    |0.0417              |1.0000          |1.6430
44   |0.5936    |0.0417              |1.0000          |1.6353
11   |0.5920    |0.0417              |1.0000          |1.6336
41   |0.5809    |0.0500              |1.0000          |1.6309
2    |0.5640    |0.0500              |1.0000          |1.6140
18   |0.5543    |0.0500              |1.0000          |1.6043
34   |0.5616    |0.0417              |1.0000          |1.6032
35   |0.5515    |0.0417              |1.0000          |1.5931
23   |0.5397    |0.0500              |1.0000          |1.5897
13   |0.5379    |0.0417              |1.0000          |1.5796
25   |0.4972    |0.0750              |1.0000          |1.5722
19   |0.0454    |0.3500              |1.0000          |1.3954
28   |0.0004    |0.3667              |1.0000          |1.3671
33   |0.0045    |0.3500              |1.0000          |1.3545
21   |0.0004    |0.3500              |1.0000          |1.3504
32   |0.0475    |0.2667              |1.0000          |1.3141
26   |0.0465    |0.2667              |1.0000          |1.3132
31   |0.0004    |0.2667              |1.0000          |1.2671
29   |0.0488    |0.0417              |1.0000          |1.0904
22   |0.0004    |0.0417              |0.7527          |0.7948

Team Events (sorted, for dev use, diff check with others to ensure truly different schedules created):
------------------------------------------------------------
0, 102, 161, 178, 224, 286
1, 100, 147, 210, 277, 325
2, 109, 155, 175, 239, 301
3, 96, 143, 182, 235, 295
4, 101, 150, 189, 243, 303
5, 95, 149, 205, 249, 292
6, 98, 145, 196, 242, 296
7, 108, 153, 208, 260, 310
8, 97, 154, 186, 228, 287
9, 119, 151, 195, 247, 309
10, 121, 163, 174, 223, 280
11, 120, 165, 197, 254, 316
12, 122, 157, 198, 263, 308
13, 115, 164, 203, 251, 302
14, 124, 158, 183, 261, 321
15, 127, 160, 192, 269, 305
16, 125, 152, 213, 276, 319
17, 123, 162, 193, 236, 284
18, 79, 142, 191, 231, 272
19, 59, 146, 204, 259, 294
20, 72, 138, 202, 214, 274
21, 83, 129, 212, 226, 271
22, 57, 156, 200, 253, 304
23, 54, 159, 169, 220, 275
25, 60, 148, 217, 273, 317
26, 70, 144, 221, 264, 307
27, 58, 87, 211, 255, 297
28, 94, 110, 216, 262, 279
29, 64, 99, 209, 258, 300
30, 61, 90, 190, 233, 282
31, 88, 103, 215, 266, 278
32, 69, 91, 219, 256, 298
33, 76, 86, 206, 229, 270
34, 56, 89, 166, 218, 283
35, 55, 93, 179, 222, 289
36, 63, 106, 207, 267, 311
37, 77, 111, 188, 230, 290
38, 67, 116, 177, 237, 293
39, 74, 118, 172, 225, 285
40, 65, 113, 187, 248, 315
41, 68, 107, 201, 240, 281
42, 66, 114, 184, 268, 323
43, 73, 112, 185, 238, 288
44, 62, 117, 199, 250, 291
45, 92, 139, 173, 232, 306
46, 84, 134, 170, 252, 318
47, 75, 126, 167, 244, 312
48, 78, 135, 181, 245, 314
49, 71, 128, 176, 246, 322
50, 80, 140, 171, 234, 299
51, 81, 136, 180, 257, 320
52, 82, 137, 194, 265, 324
53, 85, 141, 168, 241, 313
