FLL Scheduler GA Summary Report (ID: 2132111937200 | Hash: 1558395319949294988)

Attributes:
--------------------
rank: 0
origin: (C | TimeSlotCrossover)
mutations: 0
clones: 0
_hash: 1558395319949294988
Length: 318

Fitness:
--------------------------
BreakTime           : 0.31062795876048954
LocationConsistency : 0.0
OpponentVariety     : 0.8754111684107535
-----------------------------------
Total               : 1.186039127171243
Percentage          : 39.53%

Per-Objective Statistics (Team Distribution):
-----------------------------------------------------------------
Objective                 | Min      | Max      | Avg      | Range   
-----------------------------------------------------------------
BreakTime                 | 0.0004   | 0.9193   | 0.5394   | 0.9189  
LocationConsistency       | 0.0417   | 0.6417   | 0.2082   | 0.6000  
OpponentVariety           | 0.7527   | 1.0000   | 0.9953   | 0.2473  

Team fitnesses (sorted by total fitness descending):
----------------------------------------------------
Max     : 2.267338
Min     : 0.803112
Range   : 1.464226
Average : 1.742892

Team |BreakTime |LocationConsistency |OpponentVariety |Sum
------------------------------------------------------------
41   |0.6257    |0.6417              |1.0000          |2.2673
50   |0.8793    |0.3500              |1.0000          |2.2293
12   |0.5619    |0.6417              |1.0000          |2.2036
33   |0.5133    |0.6417              |1.0000          |2.1550
52   |0.7914    |0.3500              |1.0000          |2.1414
51   |0.8672    |0.2667              |1.0000          |2.1338
48   |0.8630    |0.2667              |1.0000          |2.1297
40   |0.6732    |0.3667              |1.0000          |2.0398
42   |0.6673    |0.3500              |1.0000          |2.0173
47   |0.9193    |0.0417              |1.0000          |1.9610
46   |0.9185    |0.0417              |1.0000          |1.9602
49   |0.9139    |0.0417              |1.0000          |1.9555
2    |0.6005    |0.3500              |1.0000          |1.9505
7    |0.5719    |0.3667              |1.0000          |1.9385
53   |0.8925    |0.0417              |1.0000          |1.9342
45   |0.8865    |0.0417              |1.0000          |1.9281
4    |0.5640    |0.3500              |1.0000          |1.9140
1    |0.6329    |0.2667              |1.0000          |1.8995
36   |0.6273    |0.2667              |1.0000          |1.8939
25   |0.5397    |0.3500              |1.0000          |1.8897
5    |0.6216    |0.2667              |1.0000          |1.8883
11   |0.6158    |0.2667              |1.0000          |1.8825
38   |0.6044    |0.2667              |1.0000          |1.8710
23   |0.6013    |0.2667              |1.0000          |1.8680
18   |0.5901    |0.2667              |1.0000          |1.8568
8    |0.5895    |0.2667              |1.0000          |1.8562
43   |0.5809    |0.2667              |1.0000          |1.8476
14   |0.5543    |0.2667              |1.0000          |1.8210
6    |0.5474    |0.2667              |1.0000          |1.8141
19   |0.5082    |0.2667              |1.0000          |1.7749
37   |0.6764    |0.0750              |1.0000          |1.7514
44   |0.6637    |0.0417              |1.0000          |1.7054
9    |0.6485    |0.0417              |1.0000          |1.6902
21   |0.0004    |0.6417              |1.0000          |1.6421
28   |0.5616    |0.0750              |1.0000          |1.6366
39   |0.5936    |0.0417              |1.0000          |1.6353
13   |0.5920    |0.0417              |1.0000          |1.6336
17   |0.5758    |0.0500              |1.0000          |1.6258
10   |0.5556    |0.0667              |1.0000          |1.6223
3    |0.5774    |0.0417              |1.0000          |1.6190
35   |0.5515    |0.0667              |1.0000          |1.6181
15   |0.5389    |0.0500              |1.0000          |1.5889
16   |0.5379    |0.0500              |1.0000          |1.5879
26   |0.4972    |0.0667              |1.0000          |1.5639
32   |0.5002    |0.0417              |1.0000          |1.5419
29   |0.0488    |0.3667              |1.0000          |1.4154
31   |0.0004    |0.2667              |1.0000          |1.2671
27   |0.0475    |0.0750              |1.0000          |1.1225
20   |0.0465    |0.0500              |1.0000          |1.0965
22   |0.0454    |0.0500              |1.0000          |1.0954
30   |0.0045    |0.0417              |1.0000          |1.0461
34   |0.0004    |0.0417              |1.0000          |1.0421
24   |0.0004    |0.0500              |0.7527          |0.8031

Team Events (sorted, for dev use, diff check with others to ensure truly different schedules created):
------------------------------------------------------------
0, 102, 153, 175, 238, 301
1, 98, 152, 186, 226, 287
2, 103, 154, 209, 260, 310
3, 95, 147, 211, 270, 318
4, 94, 157, 189, 242, 303
5, 101, 142, 205, 249, 292
6, 97, 145, 196, 243, 297
7, 99, 148, 182, 235, 295
8, 105, 163, 178, 224, 286
9, 124, 156, 195, 247, 309
10, 119, 158, 183, 261, 322
11, 115, 164, 203, 252, 302
12, 122, 160, 174, 223, 283
13, 120, 161, 192, 236, 279
14, 118, 155, 212, 271, 324
15, 121, 151, 198, 262, 308
16, 127, 162, 193, 268, 305
17, 123, 165, 197, 255, 316
18, 56, 146, 204, 256, 294
19, 70, 144, 220, 267, 307
20, 72, 138, 202, 214, 272
21, 84, 149, 191, 231, 274
23, 60, 159, 167, 221, 273
24, 78, 130, 213, 228, 277
25, 58, 150, 200, 250, 304
26, 55, 143, 217, 275, 317
27, 69, 88, 219, 259, 299
28, 59, 91, 169, 218, 281
29, 64, 96, 208, 257, 300
30, 77, 86, 207, 227, 276
31, 100, 110, 216, 263, 284
32, 57, 87, 210, 254, 296
33, 54, 89, 190, 233, 280
34, 90, 104, 215, 265, 285
35, 61, 93, 179, 222, 289
36, 76, 111, 188, 230, 290
37, 66, 114, 184, 269, 320
38, 63, 107, 206, 264, 311
39, 62, 116, 199, 253, 291
40, 65, 113, 187, 248, 313
41, 73, 112, 185, 239, 288
42, 67, 117, 177, 237, 293
43, 68, 106, 201, 240, 282
44, 74, 125, 172, 225, 278
45, 92, 139, 173, 232, 306
46, 81, 135, 170, 251, 325
47, 75, 126, 168, 245, 314
48, 85, 134, 181, 244, 312
49, 80, 140, 166, 241, 315
50, 83, 141, 171, 234, 298
51, 82, 137, 180, 258, 323
52, 79, 136, 194, 266, 319
53, 71, 131, 176, 246, 321
