FLL Scheduler GA Summary Report (ID: 2132037133456 | Hash: 4541029029139617213)

Attributes:
--------------------
rank: 0
origin: (C | KPoint(k=2))
mutations: 0
clones: 0
_hash: 4541029029139617213
Length: 318

Fitness:
--------------------------
BreakTime           : 0.31062795876048954
LocationConsistency : 0.0
OpponentVariety     : 0.8754111684107535
-----------------------------------
Total               : 1.186039127171243
Percentage          : 39.53%

Per-Objective Statistics (Team Distribution):
-----------------------------------------------------------------
Objective                 | Min      | Max      | Avg      | Range   
-----------------------------------------------------------------
BreakTime                 | 0.0004   | 0.9193   | 0.5394   | 0.9189  
LocationConsistency       | 0.0417   | 0.9500   | 0.2206   | 0.9083  
OpponentVariety           | 0.7527   | 1.0000   | 0.9953   | 0.2473  

Team fitnesses (sorted by total fitness descending):
----------------------------------------------------
Max     : 2.623154
Min     : 1.019778
Range   : 1.603376
Average : 1.755313

Team |BreakTime |LocationConsistency |OpponentVariety |Sum
------------------------------------------------------------
40   |0.6732    |0.9500              |1.0000          |2.6232
45   |0.8865    |0.6417              |1.0000          |2.5281
48   |0.8630    |0.5250              |1.0000          |2.3880
47   |0.9193    |0.3500              |1.0000          |2.2693
36   |0.6044    |0.6417              |1.0000          |2.2460
52   |0.9185    |0.2667              |1.0000          |2.1852
53   |0.9139    |0.2667              |1.0000          |2.1805
50   |0.8793    |0.2667              |1.0000          |2.1460
38   |0.6764    |0.3500              |1.0000          |2.0264
41   |0.6673    |0.3500              |1.0000          |2.0173
6    |0.6005    |0.3500              |1.0000          |1.9505
9    |0.5895    |0.3500              |1.0000          |1.9395
8    |0.5719    |0.3667              |1.0000          |1.9385
49   |0.8925    |0.0417              |1.0000          |1.9342
11   |0.5556    |0.3667              |1.0000          |1.9223
1    |0.6485    |0.2667              |1.0000          |1.9152
51   |0.8672    |0.0417              |1.0000          |1.9088
39   |0.6257    |0.2667              |1.0000          |1.8923
2    |0.6216    |0.2667              |1.0000          |1.8883
44   |0.5936    |0.2667              |1.0000          |1.8603
10   |0.5920    |0.2667              |1.0000          |1.8586
42   |0.5809    |0.2667              |1.0000          |1.8476
7    |0.5774    |0.2667              |1.0000          |1.8440
46   |0.7914    |0.0417              |1.0000          |1.8331
4    |0.5640    |0.2667              |1.0000          |1.8307
23   |0.5397    |0.2667              |1.0000          |1.8064
24   |0.5082    |0.2667              |1.0000          |1.7749
27   |0.5002    |0.2667              |1.0000          |1.7669
43   |0.6637    |0.0500              |1.0000          |1.7137
26   |0.0454    |0.6417              |1.0000          |1.6871
5    |0.6329    |0.0500              |1.0000          |1.6829
15   |0.6158    |0.0667              |1.0000          |1.6825
37   |0.6273    |0.0500              |1.0000          |1.6773
25   |0.6013    |0.0667              |1.0000          |1.6680
18   |0.5901    |0.0500              |1.0000          |1.6401
32   |0.5616    |0.0667              |1.0000          |1.6282
16   |0.5758    |0.0500              |1.0000          |1.6258
14   |0.5543    |0.0667              |1.0000          |1.6210
17   |0.5389    |0.0750              |1.0000          |1.6139
12   |0.5619    |0.0500              |1.0000          |1.6119
31   |0.5515    |0.0417              |1.0000          |1.5931
3    |0.5474    |0.0417              |1.0000          |1.5891
13   |0.5379    |0.0500              |1.0000          |1.5879
21   |0.4972    |0.0667              |1.0000          |1.5639
33   |0.5133    |0.0500              |1.0000          |1.5633
22   |0.0465    |0.2667              |1.0000          |1.3132
35   |0.0045    |0.2667              |1.0000          |1.2711
34   |0.0488    |0.0667              |1.0000          |1.1154
29   |0.0475    |0.0417              |1.0000          |1.0891
28   |0.0004    |0.0667              |1.0000          |1.0671
20   |0.0004    |0.0417              |1.0000          |1.0421
30   |0.0004    |0.0417              |1.0000          |1.0421
19   |0.0004    |0.2667              |0.7527          |1.0198

Team Events (sorted, for dev use, diff check with others to ensure truly different schedules created):
------------------------------------------------------------
0, 105, 162, 177, 224, 293
1, 94, 156, 188, 241, 303
2, 100, 149, 198, 250, 287
3, 95, 147, 211, 277, 318
4, 102, 152, 180, 244, 301
5, 98, 153, 186, 228, 292
6, 103, 154, 208, 261, 311
7, 97, 145, 197, 240, 297
8, 99, 143, 183, 232, 295
9, 123, 160, 181, 223, 280
10, 125, 157, 194, 252, 309
11, 113, 164, 200, 246, 302
12, 120, 150, 204, 263, 308
13, 121, 161, 192, 231, 284
14, 119, 159, 182, 260, 322
15, 126, 163, 193, 269, 305
16, 118, 155, 212, 276, 324
17, 122, 165, 196, 255, 316
19, 85, 129, 213, 226, 270
20, 72, 138, 201, 220, 275
21, 60, 148, 218, 272, 317
22, 77, 144, 214, 264, 307
23, 57, 151, 203, 249, 304
24, 59, 146, 199, 259, 294
25, 54, 158, 168, 215, 274
26, 79, 142, 190, 236, 271
27, 58, 87, 210, 254, 296
28, 101, 117, 219, 262, 279
29, 69, 90, 216, 257, 299
30, 89, 104, 221, 266, 278
31, 55, 93, 176, 222, 290
32, 56, 88, 166, 217, 283
33, 61, 91, 191, 234, 282
34, 64, 96, 209, 258, 300
35, 71, 86, 206, 229, 273
36, 63, 107, 207, 267, 310
37, 70, 116, 189, 237, 288
38, 66, 112, 184, 268, 320
39, 73, 114, 185, 245, 291
40, 65, 115, 187, 251, 313
41, 67, 110, 178, 230, 286
42, 68, 106, 202, 243, 281
43, 74, 124, 173, 225, 285
44, 62, 111, 205, 247, 289
45, 92, 139, 172, 235, 306
46, 84, 136, 195, 265, 319
47, 75, 127, 167, 239, 314
48, 78, 134, 174, 238, 312
49, 76, 128, 179, 253, 321
50, 83, 141, 171, 233, 298
51, 82, 137, 175, 256, 323
52, 80, 135, 170, 248, 325
53, 81, 140, 169, 242, 315
