FLL Scheduler GA Summary Report (ID: 2132111933840 | Hash: -7047653550480985614)

Attributes:
--------------------
rank: 0
origin: (C | KPoint(k=2))
mutations: 1
clones: 0
_hash: -7047653550480985614
Length: 318

Fitness:
--------------------------
BreakTime           : 0.31062795876048954
LocationConsistency : 0.0
OpponentVariety     : 0.8754111684107535
-----------------------------------
Total               : 1.186039127171243
Percentage          : 39.53%

Per-Objective Statistics (Team Distribution):
-----------------------------------------------------------------
Objective                 | Min      | Max      | Avg      | Range   
-----------------------------------------------------------------
BreakTime                 | 0.0004   | 0.9193   | 0.5394   | 0.9189  
LocationConsistency       | 0.0417   | 0.9500   | 0.2491   | 0.9083  
OpponentVariety           | 0.7527   | 1.0000   | 0.9953   | 0.2473  

Team fitnesses (sorted by total fitness descending):
----------------------------------------------------
Max     : 2.626392
Min     : 1.019778
Range   : 1.606613
Average : 1.783773

Team |BreakTime |LocationConsistency |OpponentVariety |Sum
------------------------------------------------------------
42   |0.6764    |0.9500              |1.0000          |2.6264
52   |0.8630    |0.3667              |1.0000          |2.2297
46   |0.9139    |0.2667              |1.0000          |2.1805
35   |0.5133    |0.6417              |1.0000          |2.1550
48   |0.8865    |0.2667              |1.0000          |2.1531
47   |0.8793    |0.2667              |1.0000          |2.1460
49   |0.8672    |0.2667              |1.0000          |2.1338
53   |0.7914    |0.2667              |1.0000          |2.0581
25   |0.6013    |0.3667              |1.0000          |1.9680
51   |0.9193    |0.0417              |1.0000          |1.9610
50   |0.9185    |0.0417              |1.0000          |1.9602
45   |0.8925    |0.0667              |1.0000          |1.9592
29   |0.0045    |0.9500              |1.0000          |1.9545
7    |0.6005    |0.3500              |1.0000          |1.9505
39   |0.5936    |0.3500              |1.0000          |1.9436
40   |0.6732    |0.2667              |1.0000          |1.9398
41   |0.5809    |0.3500              |1.0000          |1.9309
44   |0.6637    |0.2667              |1.0000          |1.9304
9    |0.6485    |0.2667              |1.0000          |1.9152
14   |0.5543    |0.3500              |1.0000          |1.9043
2    |0.6329    |0.2667              |1.0000          |1.8995
43   |0.6257    |0.2667              |1.0000          |1.8923
5    |0.6216    |0.2667              |1.0000          |1.8883
16   |0.6158    |0.2667              |1.0000          |1.8825
6    |0.5895    |0.2667              |1.0000          |1.8562
33   |0.5002    |0.3500              |1.0000          |1.8502
11   |0.5758    |0.2667              |1.0000          |1.8424
3    |0.5640    |0.2667              |1.0000          |1.8307
17   |0.5619    |0.2667              |1.0000          |1.8286
31   |0.5616    |0.2667              |1.0000          |1.8282
10   |0.5556    |0.2667              |1.0000          |1.8223
30   |0.5515    |0.2667              |1.0000          |1.8181
4    |0.5474    |0.2667              |1.0000          |1.8141
24   |0.5397    |0.2667              |1.0000          |1.8064
21   |0.5082    |0.2667              |1.0000          |1.7749
36   |0.6673    |0.0500              |1.0000          |1.7173
38   |0.6044    |0.0750              |1.0000          |1.6794
37   |0.6273    |0.0500              |1.0000          |1.6773
13   |0.5920    |0.0667              |1.0000          |1.6586
12   |0.5901    |0.0500              |1.0000          |1.6401
1    |0.5719    |0.0500              |1.0000          |1.6219
8    |0.5774    |0.0417              |1.0000          |1.6190
18   |0.5389    |0.0750              |1.0000          |1.6139
15   |0.5379    |0.0750              |1.0000          |1.6129
20   |0.4972    |0.0750              |1.0000          |1.5722
27   |0.0488    |0.3667              |1.0000          |1.4154
28   |0.0475    |0.3500              |1.0000          |1.3975
22   |0.0465    |0.3500              |1.0000          |1.3965
23   |0.0454    |0.0500              |1.0000          |1.0954
34   |0.0004    |0.0667              |1.0000          |1.0671
26   |0.0004    |0.0500              |1.0000          |1.0504
32   |0.0004    |0.0500              |1.0000          |1.0504
19   |0.0004    |0.2667              |0.7527          |1.0198

Team Events (sorted, for dev use, diff check with others to ensure truly different schedules created):
------------------------------------------------------------
0, 98, 145, 190, 243, 299
1, 102, 155, 175, 244, 294
2, 100, 147, 211, 277, 318
3, 94, 149, 198, 249, 287
4, 101, 151, 188, 242, 303
5, 97, 143, 183, 232, 300
6, 96, 154, 186, 228, 292
7, 103, 153, 208, 261, 310
8, 109, 163, 178, 224, 293
9, 125, 150, 192, 247, 309
10, 132, 162, 194, 264, 305
11, 121, 165, 191, 255, 316
12, 120, 160, 174, 223, 283
13, 123, 161, 195, 231, 279
14, 122, 157, 204, 268, 308
15, 119, 158, 182, 260, 322
16, 113, 164, 200, 252, 302
17, 118, 152, 212, 276, 324
18, 85, 126, 213, 226, 271
19, 60, 148, 218, 274, 317
20, 59, 146, 199, 258, 301
21, 70, 144, 214, 267, 307
22, 79, 142, 196, 236, 275
23, 56, 156, 203, 250, 304
25, 55, 159, 169, 215, 272
26, 72, 138, 201, 220, 273
27, 67, 99, 209, 259, 295
28, 63, 88, 216, 257, 297
29, 77, 86, 206, 229, 270
30, 54, 93, 179, 222, 290
31, 57, 91, 167, 217, 280
32, 90, 108, 221, 262, 285
33, 58, 87, 210, 254, 298
34, 95, 111, 219, 269, 284
35, 61, 89, 197, 234, 281
36, 64, 117, 177, 230, 286
37, 76, 110, 189, 237, 288
38, 68, 107, 207, 263, 311
39, 69, 116, 205, 253, 289
40, 66, 115, 187, 248, 313
41, 62, 106, 202, 240, 282
42, 65, 112, 184, 265, 320
43, 73, 114, 185, 245, 291
44, 74, 124, 172, 225, 278
45, 71, 127, 176, 246, 321
46, 81, 141, 168, 241, 315
47, 83, 140, 171, 233, 296
48, 92, 139, 173, 235, 306
49, 82, 136, 180, 256, 323
50, 80, 135, 170, 251, 325
51, 75, 133, 166, 239, 314
52, 78, 134, 181, 238, 312
53, 84, 137, 193, 266, 319
