FLL Scheduler GA Summary Report (ID: 2132111948288 | Hash: -2624577821100764185)

Attributes:
--------------------
rank: 0
origin: (C | KPoint(k=2))
mutations: 2
clones: 1
_hash: -2624577821100764185
Length: 318

Fitness:
--------------------------
BreakTime           : 0.31062795876048954
LocationConsistency : 0.0
OpponentVariety     : 0.8754111684107535
-----------------------------------
Total               : 1.186039127171243
Percentage          : 39.53%

Per-Objective Statistics (Team Distribution):
-----------------------------------------------------------------
Objective                 | Min      | Max      | Avg      | Range   
-----------------------------------------------------------------
BreakTime                 | 0.0004   | 0.9193   | 0.5394   | 0.9189  
LocationConsistency       | 0.0417   | 0.9500   | 0.2497   | 0.9083  
OpponentVariety           | 0.7527   | 1.0000   | 0.9953   | 0.2473  

Team fitnesses (sorted by total fitness descending):
----------------------------------------------------
Max     : 2.554359
Min     : 0.803112
Range   : 1.751248
Average : 1.784402

Team |BreakTime |LocationConsistency |OpponentVariety |Sum
------------------------------------------------------------
42   |0.6044    |0.9500              |1.0000          |2.5544
2    |0.5895    |0.9500              |1.0000          |2.5395
48   |0.8630    |0.6417              |1.0000          |2.5047
47   |0.9193    |0.3500              |1.0000          |2.2693
39   |0.6257    |0.6417              |1.0000          |2.2673
45   |0.9139    |0.3500              |1.0000          |2.2639
53   |0.8925    |0.3500              |1.0000          |2.2425
52   |0.8672    |0.3500              |1.0000          |2.2172
51   |0.9185    |0.2667              |1.0000          |2.1852
46   |0.7914    |0.3500              |1.0000          |2.1414
41   |0.6732    |0.3500              |1.0000          |2.0232
43   |0.6673    |0.3500              |1.0000          |2.0173
38   |0.6764    |0.2667              |1.0000          |1.9431
49   |0.8865    |0.0500              |1.0000          |1.9365
36   |0.5809    |0.3500              |1.0000          |1.9309
37   |0.6637    |0.2667              |1.0000          |1.9304
50   |0.8793    |0.0500              |1.0000          |1.9293
5    |0.6216    |0.2667              |1.0000          |1.8883
15   |0.6158    |0.2667              |1.0000          |1.8825
21   |0.6013    |0.2667              |1.0000          |1.8680
17   |0.5901    |0.2667              |1.0000          |1.8568
1    |0.5719    |0.2667              |1.0000          |1.8385
11   |0.5556    |0.2667              |1.0000          |1.8223
8    |0.5474    |0.2667              |1.0000          |1.8141
23   |0.5397    |0.2667              |1.0000          |1.8064
13   |0.5379    |0.2667              |1.0000          |1.8046
30   |0.5133    |0.2667              |1.0000          |1.7800
32   |0.5002    |0.2667              |1.0000          |1.7669
9    |0.6485    |0.0667              |1.0000          |1.7152
40   |0.6273    |0.0500              |1.0000          |1.6773
6    |0.6329    |0.0417              |1.0000          |1.6745
10   |0.5920    |0.0667              |1.0000          |1.6586
3    |0.6005    |0.0500              |1.0000          |1.6505
24   |0.0004    |0.6417              |1.0000          |1.6421
28   |0.0004    |0.6417              |1.0000          |1.6421
34   |0.5616    |0.0750              |1.0000          |1.6366
44   |0.5936    |0.0417              |1.0000          |1.6353
4    |0.5774    |0.0500              |1.0000          |1.6274
18   |0.5758    |0.0417              |1.0000          |1.6174
7    |0.5640    |0.0500              |1.0000          |1.6140
12   |0.5619    |0.0417              |1.0000          |1.6036
14   |0.5543    |0.0417              |1.0000          |1.5960
35   |0.5515    |0.0417              |1.0000          |1.5931
16   |0.5389    |0.0500              |1.0000          |1.5889
22   |0.5082    |0.0667              |1.0000          |1.5749
20   |0.4972    |0.0667              |1.0000          |1.5639
26   |0.0454    |0.3500              |1.0000          |1.3954
27   |0.0475    |0.2667              |1.0000          |1.3141
19   |0.0465    |0.2667              |1.0000          |1.3132
33   |0.0045    |0.2667              |1.0000          |1.2711
29   |0.0488    |0.0500              |1.0000          |1.0988
31   |0.0004    |0.0417              |1.0000          |1.0421
25   |0.0004    |0.0500              |0.7527          |0.8031

Team Events (sorted, for dev use, diff check with others to ensure truly different schedules created):
------------------------------------------------------------
0, 98, 145, 191, 240, 297
1, 96, 143, 183, 232, 295
2, 97, 152, 186, 228, 292
3, 103, 154, 208, 254, 310
4, 101, 150, 188, 241, 302
5, 102, 153, 175, 244, 301
6, 100, 146, 211, 270, 318
7, 94, 149, 198, 250, 287
8, 105, 161, 178, 224, 293
9, 123, 163, 174, 223, 282
10, 118, 151, 192, 247, 308
11, 113, 164, 200, 253, 303
12, 121, 157, 204, 262, 309
13, 120, 162, 195, 231, 278
14, 124, 158, 182, 255, 322
15, 125, 155, 212, 271, 324
16, 122, 165, 190, 261, 316
17, 132, 160, 194, 269, 305
18, 77, 144, 214, 264, 306
19, 60, 148, 218, 275, 317
20, 54, 159, 168, 215, 273
21, 59, 147, 199, 256, 294
22, 57, 156, 203, 249, 304
23, 72, 137, 201, 220, 272
24, 78, 129, 213, 226, 277
25, 84, 142, 196, 236, 274
27, 69, 90, 216, 258, 299
28, 95, 117, 219, 263, 285
29, 64, 99, 209, 257, 300
30, 61, 91, 197, 234, 280
31, 89, 104, 221, 266, 284
32, 58, 87, 210, 260, 296
33, 71, 86, 206, 229, 276
34, 56, 88, 166, 217, 281
35, 55, 92, 179, 222, 290
36, 68, 106, 202, 243, 283
37, 74, 119, 173, 225, 279
38, 66, 112, 184, 268, 321
39, 73, 115, 185, 245, 291
40, 70, 116, 189, 237, 288
41, 65, 114, 187, 251, 313
42, 63, 107, 207, 267, 311
43, 67, 110, 177, 230, 286
44, 62, 111, 205, 252, 289
45, 82, 140, 169, 242, 314
46, 79, 138, 193, 265, 319
47, 75, 133, 167, 239, 315
48, 85, 134, 181, 238, 312
49, 93, 136, 172, 235, 307
50, 80, 141, 170, 233, 298
51, 83, 135, 171, 248, 325
52, 81, 139, 180, 259, 323
53, 76, 128, 176, 246, 320
