FLL Scheduler GA Summary Report (ID: 2132037132448 | Hash: -5443316303264179507)

Attributes:
--------------------
rank: 0
origin: (C | KPoint(k=2))
mutations: 0
clones: 0
_hash: -5443316303264179507
Length: 318

Fitness:
--------------------------
BreakTime           : 0.31062795876048954
LocationConsistency : 0.0
OpponentVariety     : 0.8754111684107535
-----------------------------------
Total               : 1.186039127171243
Percentage          : 39.53%

Per-Objective Statistics (Team Distribution):
-----------------------------------------------------------------
Objective                 | Min      | Max      | Avg      | Range   
-----------------------------------------------------------------
BreakTime                 | 0.0004   | 0.9193   | 0.5394   | 0.9189  
LocationConsistency       | 0.0417   | 0.6417   | 0.1940   | 0.6000  
OpponentVariety           | 0.7527   | 1.0000   | 0.9953   | 0.2473  

Team fitnesses (sorted by total fitness descending):
----------------------------------------------------
Max     : 2.433100
Min     : 0.803112
Range   : 1.629989
Average : 1.728741

Team |BreakTime |LocationConsistency |OpponentVariety |Sum
------------------------------------------------------------
52   |0.7914    |0.6417              |1.0000          |2.4331
15   |0.6158    |0.6417              |1.0000          |2.2575
46   |0.9185    |0.2667              |1.0000          |2.1852
49   |0.8925    |0.2667              |1.0000          |2.1592
45   |0.8865    |0.2667              |1.0000          |2.1531
51   |0.8672    |0.2667              |1.0000          |2.1338
5    |0.6216    |0.3667              |1.0000          |1.9883
43   |0.6257    |0.3500              |1.0000          |1.9757
53   |0.9139    |0.0500              |1.0000          |1.9639
47   |0.9193    |0.0417              |1.0000          |1.9610
4    |0.5895    |0.3500              |1.0000          |1.9395
48   |0.8630    |0.0750              |1.0000          |1.9380
38   |0.6673    |0.2667              |1.0000          |1.9339
50   |0.8793    |0.0500              |1.0000          |1.9293
3    |0.6329    |0.2667              |1.0000          |1.8995
37   |0.6273    |0.2667              |1.0000          |1.8939
36   |0.6044    |0.2667              |1.0000          |1.8710
9    |0.6005    |0.2667              |1.0000          |1.8672
12   |0.5901    |0.2667              |1.0000          |1.8568
16   |0.5758    |0.2667              |1.0000          |1.8424
7    |0.5719    |0.2667              |1.0000          |1.8385
14   |0.5619    |0.2667              |1.0000          |1.8286
10   |0.5556    |0.2667              |1.0000          |1.8223
6    |0.5474    |0.2667              |1.0000          |1.8141
13   |0.5379    |0.2667              |1.0000          |1.8046
30   |0.5133    |0.2667              |1.0000          |1.7800
40   |0.6732    |0.0750              |1.0000          |1.7482
42   |0.6764    |0.0667              |1.0000          |1.7431
39   |0.6637    |0.0417              |1.0000          |1.7054
1    |0.6485    |0.0417              |1.0000          |1.6902
19   |0.0454    |0.6417              |1.0000          |1.6871
24   |0.6013    |0.0417              |1.0000          |1.6430
11   |0.5920    |0.0500              |1.0000          |1.6420
44   |0.5936    |0.0417              |1.0000          |1.6353
41   |0.5809    |0.0500              |1.0000          |1.6309
8    |0.5774    |0.0417              |1.0000          |1.6190
2    |0.5640    |0.0500              |1.0000          |1.6140
34   |0.5616    |0.0417              |1.0000          |1.6032
18   |0.5543    |0.0417              |1.0000          |1.5960
35   |0.5515    |0.0417              |1.0000          |1.5931
23   |0.5397    |0.0500              |1.0000          |1.5897
17   |0.5389    |0.0500              |1.0000          |1.5889
25   |0.4972    |0.0667              |1.0000          |1.5639
27   |0.5002    |0.0500              |1.0000          |1.5502
20   |0.5082    |0.0417              |1.0000          |1.5499
32   |0.0475    |0.3500              |1.0000          |1.3975
28   |0.0004    |0.3667              |1.0000          |1.3671
26   |0.0465    |0.2667              |1.0000          |1.3132
21   |0.0004    |0.2667              |1.0000          |1.2671
31   |0.0004    |0.2667              |1.0000          |1.2671
29   |0.0488    |0.0417              |1.0000          |1.0904
33   |0.0045    |0.0500              |1.0000          |1.0545
22   |0.0004    |0.0500              |0.7527          |0.8031

Team Events (sorted, for dev use, diff check with others to ensure truly different schedules created):
------------------------------------------------------------
0, 102, 161, 178, 224, 287
1, 100, 147, 208, 277, 325
2, 109, 154, 174, 239, 301
3, 96, 143, 183, 235, 295
4, 101, 157, 189, 243, 303
5, 95, 149, 205, 250, 292
6, 98, 145, 196, 242, 296
7, 108, 152, 211, 261, 310
8, 97, 155, 187, 228, 286
9, 119, 156, 195, 247, 309
10, 121, 163, 175, 223, 280
11, 120, 165, 197, 255, 316
12, 122, 151, 198, 263, 308
13, 115, 164, 203, 248, 302
14, 124, 158, 182, 260, 321
15, 127, 160, 192, 269, 305
16, 125, 153, 207, 276, 319
17, 123, 162, 193, 237, 284
18, 79, 142, 191, 230, 273
19, 59, 146, 204, 256, 294
20, 72, 139, 202, 214, 275
21, 83, 129, 206, 226, 270
22, 57, 150, 200, 253, 304
23, 54, 159, 169, 220, 274
25, 60, 148, 217, 272, 317
26, 70, 144, 221, 264, 307
27, 58, 87, 209, 254, 297
28, 94, 110, 216, 262, 279
29, 64, 99, 210, 257, 300
30, 61, 90, 190, 232, 282
31, 88, 103, 215, 266, 278
32, 69, 91, 219, 258, 298
33, 76, 86, 213, 229, 271
34, 56, 89, 166, 218, 283
35, 55, 93, 179, 222, 288
36, 63, 106, 212, 267, 311
37, 77, 111, 188, 231, 290
38, 67, 116, 177, 236, 293
39, 74, 118, 172, 225, 285
40, 65, 113, 186, 251, 315
41, 68, 107, 201, 240, 281
42, 66, 114, 184, 268, 323
43, 73, 112, 185, 238, 289
44, 62, 117, 199, 249, 291
45, 92, 138, 173, 233, 306
46, 84, 135, 170, 252, 318
47, 75, 126, 167, 244, 312
48, 78, 134, 181, 245, 314
49, 71, 128, 176, 246, 322
50, 80, 141, 171, 234, 299
51, 81, 136, 180, 259, 320
52, 82, 137, 194, 265, 324
53, 85, 140, 168, 241, 313
