FLL Scheduler GA Summary Report (ID: 2132037130768 | Hash: 5443355755981518024)

Attributes:
--------------------
rank: 0
origin: (C | RoundTypeCrossover)
mutations: 0
clones: 0
_hash: 5443355755981518024
Length: 318

Fitness:
--------------------------
BreakTime           : 0.31062795876048954
LocationConsistency : 0.0
OpponentVariety     : 0.8754111684107535
-----------------------------------
Total               : 1.186039127171243
Percentage          : 39.53%

Per-Objective Statistics (Team Distribution):
-----------------------------------------------------------------
Objective                 | Min      | Max      | Avg      | Range   
-----------------------------------------------------------------
BreakTime                 | 0.0004   | 0.9193   | 0.5394   | 0.9189  
LocationConsistency       | 0.0417   | 0.6417   | 0.2542   | 0.6000  
OpponentVariety           | 0.7527   | 1.0000   | 0.9953   | 0.2473  

Team fitnesses (sorted by total fitness descending):
----------------------------------------------------
Max     : 2.433100
Min     : 1.019778
Range   : 1.413322
Average : 1.788961

Team |BreakTime |LocationConsistency |OpponentVariety |Sum
------------------------------------------------------------
53   |0.7914    |0.6417              |1.0000          |2.4331
52   |0.8630    |0.5250              |1.0000          |2.3880
46   |0.9139    |0.3500              |1.0000          |2.2639
5    |0.6216    |0.6417              |1.0000          |2.2633
49   |0.8672    |0.3500              |1.0000          |2.2172
34   |0.5616    |0.6417              |1.0000          |2.2032
51   |0.9193    |0.2667              |1.0000          |2.1860
48   |0.8865    |0.2667              |1.0000          |2.1531
2    |0.6329    |0.3500              |1.0000          |1.9829
23   |0.6013    |0.3667              |1.0000          |1.9680
50   |0.9185    |0.0417              |1.0000          |1.9602
45   |0.8925    |0.0667              |1.0000          |1.9592
15   |0.5920    |0.3667              |1.0000          |1.9586
42   |0.6764    |0.2667              |1.0000          |1.9431
40   |0.6732    |0.2667              |1.0000          |1.9398
41   |0.5809    |0.3500              |1.0000          |1.9309
47   |0.8793    |0.0500              |1.0000          |1.9293
3    |0.5640    |0.3500              |1.0000          |1.9140
4    |0.5474    |0.3500              |1.0000          |1.8974
37   |0.6273    |0.2667              |1.0000          |1.8939
43   |0.6257    |0.2667              |1.0000          |1.8923
12   |0.6158    |0.2667              |1.0000          |1.8825
6    |0.6005    |0.2667              |1.0000          |1.8672
27   |0.5133    |0.3500              |1.0000          |1.8633
39   |0.5936    |0.2667              |1.0000          |1.8603
8    |0.5895    |0.2667              |1.0000          |1.8562
13   |0.5758    |0.2667              |1.0000          |1.8424
9    |0.5719    |0.2667              |1.0000          |1.8385
18   |0.5556    |0.2667              |1.0000          |1.8223
14   |0.5543    |0.2667              |1.0000          |1.8210
32   |0.5515    |0.2667              |1.0000          |1.8181
21   |0.5397    |0.2667              |1.0000          |1.8064
20   |0.5082    |0.2667              |1.0000          |1.7749
35   |0.5002    |0.2667              |1.0000          |1.7669
36   |0.6673    |0.0417              |1.0000          |1.7089
44   |0.6637    |0.0417              |1.0000          |1.7054
7    |0.6485    |0.0417              |1.0000          |1.6902
38   |0.6044    |0.0500              |1.0000          |1.6544
16   |0.5901    |0.0417              |1.0000          |1.6318
1    |0.5774    |0.0417              |1.0000          |1.6190
11   |0.5619    |0.0417              |1.0000          |1.6036
10   |0.5389    |0.0500              |1.0000          |1.5889
17   |0.5379    |0.0500              |1.0000          |1.5879
26   |0.4972    |0.0750              |1.0000          |1.5722
29   |0.0488    |0.3667              |1.0000          |1.4154
31   |0.0475    |0.3500              |1.0000          |1.3975
22   |0.0465    |0.3500              |1.0000          |1.3965
33   |0.0004    |0.3667              |1.0000          |1.3671
30   |0.0045    |0.3500              |1.0000          |1.3545
19   |0.0004    |0.2667              |1.0000          |1.2671
24   |0.0454    |0.0500              |1.0000          |1.0954
28   |0.0004    |0.0417              |1.0000          |1.0421
25   |0.0004    |0.2667              |0.7527          |1.0198

Team Events (sorted, for dev use, diff check with others to ensure truly different schedules created):
------------------------------------------------------------
0, 103, 153, 208, 261, 310
1, 102, 155, 180, 244, 294
2, 100, 147, 211, 277, 325
3, 94, 149, 205, 249, 293
4, 101, 151, 189, 242, 303
5, 96, 154, 187, 226, 287
6, 109, 163, 177, 224, 286
7, 97, 143, 183, 232, 300
8, 98, 145, 191, 243, 298
9, 118, 152, 212, 276, 319
10, 113, 164, 203, 253, 302
11, 119, 158, 182, 260, 321
12, 132, 162, 194, 262, 304
13, 123, 161, 195, 231, 284
14, 120, 160, 181, 223, 280
15, 121, 165, 190, 255, 316
16, 122, 157, 198, 268, 308
17, 125, 150, 192, 247, 309
18, 72, 138, 202, 220, 273
19, 59, 146, 204, 258, 301
20, 56, 156, 200, 250, 305
21, 70, 144, 214, 267, 307
22, 55, 159, 170, 215, 272
24, 79, 142, 196, 236, 275
25, 85, 126, 213, 228, 271
26, 60, 148, 218, 274, 317
27, 61, 89, 197, 234, 282
28, 90, 108, 221, 265, 278
29, 67, 99, 209, 259, 295
30, 77, 86, 206, 227, 270
31, 63, 88, 216, 257, 296
32, 54, 93, 176, 222, 289
33, 95, 111, 219, 269, 279
34, 57, 91, 172, 217, 283
35, 58, 87, 210, 254, 299
36, 64, 117, 178, 230, 292
37, 76, 110, 188, 237, 290
38, 68, 105, 207, 264, 311
39, 69, 116, 199, 252, 291
40, 66, 115, 186, 248, 313
41, 62, 104, 201, 240, 281
42, 65, 112, 184, 263, 323
43, 73, 114, 185, 245, 288
44, 74, 124, 167, 225, 285
45, 71, 127, 179, 246, 322
46, 81, 141, 171, 241, 315
47, 83, 140, 168, 233, 297
48, 92, 139, 166, 235, 306
49, 82, 136, 175, 256, 320
50, 80, 135, 169, 251, 318
51, 75, 133, 173, 239, 314
52, 78, 134, 174, 238, 312
53, 84, 137, 193, 266, 324
