FLL Scheduler GA Summary Report (ID: 2132126138544 | Hash: 6964156950966725098)

Attributes:
--------------------
rank: 0
origin: (C | RoundTypeCrossover)
mutations: 1
clones: 0
_hash: 6964156950966725098
Length: 318

Fitness:
--------------------------
BreakTime           : 0.31062795876048954
LocationConsistency : 0.0
OpponentVariety     : 0.8754111684107535
-----------------------------------
Total               : 1.186039127171243
Percentage          : 39.53%

Per-Objective Statistics (Team Distribution):
-----------------------------------------------------------------
Objective                 | Min      | Max      | Avg      | Range   
-----------------------------------------------------------------
BreakTime                 | 0.0004   | 0.9193   | 0.5394   | 0.9189  
LocationConsistency       | 0.0417   | 0.6417   | 0.2138   | 0.6000  
OpponentVariety           | 0.7527   | 1.0000   | 0.9953   | 0.2473  

Team fitnesses (sorted by total fitness descending):
----------------------------------------------------
Max     : 2.314821
Min     : 1.019778
Range   : 1.295043
Average : 1.748552

Team |BreakTime |LocationConsistency |OpponentVariety |Sum
------------------------------------------------------------
44   |0.6732    |0.6417              |1.0000          |2.3148
49   |0.8925    |0.3500              |1.0000          |2.2425
47   |0.9193    |0.2667              |1.0000          |2.1860
46   |0.9185    |0.2667              |1.0000          |2.1852
53   |0.9139    |0.2667              |1.0000          |2.1805
51   |0.8672    |0.2667              |1.0000          |2.1338
52   |0.7914    |0.2667              |1.0000          |2.0581
5    |0.6216    |0.3667              |1.0000          |1.9883
36   |0.6044    |0.3500              |1.0000          |1.9544
23   |0.6013    |0.3500              |1.0000          |1.9513
2    |0.5895    |0.3500              |1.0000          |1.9395
7    |0.5719    |0.3667              |1.0000          |1.9385
41   |0.5809    |0.3500              |1.0000          |1.9309
39   |0.6637    |0.2667              |1.0000          |1.9304
50   |0.8793    |0.0500              |1.0000          |1.9293
45   |0.8865    |0.0417              |1.0000          |1.9281
48   |0.8630    |0.0500              |1.0000          |1.9130
32   |0.5616    |0.3500              |1.0000          |1.9116
8    |0.6329    |0.2667              |1.0000          |1.8995
37   |0.6273    |0.2667              |1.0000          |1.8939
11   |0.6158    |0.2667              |1.0000          |1.8825
9    |0.6005    |0.2667              |1.0000          |1.8672
28   |0.5133    |0.3500              |1.0000          |1.8633
40   |0.5936    |0.2667              |1.0000          |1.8603
14   |0.5920    |0.2667              |1.0000          |1.8586
16   |0.5901    |0.2667              |1.0000          |1.8568
12   |0.5619    |0.2667              |1.0000          |1.8286
35   |0.5515    |0.2667              |1.0000          |1.8181
6    |0.5474    |0.2667              |1.0000          |1.8141
18   |0.5379    |0.2667              |1.0000          |1.8046
42   |0.6764    |0.0500              |1.0000          |1.7264
38   |0.6673    |0.0417              |1.0000          |1.7089
1    |0.6485    |0.0417              |1.0000          |1.6902
43   |0.6257    |0.0417              |1.0000          |1.6673
17   |0.5758    |0.0500              |1.0000          |1.6258
10   |0.5556    |0.0667              |1.0000          |1.6223
3    |0.5774    |0.0417              |1.0000          |1.6190
4    |0.5640    |0.0417              |1.0000          |1.6057
13   |0.5543    |0.0417              |1.0000          |1.5960
25   |0.5397    |0.0500              |1.0000          |1.5897
15   |0.5389    |0.0500              |1.0000          |1.5889
20   |0.4972    |0.0667              |1.0000          |1.5639
19   |0.5082    |0.0417              |1.0000          |1.5499
29   |0.5002    |0.0417              |1.0000          |1.5419
33   |0.0004    |0.3667              |1.0000          |1.3671
30   |0.0045    |0.3500              |1.0000          |1.3545
31   |0.0475    |0.2667              |1.0000          |1.3141
21   |0.0465    |0.2667              |1.0000          |1.3132
22   |0.0454    |0.2667              |1.0000          |1.3121
26   |0.0004    |0.2667              |1.0000          |1.2671
34   |0.0488    |0.0750              |1.0000          |1.1238
27   |0.0004    |0.0417              |1.0000          |1.0421
24   |0.0004    |0.2667              |0.7527          |1.0198

Team Events (sorted, for dev use, diff check with others to ensure truly different schedules created):
------------------------------------------------------------
0, 109, 163, 178, 224, 286
1, 98, 143, 183, 232, 295
2, 103, 154, 208, 260, 310
3, 100, 147, 210, 277, 318
4, 101, 157, 189, 242, 303
5, 95, 149, 205, 249, 292
6, 97, 145, 196, 243, 297
7, 102, 153, 175, 238, 301
8, 99, 152, 187, 228, 287
9, 124, 156, 195, 247, 309
10, 119, 158, 182, 261, 322
11, 112, 164, 203, 252, 302
12, 123, 161, 192, 231, 284
13, 121, 160, 174, 223, 280
14, 118, 155, 213, 276, 324
15, 120, 165, 197, 255, 316
16, 132, 162, 193, 269, 305
17, 122, 151, 198, 263, 308
18, 59, 146, 204, 256, 294
19, 60, 148, 218, 273, 317
20, 71, 144, 214, 264, 307
22, 79, 142, 191, 236, 272
23, 54, 159, 167, 215, 274
24, 85, 130, 212, 226, 271
25, 57, 150, 200, 250, 304
26, 75, 137, 202, 220, 275
27, 88, 108, 221, 266, 278
28, 61, 90, 190, 234, 282
29, 58, 92, 211, 254, 296
30, 76, 93, 206, 229, 270
31, 69, 91, 216, 259, 298
32, 56, 89, 169, 217, 283
33, 94, 110, 219, 262, 279
34, 64, 96, 209, 257, 300
35, 55, 86, 179, 222, 289
36, 63, 105, 207, 267, 311
37, 77, 111, 188, 237, 290
38, 67, 116, 176, 230, 293
39, 72, 125, 172, 225, 285
40, 62, 117, 199, 253, 291
41, 68, 104, 201, 240, 281
42, 66, 113, 184, 268, 320
43, 74, 115, 185, 239, 288
44, 65, 114, 186, 248, 313
45, 87, 136, 173, 235, 306
46, 82, 140, 170, 251, 325
47, 73, 133, 168, 245, 315
48, 78, 141, 180, 244, 312
49, 70, 131, 177, 246, 321
50, 80, 135, 171, 233, 299
51, 81, 139, 181, 258, 323
52, 84, 138, 194, 265, 319
53, 83, 134, 166, 241, 314
