FLL Scheduler GA Summary Report (ID: 2132111945488 | Hash: -6995821883350584492)

Attributes:
--------------------
rank: 0
origin: (C | TimeSlotCrossover)
mutations: 1
clones: 0
_hash: -6995821883350584492
Length: 318

Fitness:
--------------------------
BreakTime           : 0.31062795876048954
LocationConsistency : 0.0
OpponentVariety     : 0.8754111684107535
-----------------------------------
Total               : 1.186039127171243
Percentage          : 39.53%

Per-Objective Statistics (Team Distribution):
-----------------------------------------------------------------
Objective                 | Min      | Max      | Avg      | Range   
-----------------------------------------------------------------
BreakTime                 | 0.0004   | 0.9193   | 0.5394   | 0.9189  
LocationConsistency       | 0.0417   | 0.9500   | 0.2530   | 0.9083  
OpponentVariety           | 0.7527   | 1.0000   | 0.9953   | 0.2473  

Team fitnesses (sorted by total fitness descending):
----------------------------------------------------
Max     : 2.560213
Min     : 1.090421
Range   : 1.469792
Average : 1.787703

Team |BreakTime |LocationConsistency |OpponentVariety |Sum
------------------------------------------------------------
46   |0.9185    |0.6417              |1.0000          |2.5602
42   |0.6044    |0.9500              |1.0000          |2.5544
51   |0.8672    |0.6417              |1.0000          |2.5088
1    |0.6485    |0.6417              |1.0000          |2.2902
47   |0.9193    |0.2667              |1.0000          |2.1860
49   |0.8925    |0.2667              |1.0000          |2.1592
45   |0.8865    |0.2667              |1.0000          |2.1531
48   |0.8630    |0.2667              |1.0000          |2.1297
52   |0.7914    |0.2667              |1.0000          |2.0581
3    |0.6329    |0.3500              |1.0000          |1.9829
53   |0.9139    |0.0500              |1.0000          |1.9639
4    |0.5895    |0.3500              |1.0000          |1.9395
50   |0.8793    |0.0500              |1.0000          |1.9293
2    |0.5640    |0.3500              |1.0000          |1.9140
5    |0.6216    |0.2667              |1.0000          |1.8883
18   |0.6158    |0.2667              |1.0000          |1.8825
30   |0.5133    |0.3500              |1.0000          |1.8633
12   |0.5901    |0.2667              |1.0000          |1.8568
8    |0.5774    |0.2667              |1.0000          |1.8440
15   |0.5758    |0.2667              |1.0000          |1.8424
7    |0.5719    |0.2667              |1.0000          |1.8385
11   |0.5619    |0.2667              |1.0000          |1.8286
16   |0.5556    |0.2667              |1.0000          |1.8223
6    |0.5474    |0.2667              |1.0000          |1.8141
14   |0.5389    |0.2667              |1.0000          |1.8056
10   |0.5379    |0.2667              |1.0000          |1.8046
19   |0.5082    |0.2667              |1.0000          |1.7749
32   |0.5002    |0.2667              |1.0000          |1.7669
40   |0.6732    |0.0750              |1.0000          |1.7482
38   |0.6764    |0.0667              |1.0000          |1.7431
39   |0.6673    |0.0417              |1.0000          |1.7089
36   |0.6637    |0.0417              |1.0000          |1.7054
41   |0.6257    |0.0750              |1.0000          |1.7007
43   |0.6273    |0.0667              |1.0000          |1.6939
20   |0.0465    |0.6417              |1.0000          |1.6882
23   |0.6013    |0.0417              |1.0000          |1.6430
9    |0.6005    |0.0417              |1.0000          |1.6422
28   |0.0004    |0.6417              |1.0000          |1.6421
37   |0.5936    |0.0417              |1.0000          |1.6353
17   |0.5920    |0.0417              |1.0000          |1.6336
44   |0.5809    |0.0500              |1.0000          |1.6309
34   |0.5616    |0.0417              |1.0000          |1.6032
35   |0.5515    |0.0500              |1.0000          |1.6015
13   |0.5543    |0.0417              |1.0000          |1.5960
25   |0.5397    |0.0500              |1.0000          |1.5897
21   |0.4972    |0.0667              |1.0000          |1.5639
24   |0.0004    |0.6417              |0.7527          |1.3948
33   |0.0045    |0.3667              |1.0000          |1.3711
27   |0.0475    |0.2667              |1.0000          |1.3141
22   |0.0454    |0.2667              |1.0000          |1.3121
26   |0.0004    |0.2667              |1.0000          |1.2671
31   |0.0004    |0.2667              |1.0000          |1.2671
29   |0.0488    |0.0417              |1.0000          |1.0904

Team Events (sorted, for dev use, diff check with others to ensure truly different schedules created):
------------------------------------------------------------
0, 103, 161, 177, 224, 287
1, 101, 147, 210, 277, 325
2, 109, 152, 181, 239, 301
3, 97, 143, 183, 232, 295
4, 100, 157, 189, 243, 303
5, 94, 149, 205, 250, 292
6, 98, 145, 196, 242, 296
7, 108, 154, 208, 260, 310
8, 96, 153, 187, 228, 286
9, 122, 150, 198, 263, 308
10, 115, 164, 203, 248, 302
11, 120, 165, 197, 254, 316
12, 123, 162, 193, 231, 284
13, 125, 155, 213, 276, 319
14, 126, 160, 192, 269, 305
15, 119, 156, 195, 247, 309
16, 121, 163, 180, 223, 280
17, 124, 158, 182, 261, 321
19, 59, 146, 204, 259, 294
20, 77, 144, 221, 264, 307
21, 60, 148, 217, 272, 317
22, 79, 142, 191, 236, 273
23, 54, 159, 169, 220, 274
24, 84, 130, 212, 226, 270
25, 57, 151, 200, 253, 304
26, 73, 138, 202, 214, 275
27, 69, 91, 219, 256, 298
28, 95, 110, 216, 262, 279
29, 64, 99, 209, 258, 300
30, 61, 90, 190, 234, 282
31, 88, 102, 215, 266, 278
32, 58, 87, 211, 255, 297
33, 70, 86, 206, 229, 271
34, 56, 89, 166, 218, 283
35, 55, 93, 176, 222, 288
36, 75, 118, 172, 225, 285
37, 62, 117, 199, 249, 291
38, 66, 114, 184, 268, 323
39, 67, 116, 178, 230, 293
40, 65, 113, 186, 251, 315
41, 72, 112, 185, 238, 289
42, 63, 107, 207, 267, 311
43, 71, 111, 188, 237, 290
44, 68, 106, 201, 240, 281
45, 92, 139, 173, 235, 306
46, 82, 134, 170, 252, 318
47, 74, 127, 167, 244, 312
48, 78, 135, 175, 245, 314
49, 76, 131, 179, 246, 322
50, 80, 140, 171, 233, 299
51, 81, 136, 174, 257, 320
52, 85, 137, 194, 265, 324
53, 83, 141, 168, 241, 313
