FLL Scheduler GA Summary Report (ID: 2132111945264 | Hash: 1952300919457352267)

Attributes:
--------------------
rank: 0
origin: (C | RoundTypeCrossover)
mutations: 0
clones: 0
_hash: 1952300919457352267
Length: 318

Fitness:
--------------------------
BreakTime           : 0.31062795876048954
LocationConsistency : 0.0
OpponentVariety     : 0.8754111684107535
-----------------------------------
Total               : 1.186039127171243
Percentage          : 39.53%

Per-Objective Statistics (Team Distribution):
-----------------------------------------------------------------
Objective                 | Min      | Max      | Avg      | Range   
-----------------------------------------------------------------
BreakTime                 | 0.0004   | 0.9193   | 0.5394   | 0.9189  
LocationConsistency       | 0.0417   | 0.6417   | 0.2102   | 0.6000  
OpponentVariety           | 0.7527   | 1.0000   | 0.9953   | 0.2473  

Team fitnesses (sorted by total fitness descending):
----------------------------------------------------
Max     : 2.560213
Min     : 0.803112
Range   : 1.757101
Average : 1.744936

Team |BreakTime |LocationConsistency |OpponentVariety |Sum
------------------------------------------------------------
46   |0.9185    |0.6417              |1.0000          |2.5602
52   |0.7914    |0.6417              |1.0000          |2.4331
40   |0.6732    |0.5250              |1.0000          |2.1982
49   |0.8925    |0.2667              |1.0000          |2.1592
53   |0.8865    |0.2667              |1.0000          |2.1531
42   |0.6764    |0.3500              |1.0000          |2.0264
10   |0.6158    |0.3667              |1.0000          |1.9825
37   |0.6273    |0.3500              |1.0000          |1.9773
47   |0.9193    |0.0417              |1.0000          |1.9610
45   |0.9139    |0.0417              |1.0000          |1.9555
12   |0.5901    |0.3500              |1.0000          |1.9401
4    |0.5895    |0.3500              |1.0000          |1.9395
48   |0.8630    |0.0750              |1.0000          |1.9380
38   |0.6673    |0.2667              |1.0000          |1.9339
50   |0.8793    |0.0500              |1.0000          |1.9293
16   |0.5556    |0.3667              |1.0000          |1.9223
51   |0.8672    |0.0500              |1.0000          |1.9172
6    |0.5474    |0.3500              |1.0000          |1.8974
24   |0.5397    |0.3500              |1.0000          |1.8897
15   |0.5389    |0.3500              |1.0000          |1.8889
5    |0.6216    |0.2667              |1.0000          |1.8883
36   |0.6044    |0.2667              |1.0000          |1.8710
25   |0.6013    |0.2667              |1.0000          |1.8680
7    |0.6005    |0.2667              |1.0000          |1.8672
44   |0.5936    |0.2667              |1.0000          |1.8603
14   |0.5758    |0.2667              |1.0000          |1.8424
31   |0.5515    |0.2667              |1.0000          |1.8181
11   |0.5379    |0.2667              |1.0000          |1.8046
39   |0.6637    |0.0417              |1.0000          |1.7054
1    |0.6485    |0.0417              |1.0000          |1.6902
20   |0.0465    |0.6417              |1.0000          |1.6882
3    |0.6329    |0.0500              |1.0000          |1.6829
43   |0.6257    |0.0417              |1.0000          |1.6673
13   |0.5920    |0.0417              |1.0000          |1.6336
41   |0.5809    |0.0500              |1.0000          |1.6309
8    |0.5774    |0.0500              |1.0000          |1.6274
9    |0.5719    |0.0500              |1.0000          |1.6219
2    |0.5640    |0.0500              |1.0000          |1.6140
32   |0.5616    |0.0500              |1.0000          |1.6116
18   |0.5543    |0.0500              |1.0000          |1.6043
17   |0.5619    |0.0417              |1.0000          |1.6036
26   |0.4972    |0.0667              |1.0000          |1.5639
27   |0.5133    |0.0417              |1.0000          |1.5550
34   |0.5002    |0.0500              |1.0000          |1.5502
22   |0.5082    |0.0417              |1.0000          |1.5499
30   |0.0475    |0.3500              |1.0000          |1.3975
19   |0.0004    |0.3667              |1.0000          |1.3671
29   |0.0045    |0.3500              |1.0000          |1.3545
35   |0.0004    |0.2667              |1.0000          |1.2671
28   |0.0488    |0.0667              |1.0000          |1.1154
21   |0.0454    |0.0667              |1.0000          |1.1121
33   |0.0004    |0.0417              |1.0000          |1.0421
23   |0.0004    |0.0500              |0.7527          |0.8031

Team Events (sorted, for dev use, diff check with others to ensure truly different schedules created):
------------------------------------------------------------
0, 109, 161, 178, 224, 286
1, 100, 146, 208, 277, 325
2, 102, 155, 175, 239, 301
3, 97, 143, 183, 232, 295
4, 101, 156, 188, 241, 303
5, 94, 149, 205, 250, 293
6, 96, 154, 186, 228, 287
7, 103, 153, 211, 254, 310
8, 98, 145, 196, 240, 296
9, 118, 158, 182, 255, 322
10, 122, 150, 198, 263, 308
11, 120, 165, 197, 260, 316
12, 121, 163, 174, 223, 282
13, 132, 160, 192, 269, 305
14, 119, 152, 207, 276, 319
15, 125, 157, 195, 247, 309
16, 113, 164, 203, 253, 302
17, 123, 162, 193, 231, 279
18, 74, 138, 202, 221, 275
19, 71, 144, 215, 264, 307
20, 78, 142, 191, 236, 273
21, 58, 147, 204, 256, 294
22, 85, 131, 206, 226, 270
23, 57, 151, 200, 249, 304
24, 54, 159, 169, 214, 274
25, 60, 148, 218, 272, 317
27, 61, 89, 190, 234, 280
28, 67, 99, 210, 257, 300
29, 76, 93, 213, 229, 271
30, 62, 88, 216, 258, 298
31, 55, 86, 179, 222, 289
32, 56, 90, 166, 217, 281
33, 95, 117, 219, 262, 284
34, 59, 92, 209, 261, 297
35, 91, 108, 220, 266, 285
36, 68, 105, 212, 267, 311
37, 77, 116, 189, 237, 290
38, 64, 110, 177, 230, 292
39, 72, 124, 173, 225, 278
40, 66, 115, 187, 251, 315
41, 63, 104, 201, 243, 283
42, 65, 112, 184, 268, 320
43, 75, 114, 185, 238, 288
44, 69, 111, 199, 252, 291
45, 83, 141, 168, 242, 313
46, 82, 134, 170, 248, 318
47, 73, 133, 167, 244, 312
48, 79, 135, 181, 245, 314
49, 70, 130, 176, 246, 321
50, 80, 140, 171, 233, 299
51, 81, 136, 180, 259, 323
52, 84, 137, 194, 265, 324
53, 87, 139, 172, 235, 306
