FLL Scheduler GA Summary Report (ID: 2132126143808 | Hash: 1595091281104342288)

Attributes:
--------------------
rank: 0
origin: (C | TimeSlotCrossover)
mutations: 0
clones: 0
_hash: 1595091281104342288
Length: 318

Fitness:
--------------------------
BreakTime           : 0.31062795876048954
LocationConsistency : 0.0
OpponentVariety     : 0.8754111684107535
-----------------------------------
Total               : 1.186039127171243
Percentage          : 39.53%

Per-Objective Statistics (Team Distribution):
-----------------------------------------------------------------
Objective                 | Min      | Max      | Avg      | Range   
-----------------------------------------------------------------
BreakTime                 | 0.0004   | 0.9193   | 0.5394   | 0.9189  
LocationConsistency       | 0.0417   | 0.6417   | 0.1992   | 0.6000  
OpponentVariety           | 0.7527   | 1.0000   | 0.9953   | 0.2473  

Team fitnesses (sorted by total fitness descending):
----------------------------------------------------
Max     : 2.268546
Min     : 1.050419
Range   : 1.218127
Average : 1.733930

Team |BreakTime |LocationConsistency |OpponentVariety |Sum
------------------------------------------------------------
52   |0.9185    |0.3500              |1.0000          |2.2685
53   |0.9139    |0.3500              |1.0000          |2.2639
13   |0.6158    |0.6417              |1.0000          |2.2575
17   |0.5379    |0.6417              |1.0000          |2.1796
45   |0.8865    |0.2667              |1.0000          |2.1531
48   |0.8793    |0.2667              |1.0000          |2.1460
34   |0.5616    |0.5250              |1.0000          |2.0866
23   |0.5397    |0.5250              |1.0000          |2.0647
46   |0.7914    |0.2667              |1.0000          |2.0581
4    |0.6329    |0.3500              |1.0000          |1.9829
51   |0.9193    |0.0500              |1.0000          |1.9693
24   |0.6013    |0.3500              |1.0000          |1.9513
42   |0.6764    |0.2667              |1.0000          |1.9431
47   |0.8672    |0.0750              |1.0000          |1.9422
40   |0.6732    |0.2667              |1.0000          |1.9398
50   |0.8630    |0.0750              |1.0000          |1.9380
49   |0.8925    |0.0417              |1.0000          |1.9342
11   |0.5556    |0.3667              |1.0000          |1.9223
9    |0.6485    |0.2667              |1.0000          |1.9152
37   |0.6273    |0.2667              |1.0000          |1.8939
5    |0.6216    |0.2667              |1.0000          |1.8883
18   |0.5901    |0.2667              |1.0000          |1.8568
16   |0.5758    |0.2667              |1.0000          |1.8424
12   |0.5619    |0.2667              |1.0000          |1.8286
30   |0.5133    |0.2667              |1.0000          |1.7800
20   |0.5082    |0.2667              |1.0000          |1.7749
41   |0.6637    |0.0500              |1.0000          |1.7137
38   |0.6673    |0.0417              |1.0000          |1.7089
39   |0.6257    |0.0750              |1.0000          |1.7007
36   |0.6044    |0.0750              |1.0000          |1.6794
7    |0.6005    |0.0667              |1.0000          |1.6672
19   |0.0004    |0.6417              |1.0000          |1.6421
6    |0.5895    |0.0500              |1.0000          |1.6395
43   |0.5936    |0.0417              |1.0000          |1.6353
10   |0.5920    |0.0417              |1.0000          |1.6336
44   |0.5809    |0.0500              |1.0000          |1.6309
1    |0.5474    |0.0750              |1.0000          |1.6224
3    |0.5719    |0.0500              |1.0000          |1.6219
8    |0.5774    |0.0417              |1.0000          |1.6190
2    |0.5640    |0.0500              |1.0000          |1.6140
14   |0.5389    |0.0750              |1.0000          |1.6139
15   |0.5543    |0.0500              |1.0000          |1.6043
35   |0.5515    |0.0417              |1.0000          |1.5931
32   |0.5002    |0.0500              |1.0000          |1.5502
26   |0.4972    |0.0417              |1.0000          |1.5389
29   |0.0488    |0.2667              |1.0000          |1.3154
25   |0.0465    |0.2667              |1.0000          |1.3132
21   |0.0004    |0.3500              |0.7527          |1.1031
27   |0.0475    |0.0500              |1.0000          |1.0975
22   |0.0454    |0.0417              |1.0000          |1.0871
28   |0.0004    |0.0667              |1.0000          |1.0671
33   |0.0045    |0.0500              |1.0000          |1.0545
31   |0.0004    |0.0500              |1.0000          |1.0504

Team Events (sorted, for dev use, diff check with others to ensure truly different schedules created):
------------------------------------------------------------
0, 94, 142, 205, 250, 293
1, 100, 145, 208, 277, 325
2, 99, 146, 196, 240, 296
3, 109, 153, 175, 239, 301
4, 101, 156, 189, 241, 303
5, 97, 148, 183, 232, 295
6, 96, 152, 187, 228, 287
7, 108, 154, 211, 254, 317
8, 104, 161, 178, 224, 286
9, 121, 163, 174, 223, 282
10, 125, 157, 195, 246, 309
11, 113, 164, 203, 252, 302
12, 122, 158, 182, 255, 322
13, 123, 155, 207, 276, 319
14, 118, 162, 193, 231, 279
15, 132, 160, 192, 269, 305
16, 119, 150, 198, 263, 308
17, 120, 165, 197, 260, 311
18, 75, 138, 202, 220, 275
19, 59, 144, 204, 256, 294
20, 85, 130, 206, 226, 270
22, 78, 149, 191, 236, 273
23, 56, 151, 200, 248, 304
24, 54, 159, 170, 215, 274
25, 71, 147, 214, 264, 307
26, 60, 143, 218, 272, 310
27, 69, 91, 216, 258, 298
28, 95, 111, 219, 262, 284
29, 64, 98, 210, 257, 300
30, 61, 90, 190, 234, 280
31, 88, 105, 221, 266, 285
32, 58, 87, 209, 261, 297
33, 76, 86, 213, 229, 271
34, 57, 89, 173, 217, 281
35, 55, 93, 179, 222, 289
36, 63, 103, 212, 267, 316
37, 77, 110, 188, 237, 290
38, 67, 117, 177, 230, 292
39, 74, 114, 184, 238, 288
40, 65, 115, 186, 251, 312
41, 72, 124, 166, 225, 278
42, 66, 112, 185, 268, 320
43, 62, 116, 199, 253, 291
44, 68, 102, 201, 243, 283
45, 92, 139, 167, 235, 306
46, 84, 136, 194, 265, 324
47, 81, 137, 180, 259, 323
48, 80, 141, 168, 233, 299
49, 70, 131, 176, 247, 321
50, 79, 135, 181, 245, 313
51, 73, 133, 172, 244, 315
52, 82, 134, 169, 249, 318
53, 83, 140, 171, 242, 314
