FLL Scheduler GA Summary Report (ID: 2132118888496 | Hash: 8413014606557266740)

Attributes:
--------------------
rank: 0
origin: (C | KPoint(k=2))
mutations: 1
clones: 1
_hash: 8413014606557266740
Length: 318

Fitness:
--------------------------
BreakTime           : 0.31062795876048954
LocationConsistency : 0.0
OpponentVariety     : 0.8754111684107535
-----------------------------------
Total               : 1.186039127171243
Percentage          : 39.53%

Per-Objective Statistics (Team Distribution):
-----------------------------------------------------------------
Objective                 | Min      | Max      | Avg      | Range   
-----------------------------------------------------------------
BreakTime                 | 0.0004   | 0.9193   | 0.5394   | 0.9189  
LocationConsistency       | 0.0417   | 0.9500   | 0.2009   | 0.9083  
OpponentVariety           | 0.7527   | 1.0000   | 0.9953   | 0.2473  

Team fitnesses (sorted by total fitness descending):
----------------------------------------------------
Max     : 2.539497
Min     : 0.794778
Range   : 1.744719
Average : 1.735659

Team |BreakTime |LocationConsistency |OpponentVariety |Sum
------------------------------------------------------------
9    |0.5895    |0.9500              |1.0000          |2.5395
46   |0.7914    |0.6417              |1.0000          |2.4331
48   |0.8630    |0.5250              |1.0000          |2.3880
40   |0.6732    |0.6417              |1.0000          |2.3148
39   |0.6257    |0.6417              |1.0000          |2.2673
51   |0.8672    |0.2667              |1.0000          |2.1338
38   |0.6764    |0.3500              |1.0000          |2.0264
5    |0.6329    |0.3500              |1.0000          |1.9829
15   |0.6158    |0.3667              |1.0000          |1.9825
53   |0.9139    |0.0500              |1.0000          |1.9639
47   |0.9193    |0.0417              |1.0000          |1.9610
52   |0.9185    |0.0417              |1.0000          |1.9602
6    |0.6005    |0.3500              |1.0000          |1.9505
49   |0.8925    |0.0417              |1.0000          |1.9342
50   |0.8793    |0.0500              |1.0000          |1.9293
32   |0.5616    |0.3667              |1.0000          |1.9282
45   |0.8865    |0.0417              |1.0000          |1.9281
1    |0.6485    |0.2667              |1.0000          |1.9152
17   |0.5389    |0.3500              |1.0000          |1.8889
36   |0.6044    |0.2667              |1.0000          |1.8710
25   |0.6013    |0.2667              |1.0000          |1.8680
18   |0.5901    |0.2667              |1.0000          |1.8568
16   |0.5758    |0.2667              |1.0000          |1.8424
11   |0.5556    |0.2667              |1.0000          |1.8223
3    |0.5474    |0.2667              |1.0000          |1.8141
27   |0.5002    |0.2667              |1.0000          |1.7669
41   |0.6673    |0.0500              |1.0000          |1.7173
43   |0.6637    |0.0417              |1.0000          |1.7054
37   |0.6273    |0.0750              |1.0000          |1.7023
2    |0.6216    |0.0750              |1.0000          |1.6966
10   |0.5920    |0.0667              |1.0000          |1.6586
44   |0.5936    |0.0417              |1.0000          |1.6353
42   |0.5809    |0.0500              |1.0000          |1.6309
7    |0.5774    |0.0417              |1.0000          |1.6190
8    |0.5719    |0.0417              |1.0000          |1.6135
4    |0.5640    |0.0417              |1.0000          |1.6057
14   |0.5543    |0.0500              |1.0000          |1.6043
12   |0.5619    |0.0417              |1.0000          |1.6036
31   |0.5515    |0.0417              |1.0000          |1.5931
13   |0.5379    |0.0500              |1.0000          |1.5879
23   |0.5397    |0.0417              |1.0000          |1.5814
24   |0.5082    |0.0667              |1.0000          |1.5749
21   |0.4972    |0.0750              |1.0000          |1.5722
33   |0.5133    |0.0417              |1.0000          |1.5550
34   |0.0488    |0.3500              |1.0000          |1.3988
20   |0.0004    |0.3500              |1.0000          |1.3504
22   |0.0465    |0.2667              |1.0000          |1.3132
26   |0.0454    |0.2667              |1.0000          |1.3121
29   |0.0475    |0.0500              |1.0000          |1.0975
35   |0.0045    |0.0750              |1.0000          |1.0795
28   |0.0004    |0.0667              |1.0000          |1.0671
30   |0.0004    |0.0500              |1.0000          |1.0504
19   |0.0004    |0.0417              |0.7527          |0.7948

Team Events (sorted, for dev use, diff check with others to ensure truly different schedules created):
------------------------------------------------------------
0, 103, 161, 177, 224, 293
1, 101, 157, 188, 241, 308
2, 94, 149, 198, 249, 287
3, 100, 146, 209, 271, 325
4, 109, 154, 180, 244, 301
5, 97, 155, 187, 228, 292
6, 108, 153, 210, 261, 310
7, 98, 145, 196, 240, 299
8, 96, 143, 183, 232, 295
9, 122, 162, 181, 223, 283
10, 125, 156, 195, 252, 302
11, 113, 164, 200, 246, 309
12, 121, 150, 204, 263, 303
13, 120, 163, 193, 231, 279
14, 118, 158, 182, 260, 322
15, 132, 160, 192, 269, 305
16, 119, 152, 206, 270, 319
17, 123, 165, 197, 255, 316
19, 85, 129, 207, 226, 276
20, 72, 137, 201, 220, 273
21, 60, 148, 218, 274, 317
22, 77, 144, 214, 264, 307
23, 57, 151, 203, 250, 304
24, 59, 147, 199, 258, 294
25, 54, 159, 170, 215, 272
26, 79, 142, 191, 236, 275
27, 58, 87, 208, 254, 298
28, 95, 111, 219, 262, 284
29, 69, 90, 216, 257, 296
30, 89, 102, 221, 266, 285
31, 55, 92, 176, 222, 290
32, 56, 88, 173, 217, 280
33, 61, 91, 190, 234, 281
34, 64, 99, 211, 259, 300
35, 71, 86, 213, 229, 277
36, 63, 104, 212, 267, 311
37, 70, 110, 189, 237, 288
38, 66, 112, 184, 268, 320
39, 73, 115, 185, 245, 291
40, 65, 114, 186, 248, 313
41, 67, 117, 178, 230, 286
42, 68, 105, 202, 243, 282
43, 74, 124, 167, 225, 278
44, 62, 116, 205, 247, 289
45, 93, 136, 166, 235, 306
46, 84, 138, 194, 265, 324
47, 75, 133, 172, 239, 314
48, 78, 134, 174, 238, 312
49, 76, 128, 179, 253, 321
50, 83, 141, 168, 233, 297
51, 82, 139, 175, 256, 323
52, 80, 135, 169, 251, 318
53, 81, 140, 171, 242, 315
