FLL Scheduler GA Summary Report (ID: 2132126148288 | Hash: 5808665784610786339)

Attributes:
--------------------
rank: 0
origin: (C | RoundTypeCrossover)
mutations: 0
clones: 0
_hash: 5808665784610786339
Length: 318

Fitness:
--------------------------
BreakTime           : 0.31062795876048954
LocationConsistency : 0.0
OpponentVariety     : 0.8754111684107535
-----------------------------------
Total               : 1.186039127171243
Percentage          : 39.53%

Per-Objective Statistics (Team Distribution):
-----------------------------------------------------------------
Objective                 | Min      | Max      | Avg      | Range   
-----------------------------------------------------------------
BreakTime                 | 0.0004   | 0.9193   | 0.5394   | 0.9189  
LocationConsistency       | 0.0417   | 0.9500   | 0.2255   | 0.9083  
OpponentVariety           | 0.7527   | 1.0000   | 0.9953   | 0.2473  

Team fitnesses (sorted by total fitness descending):
----------------------------------------------------
Max     : 2.554359
Min     : 1.050419
Range   : 1.503941
Average : 1.760188

Team |BreakTime |LocationConsistency |OpponentVariety |Sum
------------------------------------------------------------
42   |0.6044    |0.9500              |1.0000          |2.5544
44   |0.6257    |0.6417              |1.0000          |2.2673
15   |0.6158    |0.6417              |1.0000          |2.2575
49   |0.8925    |0.2667              |1.0000          |2.1592
46   |0.7914    |0.2667              |1.0000          |2.0581
38   |0.6764    |0.3500              |1.0000          |2.0264
53   |0.9139    |0.0500              |1.0000          |1.9639
47   |0.9193    |0.0417              |1.0000          |1.9610
52   |0.9185    |0.0417              |1.0000          |1.9602
10   |0.5920    |0.3667              |1.0000          |1.9586
6    |0.6005    |0.3500              |1.0000          |1.9505
41   |0.6732    |0.2667              |1.0000          |1.9398
8    |0.5895    |0.3500              |1.0000          |1.9395
9    |0.5719    |0.3667              |1.0000          |1.9385
43   |0.6673    |0.2667              |1.0000          |1.9339
36   |0.5809    |0.3500              |1.0000          |1.9309
37   |0.6637    |0.2667              |1.0000          |1.9304
48   |0.8630    |0.0667              |1.0000          |1.9297
50   |0.8793    |0.0500              |1.0000          |1.9293
45   |0.8865    |0.0417              |1.0000          |1.9281
51   |0.8672    |0.0417              |1.0000          |1.9088
5    |0.6329    |0.2667              |1.0000          |1.8995
40   |0.6273    |0.2667              |1.0000          |1.8939
1    |0.6216    |0.2667              |1.0000          |1.8883
25   |0.6013    |0.2667              |1.0000          |1.8680
33   |0.5133    |0.3500              |1.0000          |1.8633
17   |0.5901    |0.2667              |1.0000          |1.8568
18   |0.5758    |0.2667              |1.0000          |1.8424
12   |0.5619    |0.2667              |1.0000          |1.8286
32   |0.5616    |0.2667              |1.0000          |1.8282
11   |0.5556    |0.2667              |1.0000          |1.8223
20   |0.5397    |0.2667              |1.0000          |1.8064
16   |0.5389    |0.2667              |1.0000          |1.8056
19   |0.5082    |0.2667              |1.0000          |1.7749
3    |0.6485    |0.0667              |1.0000          |1.7152
39   |0.5936    |0.0500              |1.0000          |1.6436
7    |0.5774    |0.0417              |1.0000          |1.6190
4    |0.5640    |0.0500              |1.0000          |1.6140
14   |0.5543    |0.0417              |1.0000          |1.5960
31   |0.5515    |0.0417              |1.0000          |1.5931
2    |0.5474    |0.0417              |1.0000          |1.5891
13   |0.5379    |0.0500              |1.0000          |1.5879
23   |0.0454    |0.5250              |1.0000          |1.5704
27   |0.5002    |0.0417              |1.0000          |1.5419
26   |0.4972    |0.0417              |1.0000          |1.5389
21   |0.0465    |0.2667              |1.0000          |1.3132
35   |0.0045    |0.2667              |1.0000          |1.2711
24   |0.0004    |0.2667              |1.0000          |1.2671
34   |0.0488    |0.0667              |1.0000          |1.1154
22   |0.0004    |0.3500              |0.7527          |1.1031
29   |0.0475    |0.0417              |1.0000          |1.0891
28   |0.0004    |0.0667              |1.0000          |1.0671
30   |0.0004    |0.0500              |1.0000          |1.0504

Team Events (sorted, for dev use, diff check with others to ensure truly different schedules created):
------------------------------------------------------------
0, 94, 156, 188, 242, 303
1, 100, 149, 198, 249, 287
2, 105, 161, 178, 224, 293
3, 95, 146, 211, 270, 318
4, 102, 152, 175, 238, 301
5, 98, 153, 186, 226, 292
6, 103, 154, 208, 261, 310
7, 99, 142, 183, 235, 295
8, 97, 145, 194, 243, 297
9, 123, 163, 174, 223, 283
10, 118, 157, 195, 247, 309
11, 113, 164, 200, 252, 302
12, 121, 150, 204, 263, 308
13, 120, 162, 193, 237, 279
14, 124, 158, 182, 260, 322
15, 125, 155, 213, 271, 324
16, 122, 165, 197, 255, 316
17, 126, 160, 192, 269, 305
18, 56, 147, 199, 259, 294
19, 58, 151, 203, 250, 304
20, 77, 144, 214, 264, 307
21, 85, 129, 212, 228, 277
22, 79, 143, 191, 231, 274
23, 72, 138, 201, 220, 272
25, 61, 159, 170, 215, 273
26, 55, 148, 218, 275, 317
27, 57, 87, 210, 254, 296
28, 101, 117, 219, 262, 284
29, 69, 90, 216, 257, 299
30, 89, 104, 221, 266, 285
31, 60, 93, 179, 222, 290
32, 59, 88, 173, 217, 280
33, 54, 91, 190, 233, 281
34, 64, 96, 209, 258, 300
35, 71, 86, 206, 227, 276
36, 68, 106, 202, 241, 282
37, 74, 119, 167, 225, 278
38, 66, 112, 184, 268, 320
39, 62, 111, 205, 253, 289
40, 70, 116, 189, 230, 288
41, 65, 114, 187, 248, 313
42, 63, 107, 207, 267, 311
43, 67, 110, 177, 236, 286
44, 73, 115, 185, 239, 291
45, 92, 139, 166, 232, 306
46, 84, 136, 196, 265, 319
47, 75, 127, 172, 245, 314
48, 78, 134, 181, 244, 312
49, 76, 128, 176, 246, 321
50, 83, 141, 168, 234, 298
51, 82, 137, 180, 256, 323
52, 80, 135, 169, 251, 325
53, 81, 140, 171, 240, 315
