FLL Scheduler GA Summary Report (ID: 2132118890624 | Hash: -3911298738963625823)

Attributes:
--------------------
rank: 0
origin: (C | RoundTypeCrossover)
mutations: 0
clones: 0
_hash: -3911298738963625823
Length: 318

Fitness:
--------------------------
BreakTime           : 0.31062795876048954
LocationConsistency : 0.0
OpponentVariety     : 0.8754111684107535
-----------------------------------
Total               : 1.186039127171243
Percentage          : 39.53%

Per-Objective Statistics (Team Distribution):
-----------------------------------------------------------------
Objective                 | Min      | Max      | Avg      | Range   
-----------------------------------------------------------------
BreakTime                 | 0.0004   | 0.9193   | 0.5394   | 0.9189  
LocationConsistency       | 0.0417   | 0.6417   | 0.1986   | 0.6000  
OpponentVariety           | 0.7527   | 1.0000   | 0.9953   | 0.2473  

Team fitnesses (sorted by total fitness descending):
----------------------------------------------------
Max     : 2.314821
Min     : 1.042085
Range   : 1.272736
Average : 1.733301

Team |BreakTime |LocationConsistency |OpponentVariety |Sum
------------------------------------------------------------
41   |0.6732    |0.6417              |1.0000          |2.3148
45   |0.9139    |0.3500              |1.0000          |2.2639
48   |0.8793    |0.3500              |1.0000          |2.2293
52   |0.8865    |0.2667              |1.0000          |2.1531
53   |0.7914    |0.3500              |1.0000          |2.1414
47   |0.8672    |0.2667              |1.0000          |2.1338
50   |0.8630    |0.2667              |1.0000          |2.1297
42   |0.6764    |0.3500              |1.0000          |2.0264
51   |0.9193    |0.0417              |1.0000          |1.9610
46   |0.9185    |0.0417              |1.0000          |1.9602
4    |0.5895    |0.3500              |1.0000          |1.9395
49   |0.8925    |0.0417              |1.0000          |1.9342
43   |0.6673    |0.2667              |1.0000          |1.9339
33   |0.5616    |0.3500              |1.0000          |1.9116
6    |0.6329    |0.2667              |1.0000          |1.8995
37   |0.6273    |0.2667              |1.0000          |1.8939
40   |0.6257    |0.2667              |1.0000          |1.8923
24   |0.5397    |0.3500              |1.0000          |1.8897
15   |0.6158    |0.2667              |1.0000          |1.8825
22   |0.5082    |0.3667              |1.0000          |1.8749
36   |0.6044    |0.2667              |1.0000          |1.8710
17   |0.5901    |0.2667              |1.0000          |1.8568
7    |0.5719    |0.2667              |1.0000          |1.8385
13   |0.5543    |0.2667              |1.0000          |1.8210
8    |0.5474    |0.2667              |1.0000          |1.8141
28   |0.5133    |0.2667              |1.0000          |1.7800
32   |0.5002    |0.2667              |1.0000          |1.7669
39   |0.6637    |0.0500              |1.0000          |1.7137
1    |0.6485    |0.0417              |1.0000          |1.6902
3    |0.6216    |0.0667              |1.0000          |1.6883
21   |0.6013    |0.0667              |1.0000          |1.6680
9    |0.6005    |0.0500              |1.0000          |1.6505
44   |0.5936    |0.0500              |1.0000          |1.6436
10   |0.5920    |0.0417              |1.0000          |1.6336
38   |0.5809    |0.0500              |1.0000          |1.6309
5    |0.5774    |0.0417              |1.0000          |1.6190
16   |0.5758    |0.0417              |1.0000          |1.6174
2    |0.5640    |0.0500              |1.0000          |1.6140
18   |0.5556    |0.0500              |1.0000          |1.6056
12   |0.5619    |0.0417              |1.0000          |1.6036
35   |0.5515    |0.0417              |1.0000          |1.5931
14   |0.5389    |0.0500              |1.0000          |1.5889
11   |0.5379    |0.0500              |1.0000          |1.5879
20   |0.4972    |0.0667              |1.0000          |1.5639
26   |0.0004    |0.6417              |0.7527          |1.3948
34   |0.0004    |0.3667              |1.0000          |1.3671
30   |0.0045    |0.3500              |1.0000          |1.3545
19   |0.0465    |0.2667              |1.0000          |1.3132
25   |0.0004    |0.2667              |1.0000          |1.2671
23   |0.0454    |0.0667              |1.0000          |1.1121
29   |0.0488    |0.0500              |1.0000          |1.0988
31   |0.0475    |0.0417              |1.0000          |1.0891
27   |0.0004    |0.0417              |1.0000          |1.0421

Team Events (sorted, for dev use, diff check with others to ensure truly different schedules created):
------------------------------------------------------------
0, 103, 161, 178, 224, 293
1, 101, 146, 208, 270, 318
2, 100, 156, 189, 241, 302
3, 97, 143, 183, 235, 295
4, 108, 152, 211, 261, 310
5, 109, 155, 175, 244, 301
6, 98, 145, 191, 240, 297
7, 94, 149, 205, 250, 287
8, 96, 154, 187, 228, 292
9, 120, 163, 174, 223, 282
10, 124, 151, 198, 262, 309
11, 113, 165, 203, 246, 303
12, 125, 162, 194, 236, 278
13, 123, 153, 207, 271, 324
14, 122, 159, 182, 260, 322
15, 132, 160, 195, 269, 305
16, 121, 164, 190, 255, 316
17, 119, 157, 192, 252, 308
18, 71, 144, 214, 264, 306
19, 60, 148, 218, 275, 317
20, 54, 158, 170, 215, 273
21, 59, 147, 204, 259, 294
23, 78, 142, 196, 231, 274
24, 57, 150, 201, 249, 304
25, 75, 138, 202, 220, 272
26, 85, 130, 206, 226, 277
27, 88, 102, 221, 266, 284
28, 61, 91, 197, 233, 280
29, 64, 99, 210, 258, 300
30, 76, 87, 213, 229, 276
31, 69, 90, 216, 257, 299
32, 58, 86, 209, 254, 296
33, 56, 89, 173, 217, 281
34, 95, 111, 219, 263, 285
35, 55, 93, 179, 222, 290
36, 63, 104, 212, 267, 311
37, 77, 110, 188, 230, 288
38, 68, 105, 200, 243, 283
39, 72, 118, 167, 225, 279
40, 74, 115, 185, 245, 291
41, 65, 114, 186, 251, 313
42, 66, 112, 184, 268, 320
43, 67, 117, 177, 237, 286
44, 62, 116, 199, 247, 289
45, 83, 141, 171, 242, 314
46, 82, 135, 169, 248, 325
47, 81, 136, 180, 256, 323
48, 80, 140, 168, 234, 298
49, 70, 131, 176, 253, 321
50, 79, 134, 181, 238, 312
51, 73, 133, 172, 239, 315
52, 92, 139, 166, 232, 307
53, 84, 137, 193, 265, 319
