FLL Scheduler GA Summary Report (ID: 2132111949408 | Hash: -1825541914755035333)

Attributes:
--------------------
rank: 0
origin: (C | KPoint(k=3))
mutations: 0
clones: 0
_hash: -1825541914755035333
Length: 318

Fitness:
--------------------------
BreakTime           : 0.31062795876048954
LocationConsistency : 0.0
OpponentVariety     : 0.8754111684107535
-----------------------------------
Total               : 1.186039127171243
Percentage          : 39.53%

Per-Objective Statistics (Team Distribution):
-----------------------------------------------------------------
Objective                 | Min      | Max      | Avg      | Range   
-----------------------------------------------------------------
BreakTime                 | 0.0004   | 0.9193   | 0.5394   | 0.9189  
LocationConsistency       | 0.0417   | 0.9500   | 0.2412   | 0.9083  
OpponentVariety           | 0.7527   | 1.0000   | 0.9953   | 0.2473  

Team fitnesses (sorted by total fitness descending):
----------------------------------------------------
Max     : 2.741434
Min     : 0.794778
Range   : 1.946655
Average : 1.775911

Team |BreakTime |LocationConsistency |OpponentVariety |Sum
------------------------------------------------------------
50   |0.7914    |0.9500              |1.0000          |2.7414
36   |0.6044    |0.9500              |1.0000          |2.5544
39   |0.6637    |0.6417              |1.0000          |2.3054
48   |0.8630    |0.3500              |1.0000          |2.2130
47   |0.9193    |0.2667              |1.0000          |2.1860
46   |0.9185    |0.2667              |1.0000          |2.1852
30   |0.5133    |0.6417              |1.0000          |2.1550
53   |0.8865    |0.2667              |1.0000          |2.1531
52   |0.8793    |0.2667              |1.0000          |2.1460
51   |0.8672    |0.2667              |1.0000          |2.1338
44   |0.6732    |0.3500              |1.0000          |2.0232
8    |0.6329    |0.3500              |1.0000          |1.9829
45   |0.9139    |0.0500              |1.0000          |1.9639
49   |0.8925    |0.0667              |1.0000          |1.9592
24   |0.6013    |0.3500              |1.0000          |1.9513
2    |0.5895    |0.3500              |1.0000          |1.9395
1    |0.6485    |0.2667              |1.0000          |1.9152
14   |0.5543    |0.3500              |1.0000          |1.9043
23   |0.5397    |0.3500              |1.0000          |1.8897
18   |0.5389    |0.3500              |1.0000          |1.8889
5    |0.6216    |0.2667              |1.0000          |1.8883
11   |0.6158    |0.2667              |1.0000          |1.8825
7    |0.5719    |0.2667              |1.0000          |1.8385
6    |0.5474    |0.2667              |1.0000          |1.8141
16   |0.5379    |0.2667              |1.0000          |1.8046
22   |0.5082    |0.2667              |1.0000          |1.7749
42   |0.6764    |0.0500              |1.0000          |1.7264
38   |0.6673    |0.0500              |1.0000          |1.7173
19   |0.0465    |0.6417              |1.0000          |1.6882
37   |0.6273    |0.0417              |1.0000          |1.6689
43   |0.6257    |0.0417              |1.0000          |1.6673
40   |0.5936    |0.0500              |1.0000          |1.6436
9    |0.6005    |0.0417              |1.0000          |1.6422
26   |0.0004    |0.6417              |1.0000          |1.6421
13   |0.5920    |0.0417              |1.0000          |1.6336
15   |0.5901    |0.0417              |1.0000          |1.6318
41   |0.5809    |0.0500              |1.0000          |1.6309
3    |0.5774    |0.0417              |1.0000          |1.6190
17   |0.5758    |0.0417              |1.0000          |1.6174
12   |0.5619    |0.0500              |1.0000          |1.6119
4    |0.5640    |0.0417              |1.0000          |1.6057
10   |0.5556    |0.0500              |1.0000          |1.6056
34   |0.5616    |0.0417              |1.0000          |1.6032
35   |0.5515    |0.0417              |1.0000          |1.5931
25   |0.4972    |0.0667              |1.0000          |1.5639
32   |0.5002    |0.0417              |1.0000          |1.5419
28   |0.0004    |0.3667              |1.0000          |1.3671
33   |0.0045    |0.3500              |1.0000          |1.3545
29   |0.0475    |0.2667              |1.0000          |1.3141
21   |0.0454    |0.2667              |1.0000          |1.3121
31   |0.0488    |0.0417              |1.0000          |1.0904
27   |0.0004    |0.0417              |1.0000          |1.0421
20   |0.0004    |0.0417              |0.7527          |0.7948

Team Events (sorted, for dev use, diff check with others to ensure truly different schedules created):
------------------------------------------------------------
0, 102, 161, 178, 224, 286
1, 96, 143, 183, 235, 295
2, 108, 153, 208, 261, 310
3, 100, 147, 210, 277, 318
4, 101, 150, 189, 242, 303
5, 95, 149, 205, 250, 292
6, 98, 145, 191, 243, 297
7, 109, 155, 175, 239, 301
8, 97, 154, 187, 228, 287
9, 118, 151, 192, 252, 308
10, 125, 158, 182, 260, 322
11, 112, 164, 203, 246, 302
12, 121, 163, 174, 223, 280
13, 123, 162, 195, 236, 284
14, 120, 165, 190, 255, 316
15, 122, 157, 198, 263, 309
16, 127, 160, 194, 269, 305
17, 124, 152, 213, 276, 324
18, 71, 144, 215, 264, 306
19, 78, 131, 212, 226, 271
20, 84, 142, 196, 231, 272
21, 59, 146, 204, 259, 294
22, 57, 156, 200, 249, 304
24, 54, 159, 170, 214, 274
25, 60, 148, 219, 273, 317
26, 75, 138, 202, 220, 275
27, 91, 103, 221, 266, 278
28, 94, 110, 218, 262, 279
29, 69, 88, 216, 257, 298
30, 61, 89, 197, 233, 282
31, 64, 99, 209, 258, 300
32, 58, 87, 211, 254, 296
33, 76, 86, 206, 229, 270
34, 56, 90, 172, 217, 283
35, 55, 93, 179, 222, 289
36, 63, 107, 207, 267, 311
37, 77, 111, 188, 230, 290
38, 67, 116, 177, 237, 293
39, 73, 119, 167, 225, 285
40, 62, 117, 199, 247, 291
41, 68, 106, 201, 240, 281
42, 66, 113, 184, 268, 320
43, 74, 115, 185, 238, 288
44, 65, 114, 186, 251, 315
45, 80, 141, 171, 241, 313
46, 81, 135, 169, 248, 325
47, 72, 130, 173, 244, 312
48, 85, 134, 181, 245, 314
49, 70, 126, 176, 253, 321
50, 79, 137, 193, 265, 319
51, 82, 136, 180, 256, 323
52, 83, 140, 168, 234, 299
53, 92, 139, 166, 232, 307
