FLL Scheduler GA Summary Report (ID: 2132037132896 | Hash: -3546296438552062183)

Attributes:
--------------------
rank: 0
origin: (C | RoundTypeCrossover)
mutations: 1
clones: 1
_hash: -3546296438552062183
Length: 318

Fitness:
--------------------------
BreakTime           : 0.31062795876048954
LocationConsistency : 0.0
OpponentVariety     : 0.8754111684107535
-----------------------------------
Total               : 1.186039127171243
Percentage          : 39.53%

Per-Objective Statistics (Team Distribution):
-----------------------------------------------------------------
Objective                 | Min      | Max      | Avg      | Range   
-----------------------------------------------------------------
BreakTime                 | 0.0004   | 0.9193   | 0.5394   | 0.9189  
LocationConsistency       | 0.0417   | 0.6417   | 0.1978   | 0.6000  
OpponentVariety           | 0.7527   | 1.0000   | 0.9953   | 0.2473  

Team fitnesses (sorted by total fitness descending):
----------------------------------------------------
Max     : 2.318059
Min     : 0.803112
Range   : 1.514947
Average : 1.732515

Team |BreakTime |LocationConsistency |OpponentVariety |Sum
------------------------------------------------------------
38   |0.6764    |0.6417              |1.0000          |2.3181
6    |0.6005    |0.6417              |1.0000          |2.2422
50   |0.8793    |0.3500              |1.0000          |2.2293
47   |0.9193    |0.2667              |1.0000          |2.1860
53   |0.9139    |0.2667              |1.0000          |2.1805
49   |0.8925    |0.2667              |1.0000          |2.1592
40   |0.6732    |0.3500              |1.0000          |2.0232
44   |0.6273    |0.3500              |1.0000          |1.9773
52   |0.9185    |0.0500              |1.0000          |1.9685
10   |0.5920    |0.3667              |1.0000          |1.9586
9    |0.5719    |0.3667              |1.0000          |1.9385
48   |0.8630    |0.0667              |1.0000          |1.9297
31   |0.5616    |0.3667              |1.0000          |1.9282
45   |0.8865    |0.0417              |1.0000          |1.9281
51   |0.8672    |0.0417              |1.0000          |1.9088
3    |0.5474    |0.3500              |1.0000          |1.8974
39   |0.6257    |0.2667              |1.0000          |1.8923
15   |0.6158    |0.2667              |1.0000          |1.8825
41   |0.6044    |0.2667              |1.0000          |1.8710
25   |0.6013    |0.2667              |1.0000          |1.8680
28   |0.5133    |0.3500              |1.0000          |1.8633
42   |0.5936    |0.2667              |1.0000          |1.8603
8    |0.5895    |0.2667              |1.0000          |1.8562
46   |0.7914    |0.0500              |1.0000          |1.8414
12   |0.5619    |0.2667              |1.0000          |1.8286
11   |0.5556    |0.2667              |1.0000          |1.8223
13   |0.5379    |0.2667              |1.0000          |1.8046
1    |0.6485    |0.0667              |1.0000          |1.7152
43   |0.6673    |0.0417              |1.0000          |1.7089
37   |0.6637    |0.0417              |1.0000          |1.7054
5    |0.6329    |0.0500              |1.0000          |1.6829
2    |0.6216    |0.0500              |1.0000          |1.6716
36   |0.5809    |0.0750              |1.0000          |1.6559
24   |0.0004    |0.6417              |1.0000          |1.6421
17   |0.5901    |0.0417              |1.0000          |1.6318
7    |0.5774    |0.0417              |1.0000          |1.6190
18   |0.5758    |0.0417              |1.0000          |1.6174
4    |0.5640    |0.0417              |1.0000          |1.6057
14   |0.5543    |0.0417              |1.0000          |1.5960
29   |0.5515    |0.0417              |1.0000          |1.5931
20   |0.5397    |0.0500              |1.0000          |1.5897
16   |0.5389    |0.0500              |1.0000          |1.5889
22   |0.5082    |0.0667              |1.0000          |1.5749
26   |0.4972    |0.0750              |1.0000          |1.5722
33   |0.5002    |0.0417              |1.0000          |1.5419
19   |0.0454    |0.3667              |1.0000          |1.4121
27   |0.0475    |0.2667              |1.0000          |1.3141
23   |0.0465    |0.2667              |1.0000          |1.3132
35   |0.0045    |0.2667              |1.0000          |1.2711
34   |0.0488    |0.0667              |1.0000          |1.1154
30   |0.0004    |0.0667              |1.0000          |1.0671
32   |0.0004    |0.0500              |1.0000          |1.0504
21   |0.0004    |0.0500              |0.7527          |0.8031

Team Events (sorted, for dev use, diff check with others to ensure truly different schedules created):
------------------------------------------------------------
0, 105, 161, 178, 224, 286
1, 94, 156, 183, 243, 303
2, 100, 149, 205, 249, 293
3, 95, 146, 208, 277, 318
4, 102, 152, 175, 245, 301
5, 98, 153, 185, 226, 287
6, 103, 154, 211, 261, 310
7, 99, 142, 188, 235, 295
8, 97, 145, 191, 242, 297
9, 123, 163, 174, 223, 283
10, 118, 157, 192, 247, 309
11, 113, 164, 203, 252, 302
12, 121, 150, 198, 263, 308
13, 120, 162, 195, 236, 279
14, 124, 158, 189, 260, 322
15, 125, 155, 207, 276, 324
16, 122, 165, 190, 255, 316
17, 126, 160, 194, 269, 305
18, 79, 143, 196, 231, 275
19, 57, 151, 200, 250, 304
20, 85, 129, 206, 228, 270
21, 59, 147, 204, 258, 294
22, 77, 144, 214, 264, 307
23, 72, 138, 202, 220, 272
25, 54, 159, 168, 215, 273
26, 60, 148, 218, 274, 317
27, 69, 90, 216, 257, 298
28, 61, 91, 197, 233, 281
29, 55, 92, 179, 222, 289
30, 101, 117, 219, 262, 284
31, 56, 88, 166, 217, 280
32, 89, 104, 221, 266, 285
33, 58, 87, 209, 254, 296
34, 64, 96, 210, 259, 300
35, 71, 86, 213, 227, 271
36, 68, 108, 201, 241, 282
37, 74, 119, 173, 225, 278
38, 66, 112, 186, 268, 320
39, 73, 115, 187, 244, 288
40, 65, 114, 184, 248, 313
41, 63, 109, 212, 267, 311
42, 62, 111, 199, 253, 291
43, 67, 110, 177, 237, 292
44, 70, 116, 182, 230, 290
45, 93, 139, 172, 232, 306
46, 84, 136, 193, 265, 319
47, 75, 127, 167, 238, 314
48, 78, 134, 181, 239, 312
49, 76, 128, 176, 246, 321
50, 83, 141, 170, 234, 299
51, 82, 137, 180, 256, 323
52, 80, 135, 171, 251, 325
53, 81, 140, 169, 240, 315
