FLL Scheduler GA Summary Report (ID: 2132118888832 | Hash: -1697239171841533061)

Attributes:
--------------------
rank: 0
origin: (C | KPoint(k=2))
mutations: 0
clones: 0
_hash: -1697239171841533061
Length: 318

Fitness:
--------------------------
BreakTime           : 0.31062795876048954
LocationConsistency : 0.0
OpponentVariety     : 0.8754111684107535
-----------------------------------
Total               : 1.186039127171243
Percentage          : 39.53%

Per-Objective Statistics (Team Distribution):
-----------------------------------------------------------------
Objective                 | Min      | Max      | Avg      | Range   
-----------------------------------------------------------------
BreakTime                 | 0.0004   | 0.9193   | 0.5394   | 0.9189  
LocationConsistency       | 0.0417   | 0.9500   | 0.2168   | 0.9083  
OpponentVariety           | 0.7527   | 1.0000   | 0.9953   | 0.2473  

Team fitnesses (sorted by total fitness descending):
----------------------------------------------------
Max     : 2.741434
Min     : 0.794778
Range   : 1.946655
Average : 1.751540

Team |BreakTime |LocationConsistency |OpponentVariety |Sum
------------------------------------------------------------
50   |0.7914    |0.9500              |1.0000          |2.7414
39   |0.6637    |0.6417              |1.0000          |2.3054
48   |0.8630    |0.3500              |1.0000          |2.2130
47   |0.9193    |0.2667              |1.0000          |2.1860
46   |0.9185    |0.2667              |1.0000          |2.1852
53   |0.8865    |0.2667              |1.0000          |2.1531
52   |0.8793    |0.2667              |1.0000          |2.1460
51   |0.8672    |0.2667              |1.0000          |2.1338
44   |0.6732    |0.3500              |1.0000          |2.0232
49   |0.8925    |0.0750              |1.0000          |1.9675
45   |0.9139    |0.0500              |1.0000          |1.9639
36   |0.6044    |0.3500              |1.0000          |1.9544
23   |0.6013    |0.3500              |1.0000          |1.9513
12   |0.5619    |0.3500              |1.0000          |1.9119
14   |0.5543    |0.3500              |1.0000          |1.9043
37   |0.6273    |0.2667              |1.0000          |1.8939
43   |0.6257    |0.2667              |1.0000          |1.8923
17   |0.5389    |0.3500              |1.0000          |1.8889
3    |0.6216    |0.2667              |1.0000          |1.8883
11   |0.6158    |0.2667              |1.0000          |1.8825
4    |0.5895    |0.2667              |1.0000          |1.8562
41   |0.5809    |0.2667              |1.0000          |1.8476
7    |0.5719    |0.2667              |1.0000          |1.8385
34   |0.5616    |0.2667              |1.0000          |1.8282
6    |0.5474    |0.2667              |1.0000          |1.8141
25   |0.5397    |0.2667              |1.0000          |1.8064
18   |0.5379    |0.2667              |1.0000          |1.8046
30   |0.5133    |0.2667              |1.0000          |1.7800
19   |0.5082    |0.2667              |1.0000          |1.7749
42   |0.6764    |0.0417              |1.0000          |1.7181
38   |0.6673    |0.0500              |1.0000          |1.7173
1    |0.6485    |0.0417              |1.0000          |1.6902
21   |0.0465    |0.6417              |1.0000          |1.6882
8    |0.6329    |0.0500              |1.0000          |1.6829
40   |0.5936    |0.0500              |1.0000          |1.6436
9    |0.6005    |0.0417              |1.0000          |1.6422
13   |0.5920    |0.0417              |1.0000          |1.6336
16   |0.5901    |0.0417              |1.0000          |1.6318
5    |0.5774    |0.0417              |1.0000          |1.6190
15   |0.5758    |0.0417              |1.0000          |1.6174
2    |0.5640    |0.0417              |1.0000          |1.6057
10   |0.5556    |0.0500              |1.0000          |1.6056
35   |0.5515    |0.0417              |1.0000          |1.5931
20   |0.4972    |0.0750              |1.0000          |1.5722
32   |0.5002    |0.0417              |1.0000          |1.5419
28   |0.0004    |0.3667              |1.0000          |1.3671
33   |0.0045    |0.3500              |1.0000          |1.3545
26   |0.0004    |0.2667              |1.0000          |1.2671
31   |0.0488    |0.0417              |1.0000          |1.0904
29   |0.0475    |0.0417              |1.0000          |1.0891
22   |0.0454    |0.0417              |1.0000          |1.0871
27   |0.0004    |0.0417              |1.0000          |1.0421
24   |0.0004    |0.0417              |0.7527          |0.7948

Team Events (sorted, for dev use, diff check with others to ensure truly different schedules created):
------------------------------------------------------------
0, 109, 161, 179, 224, 286
1, 100, 147, 210, 277, 318
2, 101, 150, 182, 242, 303
3, 96, 143, 188, 235, 295
4, 103, 153, 208, 261, 310
5, 95, 149, 205, 250, 292
6, 98, 145, 191, 243, 297
7, 102, 155, 175, 239, 301
8, 97, 154, 184, 228, 287
9, 118, 151, 192, 252, 308
10, 125, 158, 189, 260, 322
11, 112, 164, 200, 246, 302
12, 121, 163, 174, 223, 280
13, 123, 162, 194, 236, 284
14, 127, 160, 195, 269, 305
15, 120, 165, 190, 255, 316
16, 124, 152, 213, 276, 324
17, 122, 157, 198, 263, 309
18, 59, 146, 204, 259, 294
19, 60, 148, 217, 273, 317
20, 71, 144, 215, 264, 306
22, 84, 142, 197, 231, 272
23, 54, 159, 170, 214, 274
24, 78, 131, 212, 226, 271
25, 57, 156, 203, 249, 304
26, 75, 138, 201, 220, 275
27, 91, 108, 221, 266, 278
28, 94, 110, 216, 262, 279
29, 69, 88, 219, 257, 298
30, 61, 89, 196, 233, 282
31, 64, 99, 209, 258, 300
32, 58, 87, 211, 254, 296
33, 76, 86, 206, 229, 270
34, 56, 90, 172, 218, 283
35, 55, 93, 178, 222, 289
36, 63, 104, 207, 267, 311
37, 77, 111, 183, 230, 290
38, 67, 116, 176, 237, 293
39, 73, 119, 167, 225, 285
40, 62, 117, 199, 247, 291
41, 68, 105, 202, 240, 281
42, 66, 113, 187, 268, 320
43, 74, 115, 186, 238, 288
44, 65, 114, 185, 251, 315
45, 80, 141, 171, 241, 313
46, 81, 135, 169, 248, 325
47, 72, 130, 173, 244, 312
48, 85, 134, 181, 245, 314
49, 70, 126, 177, 253, 321
50, 79, 137, 193, 265, 319
51, 82, 136, 180, 256, 323
52, 83, 140, 168, 234, 299
53, 92, 139, 166, 232, 307
