FLL Scheduler GA Summary Report (ID: 2132126150976 | Hash: -876917633685296607)

Attributes:
--------------------
rank: 0
origin: (C | TimeSlotCrossover)
mutations: 0
clones: 0
_hash: -876917633685296607
Length: 318

Fitness:
--------------------------
BreakTime           : 0.31062795876048954
LocationConsistency : 0.0
OpponentVariety     : 0.8754111684107535
-----------------------------------
Total               : 1.186039127171243
Percentage          : 39.53%

Per-Objective Statistics (Team Distribution):
-----------------------------------------------------------------
Objective                 | Min      | Max      | Avg      | Range   
-----------------------------------------------------------------
BreakTime                 | 0.0004   | 0.9193   | 0.5394   | 0.9189  
LocationConsistency       | 0.0417   | 0.6417   | 0.2347   | 0.6000  
OpponentVariety           | 0.7527   | 1.0000   | 0.9953   | 0.2473  

Team fitnesses (sorted by total fitness descending):
----------------------------------------------------
Max     : 2.263852
Min     : 0.803112
Range   : 1.460740
Average : 1.769464

Team |BreakTime |LocationConsistency |OpponentVariety |Sum
------------------------------------------------------------
45   |0.9139    |0.3500              |1.0000          |2.2639
10   |0.6158    |0.6417              |1.0000          |2.2575
32   |0.5616    |0.6417              |1.0000          |2.2032
46   |0.9185    |0.2667              |1.0000          |2.1852
11   |0.5379    |0.6417              |1.0000          |2.1796
49   |0.8925    |0.2667              |1.0000          |2.1592
53   |0.8865    |0.2667              |1.0000          |2.1531
50   |0.8793    |0.2667              |1.0000          |2.1460
52   |0.7914    |0.2667              |1.0000          |2.0581
42   |0.6764    |0.3500              |1.0000          |2.0264
40   |0.6732    |0.3500              |1.0000          |2.0232
37   |0.6273    |0.3500              |1.0000          |1.9773
47   |0.9193    |0.0500              |1.0000          |1.9693
36   |0.6044    |0.3500              |1.0000          |1.9544
24   |0.6013    |0.3500              |1.0000          |1.9513
12   |0.5901    |0.3500              |1.0000          |1.9401
4    |0.5895    |0.3500              |1.0000          |1.9395
48   |0.8630    |0.0750              |1.0000          |1.9380
38   |0.6673    |0.2667              |1.0000          |1.9339
51   |0.8672    |0.0667              |1.0000          |1.9338
39   |0.6637    |0.2667              |1.0000          |1.9304
16   |0.5556    |0.3667              |1.0000          |1.9223
23   |0.5397    |0.3500              |1.0000          |1.8897
3    |0.6216    |0.2667              |1.0000          |1.8883
9    |0.6005    |0.2667              |1.0000          |1.8672
44   |0.5936    |0.2667              |1.0000          |1.8603
14   |0.5758    |0.2667              |1.0000          |1.8424
7    |0.5474    |0.2667              |1.0000          |1.8141
27   |0.5133    |0.2667              |1.0000          |1.7800
43   |0.6257    |0.0667              |1.0000          |1.6923
1    |0.6485    |0.0417              |1.0000          |1.6902
25   |0.0465    |0.6417              |1.0000          |1.6882
6    |0.6329    |0.0500              |1.0000          |1.6829
19   |0.0004    |0.6417              |1.0000          |1.6421
13   |0.5920    |0.0417              |1.0000          |1.6336
41   |0.5809    |0.0500              |1.0000          |1.6309
5    |0.5719    |0.0500              |1.0000          |1.6219
8    |0.5774    |0.0417              |1.0000          |1.6190
2    |0.5640    |0.0500              |1.0000          |1.6140
17   |0.5619    |0.0417              |1.0000          |1.6036
18   |0.5543    |0.0417              |1.0000          |1.5960
31   |0.5515    |0.0417              |1.0000          |1.5931
15   |0.5389    |0.0500              |1.0000          |1.5889
26   |0.4972    |0.0667              |1.0000          |1.5639
34   |0.5002    |0.0500              |1.0000          |1.5502
21   |0.5082    |0.0417              |1.0000          |1.5499
33   |0.0004    |0.3667              |1.0000          |1.3671
28   |0.0488    |0.2667              |1.0000          |1.3154
30   |0.0475    |0.2667              |1.0000          |1.3141
35   |0.0004    |0.2667              |1.0000          |1.2671
20   |0.0454    |0.0667              |1.0000          |1.1121
29   |0.0045    |0.0500              |1.0000          |1.0545
22   |0.0004    |0.0500              |0.7527          |0.8031

Team Events (sorted, for dev use, diff check with others to ensure truly different schedules created):
------------------------------------------------------------
0, 109, 161, 178, 224, 286
1, 100, 146, 208, 277, 325
2, 101, 156, 188, 241, 303
3, 97, 143, 183, 232, 295
4, 99, 145, 196, 240, 296
5, 102, 155, 175, 239, 301
6, 94, 149, 205, 250, 292
7, 103, 153, 211, 260, 317
8, 96, 154, 186, 228, 287
9, 122, 158, 182, 261, 322
10, 119, 150, 198, 263, 308
11, 120, 165, 197, 255, 311
12, 121, 163, 174, 223, 282
13, 132, 160, 192, 269, 305
14, 123, 152, 207, 276, 319
15, 125, 157, 195, 247, 309
16, 113, 164, 203, 253, 302
17, 118, 162, 193, 231, 285
19, 75, 138, 202, 221, 275
20, 78, 142, 191, 236, 273
21, 58, 147, 204, 256, 294
22, 85, 131, 206, 226, 270
23, 57, 151, 200, 249, 304
24, 54, 159, 170, 214, 274
25, 71, 144, 215, 264, 307
26, 60, 148, 218, 272, 310
27, 61, 90, 190, 234, 281
28, 67, 98, 210, 257, 300
29, 76, 86, 213, 229, 271
30, 62, 91, 216, 259, 298
31, 55, 93, 179, 222, 289
32, 56, 89, 173, 217, 280
33, 95, 111, 219, 262, 279
34, 59, 87, 209, 254, 297
35, 88, 108, 220, 266, 278
36, 68, 105, 212, 267, 316
37, 77, 110, 189, 237, 290
38, 64, 117, 177, 230, 293
39, 72, 124, 166, 225, 284
40, 66, 115, 187, 251, 312
41, 63, 104, 201, 243, 283
42, 65, 112, 184, 268, 320
43, 74, 114, 185, 238, 288
44, 69, 116, 199, 252, 291
45, 83, 140, 171, 242, 314
46, 82, 134, 169, 248, 318
47, 73, 133, 172, 244, 315
48, 79, 135, 181, 245, 313
49, 70, 130, 176, 246, 321
50, 80, 141, 168, 233, 299
51, 81, 137, 180, 258, 323
52, 84, 136, 194, 265, 324
53, 92, 139, 167, 235, 306
