FLL Scheduler GA Summary Report (ID: 2132118893648 | Hash: 1974616221535586343)

Attributes:
--------------------
rank: 0
origin: (C | KPoint(k=2))
mutations: 2
clones: 2
_hash: 1974616221535586343
Length: 318

Fitness:
--------------------------
BreakTime           : 0.31062795876048954
LocationConsistency : 0.0
OpponentVariety     : 0.8754111684107535
-----------------------------------
Total               : 1.186039127171243
Percentage          : 39.53%

Per-Objective Statistics (Team Distribution):
-----------------------------------------------------------------
Objective                 | Min      | Max      | Avg      | Range   
-----------------------------------------------------------------
BreakTime                 | 0.0004   | 0.9193   | 0.5394   | 0.9189  
LocationConsistency       | 0.0417   | 0.9500   | 0.2248   | 0.9083  
OpponentVariety           | 0.7527   | 1.0000   | 0.9953   | 0.2473  

Team fitnesses (sorted by total fitness descending):
----------------------------------------------------
Max     : 2.314821
Min     : 1.019778
Range   : 1.295043
Average : 1.759559

Team |BreakTime |LocationConsistency |OpponentVariety |Sum
------------------------------------------------------------
44   |0.6732    |0.6417              |1.0000          |2.3148
1    |0.6485    |0.6417              |1.0000          |2.2902
52   |0.8793    |0.3500              |1.0000          |2.2293
16   |0.5556    |0.6417              |1.0000          |2.1973
47   |0.9193    |0.2667              |1.0000          |2.1860
45   |0.9139    |0.2667              |1.0000          |2.1805
49   |0.8925    |0.2667              |1.0000          |2.1592
50   |0.7914    |0.2667              |1.0000          |2.0581
3    |0.6216    |0.3667              |1.0000          |1.9883
46   |0.9185    |0.0417              |1.0000          |1.9602
33   |0.0045    |0.9500              |1.0000          |1.9545
36   |0.6044    |0.3500              |1.0000          |1.9544
25   |0.6013    |0.3500              |1.0000          |1.9513
48   |0.8630    |0.0750              |1.0000          |1.9380
38   |0.6673    |0.2667              |1.0000          |1.9339
39   |0.6637    |0.2667              |1.0000          |1.9304
53   |0.8865    |0.0417              |1.0000          |1.9281
14   |0.5758    |0.3500              |1.0000          |1.9258
51   |0.8672    |0.0500              |1.0000          |1.9172
43   |0.6257    |0.2667              |1.0000          |1.8923
23   |0.5397    |0.3500              |1.0000          |1.8897
18   |0.5389    |0.3500              |1.0000          |1.8889
10   |0.6158    |0.2667              |1.0000          |1.8825
12   |0.5901    |0.2667              |1.0000          |1.8568
4    |0.5895    |0.2667              |1.0000          |1.8562
6    |0.5719    |0.2667              |1.0000          |1.8385
31   |0.5616    |0.2667              |1.0000          |1.8282
35   |0.5515    |0.2667              |1.0000          |1.8181
11   |0.5379    |0.2667              |1.0000          |1.8046
30   |0.5133    |0.2667              |1.0000          |1.7800
42   |0.6764    |0.0500              |1.0000          |1.7264
5    |0.6329    |0.0500              |1.0000          |1.6829
37   |0.6273    |0.0417              |1.0000          |1.6689
9    |0.6005    |0.0667              |1.0000          |1.6672
13   |0.5920    |0.0500              |1.0000          |1.6420
40   |0.5936    |0.0417              |1.0000          |1.6353
41   |0.5809    |0.0500              |1.0000          |1.6309
8    |0.5774    |0.0417              |1.0000          |1.6190
2    |0.5640    |0.0417              |1.0000          |1.6057
15   |0.5619    |0.0417              |1.0000          |1.6036
17   |0.5543    |0.0417              |1.0000          |1.5960
7    |0.5474    |0.0417              |1.0000          |1.5891
32   |0.5002    |0.0500              |1.0000          |1.5502
22   |0.5082    |0.0417              |1.0000          |1.5499
19   |0.4972    |0.0417              |1.0000          |1.5389
21   |0.0454    |0.3500              |1.0000          |1.3954
28   |0.0004    |0.3667              |1.0000          |1.3671
24   |0.0465    |0.2667              |1.0000          |1.3132
26   |0.0004    |0.2667              |1.0000          |1.2671
34   |0.0488    |0.0750              |1.0000          |1.1238
29   |0.0475    |0.0417              |1.0000          |1.0891
27   |0.0004    |0.0417              |1.0000          |1.0421
20   |0.0004    |0.2667              |0.7527          |1.0198

Team Events (sorted, for dev use, diff check with others to ensure truly different schedules created):
------------------------------------------------------------
0, 102, 160, 178, 224, 286
1, 100, 144, 210, 277, 318
2, 101, 157, 189, 242, 302
3, 98, 148, 183, 235, 300
4, 109, 154, 175, 239, 294
5, 97, 146, 196, 243, 298
6, 95, 142, 205, 251, 292
7, 108, 153, 208, 261, 310
8, 99, 155, 186, 229, 287
9, 125, 158, 182, 260, 322
10, 122, 150, 198, 263, 309
11, 120, 165, 197, 255, 316
12, 121, 163, 174, 222, 280
13, 126, 161, 193, 269, 305
14, 112, 164, 203, 253, 303
15, 118, 156, 195, 246, 308
16, 123, 162, 192, 237, 284
17, 124, 152, 213, 276, 324
18, 60, 143, 218, 273, 317
19, 85, 130, 212, 226, 271
20, 79, 149, 191, 231, 272
21, 59, 145, 204, 256, 301
22, 57, 151, 200, 249, 304
23, 71, 147, 214, 264, 307
25, 54, 159, 170, 215, 274
26, 73, 138, 202, 220, 275
27, 88, 103, 221, 266, 278
28, 94, 110, 219, 262, 279
29, 69, 91, 216, 258, 297
30, 61, 90, 190, 233, 282
31, 56, 89, 172, 217, 283
32, 58, 87, 211, 254, 299
33, 76, 86, 206, 228, 270
34, 64, 96, 209, 257, 295
35, 55, 93, 179, 223, 289
36, 63, 106, 207, 267, 311
37, 77, 111, 188, 230, 290
38, 67, 116, 177, 236, 293
39, 75, 119, 167, 225, 285
40, 62, 117, 199, 252, 291
41, 68, 107, 201, 240, 281
42, 66, 113, 184, 268, 320
43, 72, 115, 185, 238, 288
44, 65, 114, 187, 250, 313
45, 83, 141, 171, 241, 314
46, 82, 135, 169, 248, 325
47, 74, 131, 173, 244, 315
48, 78, 134, 181, 245, 312
49, 70, 127, 176, 247, 321
50, 84, 137, 194, 265, 319
51, 81, 136, 180, 259, 323
52, 80, 140, 168, 234, 296
53, 92, 139, 166, 232, 306
