FLL Scheduler GA Summary Report (ID: 2132118891632 | Hash: -7212522629704143643)

Attributes:
--------------------
rank: 0
origin: (C | RoundTypeCrossover)
mutations: 0
clones: 0
_hash: -7212522629704143643
Length: 318

Fitness:
--------------------------
BreakTime           : 0.31062795876048954
LocationConsistency : 0.0
OpponentVariety     : 0.8754111684107535
-----------------------------------
Total               : 1.186039127171243
Percentage          : 39.53%

Per-Objective Statistics (Team Distribution):
-----------------------------------------------------------------
Objective                 | Min      | Max      | Avg      | Range   
-----------------------------------------------------------------
BreakTime                 | 0.0004   | 0.9193   | 0.5394   | 0.9189  
LocationConsistency       | 0.0417   | 0.9500   | 0.2064   | 0.9083  
OpponentVariety           | 0.7527   | 1.0000   | 0.9953   | 0.2473  

Team fitnesses (sorted by total fitness descending):
----------------------------------------------------
Max     : 2.623154
Min     : 1.019778
Range   : 1.603376
Average : 1.741163

Team |BreakTime |LocationConsistency |OpponentVariety |Sum
------------------------------------------------------------
41   |0.6732    |0.9500              |1.0000          |2.6232
45   |0.8865    |0.6417              |1.0000          |2.5281
48   |0.8630    |0.3667              |1.0000          |2.2297
52   |0.9185    |0.2667              |1.0000          |2.1852
53   |0.9139    |0.2667              |1.0000          |2.1805
49   |0.8925    |0.2667              |1.0000          |2.1592
38   |0.6764    |0.3500              |1.0000          |2.0264
43   |0.6673    |0.3500              |1.0000          |2.0173
5    |0.6329    |0.3500              |1.0000          |1.9829
47   |0.9193    |0.0500              |1.0000          |1.9693
24   |0.6013    |0.3500              |1.0000          |1.9513
6    |0.6005    |0.3500              |1.0000          |1.9505
8    |0.5895    |0.3500              |1.0000          |1.9395
9    |0.5719    |0.3667              |1.0000          |1.9385
50   |0.8793    |0.0500              |1.0000          |1.9293
11   |0.5556    |0.3667              |1.0000          |1.9223
14   |0.5543    |0.3667              |1.0000          |1.9210
51   |0.8672    |0.0417              |1.0000          |1.9088
39   |0.6257    |0.2667              |1.0000          |1.8923
2    |0.6216    |0.2667              |1.0000          |1.8883
15   |0.6158    |0.2667              |1.0000          |1.8825
44   |0.5936    |0.2667              |1.0000          |1.8603
10   |0.5920    |0.2667              |1.0000          |1.8586
17   |0.5901    |0.2667              |1.0000          |1.8568
36   |0.5809    |0.2667              |1.0000          |1.8476
46   |0.7914    |0.0417              |1.0000          |1.8331
30   |0.5616    |0.2667              |1.0000          |1.8282
35   |0.5002    |0.2667              |1.0000          |1.7669
37   |0.6637    |0.0500              |1.0000          |1.7137
1    |0.6485    |0.0417              |1.0000          |1.6902
40   |0.6273    |0.0500              |1.0000          |1.6773
42   |0.6044    |0.0417              |1.0000          |1.6460
7    |0.5774    |0.0417              |1.0000          |1.6190
18   |0.5758    |0.0417              |1.0000          |1.6174
12   |0.5619    |0.0500              |1.0000          |1.6119
4    |0.5640    |0.0417              |1.0000          |1.6057
31   |0.5515    |0.0417              |1.0000          |1.5931
3    |0.5474    |0.0417              |1.0000          |1.5891
16   |0.5389    |0.0500              |1.0000          |1.5889
13   |0.5379    |0.0500              |1.0000          |1.5879
23   |0.5397    |0.0417              |1.0000          |1.5814
20   |0.4972    |0.0750              |1.0000          |1.5722
29   |0.5133    |0.0500              |1.0000          |1.5633
22   |0.5082    |0.0417              |1.0000          |1.5499
27   |0.0045    |0.3500              |1.0000          |1.3545
21   |0.0465    |0.2667              |1.0000          |1.3132
19   |0.0454    |0.2667              |1.0000          |1.3121
32   |0.0004    |0.2667              |1.0000          |1.2671
28   |0.0488    |0.0750              |1.0000          |1.1238
33   |0.0475    |0.0417              |1.0000          |1.0891
34   |0.0004    |0.0667              |1.0000          |1.0671
25   |0.0004    |0.0500              |1.0000          |1.0504
26   |0.0004    |0.2667              |0.7527          |1.0198

Team Events (sorted, for dev use, diff check with others to ensure truly different schedules created):
------------------------------------------------------------
0, 103, 162, 177, 224, 293
1, 94, 156, 188, 241, 303
2, 100, 149, 198, 250, 287
3, 95, 147, 208, 277, 318
4, 109, 152, 180, 244, 301
5, 98, 153, 186, 228, 292
6, 108, 154, 211, 261, 311
7, 99, 143, 183, 232, 295
8, 97, 145, 196, 240, 297
9, 122, 160, 181, 223, 280
10, 125, 157, 195, 252, 309
11, 113, 164, 200, 246, 302
12, 120, 150, 204, 263, 308
13, 121, 161, 193, 231, 284
14, 119, 158, 182, 260, 322
15, 118, 155, 207, 276, 324
16, 123, 165, 197, 255, 316
17, 127, 163, 192, 269, 305
18, 79, 142, 191, 236, 275
19, 60, 148, 218, 274, 317
21, 77, 144, 214, 264, 307
22, 56, 146, 199, 259, 294
23, 58, 151, 203, 249, 304
24, 54, 159, 168, 215, 272
25, 72, 138, 201, 220, 273
26, 85, 130, 206, 226, 271
27, 71, 86, 213, 229, 270
28, 64, 96, 210, 258, 300
29, 61, 91, 190, 234, 282
30, 59, 88, 166, 217, 283
31, 55, 93, 176, 222, 290
32, 89, 102, 221, 266, 278
33, 69, 90, 216, 257, 299
34, 101, 117, 219, 262, 279
35, 57, 87, 209, 254, 296
36, 68, 105, 202, 243, 281
37, 74, 124, 173, 225, 285
38, 66, 112, 184, 268, 320
39, 73, 114, 185, 245, 291
40, 70, 116, 189, 237, 288
41, 65, 115, 187, 251, 313
42, 63, 104, 212, 267, 310
43, 67, 110, 178, 230, 286
44, 62, 111, 205, 247, 289
45, 92, 139, 172, 235, 306
46, 84, 136, 194, 265, 319
47, 75, 126, 167, 239, 314
48, 78, 134, 175, 238, 312
49, 76, 131, 179, 253, 321
50, 83, 141, 170, 233, 298
51, 82, 137, 174, 256, 323
52, 80, 135, 171, 248, 325
53, 81, 140, 169, 242, 315
