FLL Scheduler GA Summary Report (ID: 2132126139552 | Hash: -6286949665453284623)

Attributes:
--------------------
rank: 0
origin: (C | TimeSlotCrossover)
mutations: 0
clones: 0
_hash: -6286949665453284623
Length: 318

Fitness:
--------------------------
BreakTime           : 0.31062795876048954
LocationConsistency : 0.0
OpponentVariety     : 0.8754111684107535
-----------------------------------
Total               : 1.186039127171243
Percentage          : 39.53%

Per-Objective Statistics (Team Distribution):
-----------------------------------------------------------------
Objective                 | Min      | Max      | Avg      | Range   
-----------------------------------------------------------------
BreakTime                 | 0.0004   | 0.9193   | 0.5394   | 0.9189  
LocationConsistency       | 0.0417   | 0.6417   | 0.1981   | 0.6000  
OpponentVariety           | 0.7527   | 1.0000   | 0.9953   | 0.2473  

Team fitnesses (sorted by total fitness descending):
----------------------------------------------------
Max     : 2.560979
Min     : 1.019778
Range   : 1.541201
Average : 1.732829

Team |BreakTime |LocationConsistency |OpponentVariety |Sum
------------------------------------------------------------
47   |0.9193    |0.6417              |1.0000          |2.5610
50   |0.8793    |0.3500              |1.0000          |2.2293
49   |0.9139    |0.2667              |1.0000          |2.1805
53   |0.8925    |0.2667              |1.0000          |2.1592
29   |0.5002    |0.6417              |1.0000          |2.1419
51   |0.8672    |0.2667              |1.0000          |2.1338
39   |0.6764    |0.3500              |1.0000          |2.0264
46   |0.9185    |0.0417              |1.0000          |1.9602
38   |0.6044    |0.3500              |1.0000          |1.9544
42   |0.6732    |0.2667              |1.0000          |1.9398
4    |0.5895    |0.3500              |1.0000          |1.9395
48   |0.8630    |0.0667              |1.0000          |1.9297
45   |0.8865    |0.0417              |1.0000          |1.9281
32   |0.5616    |0.3500              |1.0000          |1.9116
9    |0.6329    |0.2667              |1.0000          |1.8995
41   |0.6257    |0.2667              |1.0000          |1.8923
11   |0.6158    |0.2667              |1.0000          |1.8825
21   |0.6013    |0.2667              |1.0000          |1.8680
44   |0.5936    |0.2667              |1.0000          |1.8603
18   |0.5901    |0.2667              |1.0000          |1.8568
40   |0.5809    |0.2667              |1.0000          |1.8476
52   |0.7914    |0.0500              |1.0000          |1.8414
6    |0.5719    |0.2667              |1.0000          |1.8385
7    |0.5640    |0.2667              |1.0000          |1.8307
12   |0.5619    |0.2667              |1.0000          |1.8286
14   |0.5543    |0.2667              |1.0000          |1.8210
2    |0.5474    |0.2667              |1.0000          |1.8141
27   |0.5133    |0.2667              |1.0000          |1.7800
43   |0.6673    |0.0500              |1.0000          |1.7173
37   |0.6637    |0.0417              |1.0000          |1.7054
36   |0.6273    |0.0667              |1.0000          |1.6939
1    |0.6485    |0.0417              |1.0000          |1.6902
5    |0.6216    |0.0667              |1.0000          |1.6883
8    |0.6005    |0.0750              |1.0000          |1.6755
13   |0.5920    |0.0417              |1.0000          |1.6336
17   |0.5758    |0.0500              |1.0000          |1.6258
3    |0.5774    |0.0417              |1.0000          |1.6190
35   |0.5515    |0.0667              |1.0000          |1.6181
15   |0.5389    |0.0750              |1.0000          |1.6139
10   |0.5556    |0.0417              |1.0000          |1.5973
19   |0.5397    |0.0500              |1.0000          |1.5897
16   |0.5379    |0.0500              |1.0000          |1.5879
31   |0.0475    |0.5250              |1.0000          |1.5725
20   |0.5082    |0.0417              |1.0000          |1.5499
26   |0.4972    |0.0417              |1.0000          |1.5389
23   |0.0454    |0.3500              |1.0000          |1.3954
22   |0.0004    |0.2667              |1.0000          |1.2671
33   |0.0004    |0.2667              |1.0000          |1.2671
34   |0.0488    |0.0500              |1.0000          |1.0988
25   |0.0465    |0.0500              |1.0000          |1.0965
28   |0.0004    |0.0667              |1.0000          |1.0671
30   |0.0045    |0.0500              |1.0000          |1.0545
24   |0.0004    |0.2667              |0.7527          |1.0198

Team Events (sorted, for dev use, diff check with others to ensure truly different schedules created):
------------------------------------------------------------
0, 105, 163, 178, 224, 286
1, 94, 149, 205, 249, 292
2, 103, 154, 208, 260, 310
3, 97, 143, 183, 235, 295
4, 101, 157, 188, 242, 303
5, 98, 145, 196, 243, 297
6, 100, 147, 211, 277, 318
7, 96, 152, 186, 226, 287
8, 102, 153, 175, 238, 301
9, 118, 156, 195, 247, 309
10, 124, 158, 182, 261, 322
11, 113, 164, 203, 252, 302
12, 122, 160, 174, 223, 283
13, 120, 161, 192, 236, 279
14, 125, 155, 212, 276, 324
15, 121, 151, 198, 268, 308
16, 132, 162, 193, 262, 305
17, 123, 165, 197, 255, 316
19, 57, 150, 200, 250, 304
20, 59, 146, 204, 256, 294
21, 60, 159, 167, 221, 274
22, 73, 138, 202, 214, 275
23, 79, 142, 191, 231, 273
24, 84, 129, 213, 228, 271
25, 70, 144, 220, 267, 307
26, 55, 148, 217, 272, 317
27, 54, 90, 190, 233, 280
28, 88, 104, 215, 265, 285
29, 58, 86, 210, 254, 296
30, 77, 87, 206, 227, 270
31, 69, 91, 219, 259, 299
32, 56, 89, 169, 218, 281
33, 95, 117, 216, 269, 284
34, 64, 99, 209, 257, 300
35, 61, 93, 179, 222, 289
36, 76, 116, 189, 230, 290
37, 75, 119, 172, 225, 278
38, 63, 107, 207, 264, 311
39, 66, 112, 184, 263, 320
40, 68, 106, 201, 240, 282
41, 72, 115, 185, 239, 288
42, 65, 114, 187, 248, 313
43, 67, 110, 177, 237, 293
44, 62, 111, 199, 253, 291
45, 92, 139, 173, 232, 306
46, 80, 135, 170, 251, 325
47, 74, 133, 168, 245, 314
48, 78, 134, 181, 244, 312
49, 81, 140, 166, 241, 315
50, 83, 141, 171, 234, 298
51, 82, 137, 180, 258, 323
52, 85, 136, 194, 266, 319
53, 71, 128, 176, 246, 321
