FLL Scheduler GA Summary Report (ID: 2132111947056 | Hash: -1881527566852444407)

Attributes:
--------------------
rank: 0
origin: (C | TimeSlotCrossover)
mutations: 1
clones: 1
_hash: -1881527566852444407
Length: 318

Fitness:
--------------------------
BreakTime           : 0.31062795876048954
LocationConsistency : 0.0
OpponentVariety     : 0.8754111684107535
-----------------------------------
Total               : 1.186039127171243
Percentage          : 39.53%

Per-Objective Statistics (Team Distribution):
-----------------------------------------------------------------
Objective                 | Min      | Max      | Avg      | Range   
-----------------------------------------------------------------
BreakTime                 | 0.0004   | 0.9193   | 0.5394   | 0.9189  
LocationConsistency       | 0.0417   | 0.6417   | 0.1737   | 0.6000  
OpponentVariety           | 0.7527   | 1.0000   | 0.9953   | 0.2473  

Team fitnesses (sorted by total fitness descending):
----------------------------------------------------
Max     : 2.504678
Min     : 0.794778
Range   : 1.709899
Average : 1.708458

Team |BreakTime |LocationConsistency |OpponentVariety |Sum
------------------------------------------------------------
48   |0.8630    |0.6417              |1.0000          |2.5047
44   |0.5936    |0.6417              |1.0000          |2.2353
50   |0.8793    |0.3500              |1.0000          |2.2293
47   |0.9193    |0.2667              |1.0000          |2.1860
49   |0.9139    |0.2667              |1.0000          |2.1805
51   |0.8672    |0.2667              |1.0000          |2.1338
52   |0.7914    |0.2667              |1.0000          |2.0581
42   |0.6673    |0.3500              |1.0000          |2.0173
5    |0.6216    |0.3500              |1.0000          |1.9716
46   |0.9185    |0.0417              |1.0000          |1.9602
39   |0.6764    |0.2667              |1.0000          |1.9431
53   |0.8925    |0.0417              |1.0000          |1.9342
45   |0.8865    |0.0417              |1.0000          |1.9281
41   |0.6257    |0.2667              |1.0000          |1.8923
9    |0.6005    |0.2667              |1.0000          |1.8672
34   |0.5133    |0.3500              |1.0000          |1.8633
1    |0.5895    |0.2667              |1.0000          |1.8562
40   |0.5809    |0.2667              |1.0000          |1.8476
17   |0.5758    |0.2667              |1.0000          |1.8424
7    |0.5719    |0.2667              |1.0000          |1.8385
4    |0.5640    |0.2667              |1.0000          |1.8307
12   |0.5619    |0.2667              |1.0000          |1.8286
27   |0.5616    |0.2667              |1.0000          |1.8282
24   |0.5397    |0.2667              |1.0000          |1.8064
31   |0.5002    |0.2667              |1.0000          |1.7669
43   |0.6732    |0.0750              |1.0000          |1.7482
37   |0.6637    |0.0417              |1.0000          |1.7054
2    |0.6485    |0.0417              |1.0000          |1.6902
36   |0.6273    |0.0500              |1.0000          |1.6773
8    |0.6329    |0.0417              |1.0000          |1.6745
15   |0.6158    |0.0417              |1.0000          |1.6575
38   |0.6044    |0.0500              |1.0000          |1.6544
23   |0.6013    |0.0417              |1.0000          |1.6430
13   |0.5920    |0.0417              |1.0000          |1.6336
16   |0.5901    |0.0417              |1.0000          |1.6318
14   |0.5543    |0.0667              |1.0000          |1.6210
3    |0.5774    |0.0417              |1.0000          |1.6190
33   |0.5515    |0.0667              |1.0000          |1.6181
18   |0.5389    |0.0750              |1.0000          |1.6139
6    |0.5474    |0.0500              |1.0000          |1.5974
10   |0.5556    |0.0417              |1.0000          |1.5973
11   |0.5379    |0.0500              |1.0000          |1.5879
19   |0.5082    |0.0417              |1.0000          |1.5499
26   |0.4972    |0.0417              |1.0000          |1.5389
32   |0.0045    |0.3500              |1.0000          |1.3545
20   |0.0454    |0.2667              |1.0000          |1.3121
30   |0.0004    |0.2667              |1.0000          |1.2671
28   |0.0475    |0.0750              |1.0000          |1.1225
29   |0.0488    |0.0500              |1.0000          |1.0988
22   |0.0465    |0.0500              |1.0000          |1.0965
21   |0.0004    |0.0500              |1.0000          |1.0504
35   |0.0004    |0.0417              |1.0000          |1.0421
25   |0.0004    |0.0417              |0.7527          |0.7948

Team Events (sorted, for dev use, diff check with others to ensure truly different schedules created):
------------------------------------------------------------
0, 97, 143, 189, 235, 295
1, 105, 163, 178, 224, 286
2, 103, 154, 208, 260, 310
3, 100, 147, 211, 277, 318
4, 101, 151, 183, 241, 303
5, 94, 149, 204, 249, 292
6, 98, 145, 191, 240, 297
7, 102, 152, 175, 244, 301
8, 96, 153, 184, 226, 287
9, 124, 150, 192, 247, 309
10, 120, 157, 198, 268, 308
11, 112, 164, 202, 252, 302
12, 122, 160, 174, 223, 283
13, 121, 161, 195, 236, 279
14, 119, 158, 188, 261, 322
15, 123, 165, 190, 255, 316
16, 127, 162, 194, 262, 305
17, 118, 155, 212, 276, 324
18, 59, 146, 205, 256, 294
19, 84, 142, 196, 231, 273
20, 72, 138, 203, 214, 275
21, 70, 144, 220, 267, 307
23, 60, 159, 169, 221, 274
24, 57, 156, 201, 250, 304
25, 78, 130, 213, 228, 271
26, 55, 148, 217, 272, 317
27, 56, 91, 167, 218, 280
28, 62, 88, 219, 259, 299
29, 66, 99, 209, 257, 300
30, 95, 116, 216, 269, 284
31, 58, 87, 210, 254, 296
32, 77, 86, 206, 227, 270
33, 61, 93, 179, 222, 289
34, 54, 89, 197, 233, 281
35, 90, 104, 215, 265, 285
36, 76, 117, 182, 230, 290
37, 74, 125, 172, 225, 278
38, 68, 107, 207, 264, 311
39, 64, 113, 187, 263, 320
40, 63, 106, 200, 243, 282
41, 73, 114, 186, 245, 288
42, 65, 110, 177, 237, 293
43, 67, 115, 185, 248, 313
44, 69, 111, 199, 253, 291
45, 92, 139, 173, 232, 306
46, 81, 135, 170, 251, 325
47, 75, 126, 166, 239, 314
48, 85, 134, 181, 238, 312
49, 80, 140, 168, 242, 315
50, 83, 141, 171, 234, 298
51, 82, 137, 180, 258, 323
52, 79, 136, 193, 266, 319
53, 71, 131, 176, 246, 321
