FLL Scheduler GA Summary Report (ID: 2132111934400 | Hash: 7064587478208116602)

Attributes:
--------------------
rank: 0
origin: (C | RoundTypeCrossover)
mutations: 1
clones: 0
_hash: 7064587478208116602
Length: 318

Fitness:
--------------------------
BreakTime           : 0.31062795876048954
LocationConsistency : 0.0
OpponentVariety     : 0.8754111684107535
-----------------------------------
Total               : 1.186039127171243
Percentage          : 39.53%

Per-Objective Statistics (Team Distribution):
-----------------------------------------------------------------
Objective                 | Min      | Max      | Avg      | Range   
-----------------------------------------------------------------
BreakTime                 | 0.0004   | 0.9193   | 0.5394   | 0.9189  
LocationConsistency       | 0.0417   | 0.9500   | 0.2469   | 0.9083  
OpponentVariety           | 0.7527   | 1.0000   | 0.9953   | 0.2473  

Team fitnesses (sorted by total fitness descending):
----------------------------------------------------
Max     : 2.539497
Min     : 1.097453
Range   : 1.442044
Average : 1.781571

Team |BreakTime |LocationConsistency |OpponentVariety |Sum
------------------------------------------------------------
4    |0.5895    |0.9500              |1.0000          |2.5395
36   |0.6273    |0.6417              |1.0000          |2.2689
39   |0.5936    |0.6417              |1.0000          |2.2353
47   |0.9193    |0.2667              |1.0000          |2.1860
46   |0.9185    |0.2667              |1.0000          |2.1852
49   |0.8925    |0.2667              |1.0000          |2.1592
51   |0.8672    |0.2667              |1.0000          |2.1338
48   |0.8630    |0.2667              |1.0000          |2.1297
52   |0.7914    |0.2667              |1.0000          |2.0581
40   |0.6732    |0.3667              |1.0000          |2.0398
37   |0.6764    |0.3500              |1.0000          |2.0264
3    |0.6216    |0.3667              |1.0000          |1.9883
53   |0.9139    |0.0500              |1.0000          |1.9639
38   |0.6044    |0.3500              |1.0000          |1.9544
45   |0.8865    |0.0500              |1.0000          |1.9365
42   |0.6673    |0.2667              |1.0000          |1.9339
44   |0.6637    |0.2667              |1.0000          |1.9304
50   |0.8793    |0.0500              |1.0000          |1.9293
12   |0.5556    |0.3667              |1.0000          |1.9223
1    |0.6485    |0.2667              |1.0000          |1.9152
8    |0.6329    |0.2667              |1.0000          |1.8995
16   |0.6158    |0.2667              |1.0000          |1.8825
9    |0.6005    |0.2667              |1.0000          |1.8672
15   |0.5901    |0.2667              |1.0000          |1.8568
5    |0.5774    |0.2667              |1.0000          |1.8440
7    |0.5719    |0.2667              |1.0000          |1.8385
2    |0.5640    |0.2667              |1.0000          |1.8307
18   |0.5619    |0.2667              |1.0000          |1.8286
34   |0.5616    |0.2667              |1.0000          |1.8282
14   |0.5543    |0.2667              |1.0000          |1.8210
6    |0.5474    |0.2667              |1.0000          |1.8141
17   |0.5379    |0.2667              |1.0000          |1.8046
32   |0.5002    |0.2667              |1.0000          |1.7669
41   |0.6257    |0.0417              |1.0000          |1.6673
10   |0.5920    |0.0667              |1.0000          |1.6586
23   |0.6013    |0.0417              |1.0000          |1.6430
43   |0.5809    |0.0500              |1.0000          |1.6309
11   |0.5758    |0.0500              |1.0000          |1.6258
13   |0.5389    |0.0750              |1.0000          |1.6139
35   |0.5515    |0.0417              |1.0000          |1.5931
25   |0.5397    |0.0500              |1.0000          |1.5897
20   |0.4972    |0.0750              |1.0000          |1.5722
30   |0.5133    |0.0500              |1.0000          |1.5633
19   |0.5082    |0.0417              |1.0000          |1.5499
24   |0.0004    |0.6417              |0.7527          |1.3948
33   |0.0045    |0.3500              |1.0000          |1.3545
21   |0.0465    |0.2667              |1.0000          |1.3132
22   |0.0454    |0.2667              |1.0000          |1.3121
26   |0.0004    |0.2667              |1.0000          |1.2671
29   |0.0004    |0.2667              |1.0000          |1.2671
28   |0.0004    |0.2667              |1.0000          |1.2671
31   |0.0488    |0.0750              |1.0000          |1.1238
27   |0.0475    |0.0500              |1.0000          |1.0975

Team Events (sorted, for dev use, diff check with others to ensure truly different schedules created):
------------------------------------------------------------
0, 102, 161, 178, 224, 286
1, 100, 147, 211, 277, 318
2, 101, 157, 189, 242, 303
3, 96, 143, 183, 232, 295
4, 108, 153, 208, 260, 310
5, 95, 149, 205, 249, 292
6, 98, 145, 196, 243, 297
7, 109, 154, 175, 238, 301
8, 97, 155, 187, 228, 287
9, 123, 163, 174, 223, 280
10, 132, 160, 193, 269, 305
11, 124, 156, 195, 247, 308
12, 118, 152, 212, 276, 324
13, 120, 162, 192, 231, 284
14, 122, 165, 197, 255, 316
15, 119, 158, 182, 261, 322
16, 121, 150, 198, 263, 309
17, 113, 164, 203, 252, 302
18, 59, 146, 204, 256, 294
19, 60, 148, 217, 273, 317
20, 71, 144, 220, 264, 306
22, 79, 142, 191, 236, 272
23, 54, 159, 169, 221, 274
24, 85, 130, 213, 226, 271
25, 57, 151, 200, 250, 304
26, 75, 137, 202, 214, 275
27, 62, 88, 219, 259, 298
28, 94, 117, 216, 262, 279
29, 91, 103, 215, 266, 278
30, 61, 89, 190, 234, 282
31, 67, 99, 209, 257, 300
32, 58, 87, 210, 254, 296
33, 76, 86, 206, 229, 270
34, 56, 90, 167, 218, 283
35, 55, 93, 179, 222, 289
36, 77, 116, 188, 237, 290
37, 65, 112, 184, 268, 320
38, 68, 107, 207, 267, 311
39, 69, 111, 199, 253, 291
40, 66, 114, 186, 248, 315
41, 74, 115, 185, 239, 288
42, 64, 110, 177, 230, 293
43, 63, 106, 201, 240, 281
44, 72, 125, 172, 225, 285
45, 92, 136, 173, 235, 307
46, 82, 140, 170, 251, 325
47, 73, 133, 166, 245, 312
48, 78, 141, 181, 244, 314
49, 70, 131, 176, 246, 321
50, 80, 135, 171, 233, 299
51, 81, 139, 180, 258, 323
52, 84, 138, 194, 265, 319
53, 83, 134, 168, 241, 313
