FLL Scheduler GA Summary Report (ID: 2132118881552 | Hash: 6663845683458180236)

Attributes:
--------------------
rank: 0
origin: (C | KPoint(k=3))
mutations: 0
clones: 0
_hash: 6663845683458180236
Length: 318

Fitness:
--------------------------
BreakTime           : 0.31062795876048954
LocationConsistency : 0.0
OpponentVariety     : 0.8754111684107535
-----------------------------------
Total               : 1.186039127171243
Percentage          : 39.53%

Per-Objective Statistics (Team Distribution):
-----------------------------------------------------------------
Objective                 | Min      | Max      | Avg      | Range   
-----------------------------------------------------------------
BreakTime                 | 0.0004   | 0.9193   | 0.5394   | 0.9189  
LocationConsistency       | 0.0417   | 0.9500   | 0.2344   | 0.9083  
OpponentVariety           | 0.7527   | 1.0000   | 0.9953   | 0.2473  

Team fitnesses (sorted by total fitness descending):
----------------------------------------------------
Max     : 2.623154
Min     : 1.019778
Range   : 1.603376
Average : 1.769150

Team |BreakTime |LocationConsistency |OpponentVariety |Sum
------------------------------------------------------------
44   |0.6732    |0.9500              |1.0000          |2.6232
46   |0.9185    |0.3500              |1.0000          |2.2685
49   |0.8925    |0.2667              |1.0000          |2.1592
45   |0.8865    |0.2667              |1.0000          |2.1531
52   |0.7914    |0.2667              |1.0000          |2.0581
5    |0.6216    |0.3667              |1.0000          |1.9883
47   |0.9193    |0.0417              |1.0000          |1.9610
53   |0.9139    |0.0417              |1.0000          |1.9555
36   |0.6044    |0.3500              |1.0000          |1.9544
23   |0.6013    |0.3500              |1.0000          |1.9513
2    |0.5895    |0.3500              |1.0000          |1.9395
7    |0.5719    |0.3667              |1.0000          |1.9385
48   |0.8630    |0.0750              |1.0000          |1.9380
41   |0.5809    |0.3500              |1.0000          |1.9309
39   |0.6637    |0.2667              |1.0000          |1.9304
50   |0.8793    |0.0500              |1.0000          |1.9293
32   |0.5616    |0.3500              |1.0000          |1.9116
51   |0.8672    |0.0417              |1.0000          |1.9088
8    |0.6329    |0.2667              |1.0000          |1.8995
37   |0.6273    |0.2667              |1.0000          |1.8939
18   |0.5379    |0.3500              |1.0000          |1.8879
11   |0.6158    |0.2667              |1.0000          |1.8825
9    |0.6005    |0.2667              |1.0000          |1.8672
28   |0.5133    |0.3500              |1.0000          |1.8633
40   |0.5936    |0.2667              |1.0000          |1.8603
14   |0.5920    |0.2667              |1.0000          |1.8586
16   |0.5901    |0.2667              |1.0000          |1.8568
17   |0.5758    |0.2667              |1.0000          |1.8424
4    |0.5640    |0.2667              |1.0000          |1.8307
12   |0.5619    |0.2667              |1.0000          |1.8286
35   |0.5515    |0.2667              |1.0000          |1.8181
6    |0.5474    |0.2667              |1.0000          |1.8141
20   |0.4972    |0.2667              |1.0000          |1.7639
42   |0.6764    |0.0500              |1.0000          |1.7264
38   |0.6673    |0.0417              |1.0000          |1.7089
1    |0.6485    |0.0417              |1.0000          |1.6902
43   |0.6257    |0.0417              |1.0000          |1.6673
26   |0.0004    |0.6417              |1.0000          |1.6421
10   |0.5556    |0.0667              |1.0000          |1.6223
3    |0.5774    |0.0417              |1.0000          |1.6190
13   |0.5543    |0.0417              |1.0000          |1.5960
25   |0.5397    |0.0500              |1.0000          |1.5897
15   |0.5389    |0.0500              |1.0000          |1.5889
19   |0.5082    |0.0667              |1.0000          |1.5749
29   |0.5002    |0.0417              |1.0000          |1.5419
21   |0.0465    |0.3500              |1.0000          |1.3965
33   |0.0004    |0.3667              |1.0000          |1.3671
30   |0.0045    |0.3500              |1.0000          |1.3545
31   |0.0475    |0.2667              |1.0000          |1.3141
22   |0.0454    |0.2667              |1.0000          |1.3121
34   |0.0488    |0.0750              |1.0000          |1.1238
27   |0.0004    |0.0417              |1.0000          |1.0421
24   |0.0004    |0.2667              |0.7527          |1.0198

Team Events (sorted, for dev use, diff check with others to ensure truly different schedules created):
------------------------------------------------------------
0, 109, 163, 178, 224, 286
1, 98, 143, 183, 232, 295
2, 103, 154, 208, 260, 310
3, 100, 146, 210, 277, 318
4, 101, 157, 189, 242, 308
5, 95, 148, 205, 248, 292
6, 97, 145, 196, 243, 297
7, 102, 153, 175, 238, 301
8, 99, 152, 187, 228, 287
9, 124, 156, 195, 247, 302
10, 119, 158, 182, 261, 322
11, 112, 164, 203, 252, 309
12, 123, 161, 192, 231, 284
13, 121, 160, 174, 223, 280
14, 118, 155, 213, 276, 324
15, 120, 165, 197, 255, 316
16, 132, 162, 193, 269, 306
17, 122, 151, 198, 263, 303
18, 59, 147, 204, 256, 294
19, 60, 149, 218, 273, 317
20, 71, 144, 214, 264, 304
22, 79, 142, 191, 236, 272
23, 54, 159, 167, 215, 274
24, 85, 130, 212, 226, 271
25, 57, 150, 200, 251, 307
26, 75, 138, 202, 220, 275
27, 88, 108, 221, 266, 278
28, 61, 90, 190, 234, 282
29, 58, 92, 211, 254, 296
30, 76, 93, 206, 229, 270
31, 69, 91, 216, 259, 298
32, 56, 89, 169, 217, 283
33, 94, 110, 219, 262, 279
34, 64, 96, 209, 257, 300
35, 55, 86, 179, 222, 289
36, 63, 105, 207, 267, 311
37, 77, 111, 188, 237, 290
38, 67, 116, 177, 230, 293
39, 72, 125, 172, 225, 285
40, 62, 117, 199, 253, 291
41, 68, 104, 201, 240, 281
42, 66, 113, 184, 268, 320
43, 74, 115, 185, 239, 288
44, 65, 114, 186, 249, 313
45, 87, 139, 173, 235, 305
46, 82, 135, 170, 250, 325
47, 73, 133, 168, 244, 315
48, 78, 134, 181, 245, 312
49, 70, 131, 176, 246, 321
50, 80, 140, 171, 233, 299
51, 81, 136, 180, 258, 323
52, 84, 137, 194, 265, 319
53, 83, 141, 166, 241, 314
