FLL Scheduler GA Summary Report (ID: 2132126148848 | Hash: 7875350311948592558)

Attributes:
--------------------
rank: 0
origin: (C | TimeSlotCrossover)
mutations: 1
clones: 1
_hash: 7875350311948592558
Length: 318

Fitness:
--------------------------
BreakTime           : 0.31062795876048954
LocationConsistency : 0.0
OpponentVariety     : 0.8754111684107535
-----------------------------------
Total               : 1.186039127171243
Percentage          : 39.53%

Per-Objective Statistics (Team Distribution):
-----------------------------------------------------------------
Objective                 | Min      | Max      | Avg      | Range   
-----------------------------------------------------------------
BreakTime                 | 0.0004   | 0.9193   | 0.5394   | 0.9189  
LocationConsistency       | 0.0417   | 0.6417   | 0.1984   | 0.6000  
OpponentVariety           | 0.7527   | 1.0000   | 0.9953   | 0.2473  

Team fitnesses (sorted by total fitness descending):
----------------------------------------------------
Max     : 2.314821
Min     : 1.019778
Range   : 1.295043
Average : 1.733144

Team |BreakTime |LocationConsistency |OpponentVariety |Sum
------------------------------------------------------------
40   |0.6732    |0.6417              |1.0000          |2.3148
49   |0.8630    |0.3667              |1.0000          |2.2297
17   |0.5758    |0.6417              |1.0000          |2.2174
9    |0.5719    |0.6417              |1.0000          |2.2135
4    |0.5640    |0.6417              |1.0000          |2.2057
47   |0.9193    |0.2667              |1.0000          |2.1860
52   |0.8925    |0.2667              |1.0000          |2.1592
46   |0.8865    |0.2667              |1.0000          |2.1531
53   |0.8672    |0.2667              |1.0000          |2.1338
36   |0.6273    |0.3500              |1.0000          |1.9773
51   |0.9139    |0.0500              |1.0000          |1.9639
39   |0.5936    |0.3667              |1.0000          |1.9603
45   |0.9185    |0.0417              |1.0000          |1.9602
8    |0.5895    |0.3500              |1.0000          |1.9395
42   |0.6673    |0.2667              |1.0000          |1.9339
44   |0.6637    |0.2667              |1.0000          |1.9304
48   |0.8793    |0.0417              |1.0000          |1.9210
7    |0.6485    |0.2667              |1.0000          |1.9152
3    |0.5474    |0.3667              |1.0000          |1.9141
41   |0.6257    |0.2667              |1.0000          |1.8923
5    |0.6216    |0.2667              |1.0000          |1.8883
18   |0.5901    |0.2667              |1.0000          |1.8568
50   |0.7914    |0.0417              |1.0000          |1.8331
34   |0.5616    |0.2667              |1.0000          |1.8282
14   |0.5543    |0.2667              |1.0000          |1.8210
37   |0.6764    |0.0500              |1.0000          |1.7264
2    |0.6329    |0.0417              |1.0000          |1.6745
13   |0.5920    |0.0667              |1.0000          |1.6586
11   |0.6158    |0.0417              |1.0000          |1.6575
38   |0.6044    |0.0500              |1.0000          |1.6544
22   |0.6013    |0.0500              |1.0000          |1.6513
6    |0.6005    |0.0500              |1.0000          |1.6505
33   |0.0045    |0.6417              |1.0000          |1.6461
43   |0.5809    |0.0417              |1.0000          |1.6226
1    |0.5774    |0.0417              |1.0000          |1.6190
35   |0.5515    |0.0667              |1.0000          |1.6181
15   |0.5389    |0.0750              |1.0000          |1.6139
12   |0.5619    |0.0417              |1.0000          |1.6036
10   |0.5556    |0.0417              |1.0000          |1.5973
19   |0.5397    |0.0500              |1.0000          |1.5897
16   |0.5379    |0.0500              |1.0000          |1.5879
21   |0.5082    |0.0667              |1.0000          |1.5749
28   |0.5133    |0.0500              |1.0000          |1.5633
31   |0.5002    |0.0417              |1.0000          |1.5419
23   |0.4972    |0.0417              |1.0000          |1.5389
29   |0.0488    |0.3500              |1.0000          |1.3988
25   |0.0004    |0.2667              |1.0000          |1.2671
32   |0.0475    |0.0750              |1.0000          |1.1225
20   |0.0465    |0.0500              |1.0000          |1.0965
24   |0.0454    |0.0500              |1.0000          |1.0954
30   |0.0004    |0.0667              |1.0000          |1.0671
27   |0.0004    |0.0500              |1.0000          |1.0504
26   |0.0004    |0.2667              |0.7527          |1.0198

Team Events (sorted, for dev use, diff check with others to ensure truly different schedules created):
------------------------------------------------------------
0, 103, 154, 208, 260, 310
1, 102, 153, 175, 244, 301
2, 101, 149, 205, 249, 292
3, 94, 147, 211, 277, 318
4, 95, 157, 188, 241, 303
5, 99, 152, 186, 226, 287
6, 105, 160, 178, 224, 286
7, 98, 143, 183, 232, 295
8, 96, 145, 191, 240, 297
9, 118, 156, 192, 247, 309
10, 124, 159, 182, 261, 322
11, 112, 165, 203, 252, 302
12, 122, 162, 174, 223, 281
13, 120, 163, 195, 231, 285
14, 125, 155, 212, 276, 324
15, 121, 151, 198, 262, 308
16, 132, 161, 194, 268, 305
17, 123, 164, 190, 255, 316
18, 57, 150, 200, 250, 304
19, 77, 144, 220, 267, 307
20, 58, 146, 204, 256, 294
21, 60, 158, 170, 221, 274
22, 55, 148, 217, 272, 317
24, 79, 142, 196, 236, 273
25, 72, 138, 202, 214, 275
26, 84, 129, 213, 228, 270
27, 90, 104, 215, 265, 279
28, 54, 89, 197, 234, 282
29, 64, 97, 209, 257, 300
30, 100, 116, 216, 263, 278
31, 59, 87, 210, 254, 296
32, 69, 88, 219, 259, 299
33, 71, 86, 206, 227, 271
34, 56, 91, 172, 218, 283
35, 61, 93, 179, 222, 289
36, 70, 117, 189, 237, 290
37, 66, 113, 184, 269, 320
38, 62, 107, 207, 264, 311
39, 63, 111, 199, 253, 291
40, 65, 115, 187, 248, 313
41, 73, 114, 185, 245, 288
42, 67, 110, 177, 230, 293
43, 68, 106, 201, 243, 280
44, 74, 119, 167, 225, 284
45, 80, 135, 169, 251, 325
46, 92, 139, 166, 235, 306
47, 75, 133, 173, 239, 314
48, 83, 141, 168, 233, 298
49, 78, 134, 181, 238, 312
50, 85, 136, 193, 266, 319
51, 81, 140, 171, 242, 315
52, 76, 128, 176, 246, 321
53, 82, 137, 180, 258, 323
