FLL Scheduler GA Summary Report (ID: 2132111944032 | Hash: 6117863074033735064)

Attributes:
--------------------
rank: 0
origin: (C | RoundTypeCrossover)
mutations: 0
clones: 0
_hash: 6117863074033735064
Length: 318

Fitness:
--------------------------
BreakTime           : 0.31062795876048954
LocationConsistency : 0.0
OpponentVariety     : 0.8754111684107535
-----------------------------------
Total               : 1.186039127171243
Percentage          : 39.53%

Per-Objective Statistics (Team Distribution):
-----------------------------------------------------------------
Objective                 | Min      | Max      | Avg      | Range   
-----------------------------------------------------------------
BreakTime                 | 0.0004   | 0.9193   | 0.5394   | 0.9189  
LocationConsistency       | 0.0417   | 0.6417   | 0.2178   | 0.6000  
OpponentVariety           | 0.7527   | 1.0000   | 0.9953   | 0.2473  

Team fitnesses (sorted by total fitness descending):
----------------------------------------------------
Max     : 2.504678
Min     : 1.042102
Range   : 1.462576
Average : 1.752483

Team |BreakTime |LocationConsistency |OpponentVariety |Sum
------------------------------------------------------------
50   |0.8630    |0.6417              |1.0000          |2.5047
43   |0.6257    |0.6417              |1.0000          |2.2673
47   |0.8672    |0.3500              |1.0000          |2.2172
5    |0.5719    |0.6417              |1.0000          |2.2135
52   |0.9185    |0.2667              |1.0000          |2.1852
45   |0.8865    |0.2667              |1.0000          |2.1531
46   |0.7914    |0.2667              |1.0000          |2.0581
44   |0.6732    |0.3667              |1.0000          |2.0398
42   |0.6764    |0.3500              |1.0000          |2.0264
37   |0.6273    |0.3667              |1.0000          |1.9939
15   |0.6158    |0.3667              |1.0000          |1.9825
53   |0.9139    |0.0500              |1.0000          |1.9639
51   |0.9193    |0.0417              |1.0000          |1.9610
49   |0.8925    |0.0417              |1.0000          |1.9342
38   |0.6673    |0.2667              |1.0000          |1.9339
8    |0.5774    |0.3500              |1.0000          |1.9274
48   |0.8793    |0.0417              |1.0000          |1.9210
1    |0.6485    |0.2667              |1.0000          |1.9152
9    |0.6329    |0.2667              |1.0000          |1.8995
24   |0.5397    |0.3500              |1.0000          |1.8897
36   |0.6044    |0.2667              |1.0000          |1.8710
30   |0.5133    |0.3500              |1.0000          |1.8633
40   |0.5936    |0.2667              |1.0000          |1.8603
12   |0.5901    |0.2667              |1.0000          |1.8568
4    |0.5895    |0.2667              |1.0000          |1.8562
18   |0.5758    |0.2667              |1.0000          |1.8424
2    |0.5640    |0.2667              |1.0000          |1.8307
17   |0.5619    |0.2667              |1.0000          |1.8286
10   |0.5556    |0.2667              |1.0000          |1.8223
14   |0.5543    |0.2667              |1.0000          |1.8210
6    |0.5474    |0.2667              |1.0000          |1.8141
39   |0.6637    |0.0417              |1.0000          |1.7054
3    |0.6216    |0.0667              |1.0000          |1.6883
22   |0.6013    |0.0750              |1.0000          |1.6763
7    |0.6005    |0.0750              |1.0000          |1.6755
11   |0.5920    |0.0667              |1.0000          |1.6586
34   |0.5616    |0.0750              |1.0000          |1.6366
41   |0.5809    |0.0417              |1.0000          |1.6226
35   |0.5515    |0.0417              |1.0000          |1.5931
13   |0.5389    |0.0500              |1.0000          |1.5889
16   |0.5379    |0.0500              |1.0000          |1.5879
20   |0.5082    |0.0750              |1.0000          |1.5832
21   |0.4972    |0.0667              |1.0000          |1.5639
32   |0.5002    |0.0500              |1.0000          |1.5502
33   |0.0045    |0.5250              |1.0000          |1.5295
27   |0.0004    |0.3667              |1.0000          |1.3671
29   |0.0488    |0.0667              |1.0000          |1.1154
23   |0.0454    |0.0667              |1.0000          |1.1121
26   |0.0004    |0.3500              |0.7527          |1.1031
28   |0.0475    |0.0417              |1.0000          |1.0891
19   |0.0465    |0.0417              |1.0000          |1.0882
31   |0.0004    |0.0500              |1.0000          |1.0504
25   |0.0004    |0.0417              |1.0000          |1.0421

Team Events (sorted, for dev use, diff check with others to ensure truly different schedules created):
------------------------------------------------------------
0, 109, 161, 178, 224, 293
1, 101, 146, 208, 277, 318
2, 100, 156, 189, 240, 302
3, 97, 143, 183, 235, 301
4, 98, 145, 191, 241, 298
5, 94, 149, 205, 249, 287
6, 96, 152, 187, 228, 292
7, 103, 155, 211, 254, 310
8, 102, 153, 175, 245, 294
9, 124, 157, 192, 247, 308
10, 122, 162, 174, 223, 283
11, 123, 164, 190, 258, 316
12, 118, 154, 207, 276, 324
13, 121, 163, 195, 236, 279
14, 119, 159, 182, 255, 322
15, 120, 151, 198, 262, 309
16, 113, 165, 203, 253, 303
17, 132, 160, 194, 268, 305
18, 76, 144, 214, 267, 306
20, 59, 147, 204, 256, 300
21, 60, 148, 219, 272, 317
22, 54, 158, 170, 215, 274
23, 78, 142, 196, 231, 273
24, 56, 150, 200, 250, 304
25, 72, 137, 202, 220, 275
26, 85, 130, 206, 226, 270
27, 95, 111, 218, 263, 284
28, 62, 90, 217, 261, 296
29, 67, 99, 210, 257, 295
30, 61, 91, 197, 233, 281
31, 88, 108, 221, 265, 285
32, 58, 86, 209, 259, 299
33, 71, 87, 213, 229, 271
34, 57, 89, 173, 216, 280
35, 55, 93, 179, 222, 290
36, 68, 105, 212, 264, 311
37, 70, 110, 188, 230, 289
38, 64, 117, 177, 237, 286
39, 75, 125, 167, 225, 278
40, 69, 116, 199, 252, 288
41, 63, 104, 201, 243, 282
42, 65, 112, 184, 269, 320
43, 73, 115, 185, 244, 291
44, 66, 114, 186, 248, 313
45, 92, 136, 166, 232, 307
46, 84, 138, 193, 266, 319
47, 82, 139, 180, 260, 323
48, 83, 135, 168, 234, 297
49, 77, 131, 176, 246, 321
50, 79, 141, 181, 239, 312
51, 74, 133, 172, 238, 315
52, 81, 140, 169, 251, 325
53, 80, 134, 171, 242, 314
