FLL Scheduler GA Summary Report (ID: 2132111943920 | Hash: -7858508891818711319)

Attributes:
--------------------
rank: 0
origin: (C | KPoint(k=3))
mutations: 0
clones: 0
_hash: -7858508891818711319
Length: 318

Fitness:
--------------------------
BreakTime           : 0.31062795876048954
LocationConsistency : 0.0
OpponentVariety     : 0.8754111684107535
-----------------------------------
Total               : 1.186039127171243
Percentage          : 39.53%

Per-Objective Statistics (Team Distribution):
-----------------------------------------------------------------
Objective                 | Min      | Max      | Avg      | Range   
-----------------------------------------------------------------
BreakTime                 | 0.0004   | 0.9193   | 0.5394   | 0.9189  
LocationConsistency       | 0.0417   | 0.9500   | 0.2223   | 0.9083  
OpponentVariety           | 0.7527   | 1.0000   | 0.9953   | 0.2473  

Team fitnesses (sorted by total fitness descending):
----------------------------------------------------
Max     : 2.836467
Min     : 1.042102
Range   : 1.794365
Average : 1.757043

Team |BreakTime |LocationConsistency |OpponentVariety |Sum
------------------------------------------------------------
45   |0.8865    |0.9500              |1.0000          |2.8365
50   |0.8630    |0.6417              |1.0000          |2.5047
47   |0.9193    |0.3500              |1.0000          |2.2693
53   |0.9139    |0.3500              |1.0000          |2.2639
52   |0.9185    |0.2667              |1.0000          |2.1852
46   |0.7914    |0.2667              |1.0000          |2.0581
41   |0.6732    |0.3500              |1.0000          |2.0232
43   |0.6673    |0.3500              |1.0000          |2.0173
15   |0.6158    |0.3667              |1.0000          |1.9825
2    |0.6216    |0.3500              |1.0000          |1.9716
42   |0.6044    |0.3500              |1.0000          |1.9544
6    |0.6005    |0.3500              |1.0000          |1.9505
49   |0.8925    |0.0500              |1.0000          |1.9425
51   |0.8672    |0.0750              |1.0000          |1.9422
38   |0.5809    |0.3500              |1.0000          |1.9309
48   |0.8793    |0.0500              |1.0000          |1.9293
1    |0.6485    |0.2667              |1.0000          |1.9152
5    |0.6329    |0.2667              |1.0000          |1.8995
39   |0.6257    |0.2667              |1.0000          |1.8923
13   |0.5379    |0.3500              |1.0000          |1.8879
18   |0.5901    |0.2667              |1.0000          |1.8568
8    |0.5895    |0.2667              |1.0000          |1.8562
9    |0.5719    |0.2667              |1.0000          |1.8385
28   |0.5616    |0.2667              |1.0000          |1.8282
11   |0.5556    |0.2667              |1.0000          |1.8223
3    |0.5474    |0.2667              |1.0000          |1.8141
19   |0.5082    |0.2667              |1.0000          |1.7749
36   |0.6764    |0.0417              |1.0000          |1.7181
37   |0.6637    |0.0417              |1.0000          |1.7054
40   |0.6273    |0.0417              |1.0000          |1.6689
33   |0.0045    |0.6417              |1.0000          |1.6461
20   |0.6013    |0.0417              |1.0000          |1.6430
44   |0.5936    |0.0417              |1.0000          |1.6353
10   |0.5920    |0.0417              |1.0000          |1.6336
14   |0.5543    |0.0750              |1.0000          |1.6293
7    |0.5774    |0.0500              |1.0000          |1.6274
16   |0.5758    |0.0417              |1.0000          |1.6174
17   |0.5389    |0.0750              |1.0000          |1.6139
4    |0.5640    |0.0417              |1.0000          |1.6057
12   |0.5619    |0.0417              |1.0000          |1.6036
27   |0.5515    |0.0417              |1.0000          |1.5931
24   |0.5397    |0.0417              |1.0000          |1.5814
30   |0.5133    |0.0417              |1.0000          |1.5550
32   |0.5002    |0.0417              |1.0000          |1.5419
23   |0.4972    |0.0417              |1.0000          |1.5389
35   |0.0475    |0.3500              |1.0000          |1.3975
26   |0.0454    |0.3500              |1.0000          |1.3954
22   |0.0004    |0.6417              |0.7527          |1.3948
31   |0.0004    |0.3500              |1.0000          |1.3504
29   |0.0488    |0.0500              |1.0000          |1.0988
21   |0.0465    |0.0417              |1.0000          |1.0882
34   |0.0004    |0.0500              |1.0000          |1.0504
25   |0.0004    |0.0417              |1.0000          |1.0421

Team Events (sorted, for dev use, diff check with others to ensure truly different schedules created):
------------------------------------------------------------
0, 105, 162, 178, 224, 293
1, 101, 150, 182, 241, 302
2, 94, 149, 198, 250, 287
3, 100, 146, 211, 277, 318
4, 102, 153, 175, 244, 294
5, 97, 152, 184, 228, 292
6, 103, 154, 208, 254, 310
7, 96, 142, 188, 232, 301
8, 98, 145, 191, 240, 298
9, 122, 160, 174, 223, 283
10, 125, 151, 192, 247, 308
11, 113, 164, 200, 253, 303
12, 120, 157, 204, 269, 309
13, 121, 161, 195, 231, 279
14, 119, 159, 189, 255, 322
15, 127, 163, 194, 262, 305
16, 118, 155, 212, 276, 324
17, 123, 165, 190, 261, 316
18, 56, 147, 199, 256, 300
19, 61, 158, 168, 215, 274
20, 77, 144, 214, 267, 306
21, 78, 130, 213, 226, 270
22, 55, 148, 218, 272, 317
24, 58, 156, 203, 249, 304
25, 72, 138, 201, 220, 275
26, 84, 143, 196, 236, 273
27, 60, 93, 179, 222, 290
28, 59, 88, 166, 217, 280
29, 64, 99, 209, 257, 295
30, 54, 91, 197, 234, 281
31, 89, 104, 221, 265, 285
32, 57, 87, 210, 260, 299
33, 71, 86, 206, 229, 271
34, 95, 117, 219, 268, 284
35, 69, 90, 216, 258, 296
36, 66, 112, 187, 263, 321
37, 74, 124, 173, 225, 278
38, 68, 106, 202, 243, 282
39, 73, 115, 186, 245, 291
40, 70, 116, 183, 237, 288
41, 65, 114, 185, 251, 313
42, 63, 107, 207, 264, 311
43, 67, 110, 177, 230, 286
44, 62, 111, 205, 252, 289
45, 92, 139, 172, 235, 307
46, 79, 136, 193, 266, 319
47, 75, 126, 167, 239, 315
48, 80, 141, 170, 233, 297
49, 76, 131, 176, 246, 320
50, 85, 134, 181, 238, 312
51, 81, 137, 180, 259, 323
52, 83, 135, 171, 248, 325
53, 82, 140, 169, 242, 314
