FLL Scheduler GA Summary Report (ID: 2132111940672 | Hash: 2394729303666718832)

Attributes:
--------------------
rank: 0
origin: (C | RoundTypeCrossover)
mutations: 0
clones: 0
_hash: 2394729303666718832
Length: 318

Fitness:
--------------------------
BreakTime           : 0.31062795876048954
LocationConsistency : 0.0
OpponentVariety     : 0.8754111684107535
-----------------------------------
Total               : 1.186039127171243
Percentage          : 39.53%

Per-Objective Statistics (Team Distribution):
-----------------------------------------------------------------
Objective                 | Min      | Max      | Avg      | Range   
-----------------------------------------------------------------
BreakTime                 | 0.0004   | 0.9193   | 0.5394   | 0.9189  
LocationConsistency       | 0.0417   | 0.6417   | 0.2344   | 0.6000  
OpponentVariety           | 0.7527   | 1.0000   | 0.9953   | 0.2473  

Team fitnesses (sorted by total fitness descending):
----------------------------------------------------
Max     : 2.314821
Min     : 1.019778
Range   : 1.295043
Average : 1.769150

Team |BreakTime |LocationConsistency |OpponentVariety |Sum
------------------------------------------------------------
40   |0.6732    |0.6417              |1.0000          |2.3148
38   |0.6273    |0.6417              |1.0000          |2.2689
37   |0.6044    |0.6417              |1.0000          |2.2460
8    |0.5774    |0.6417              |1.0000          |2.2190
34   |0.5616    |0.6417              |1.0000          |2.2032
11   |0.5556    |0.6417              |1.0000          |2.1973
52   |0.9185    |0.2667              |1.0000          |2.1852
49   |0.8925    |0.2667              |1.0000          |2.1592
47   |0.8672    |0.2667              |1.0000          |2.1338
46   |0.7914    |0.2667              |1.0000          |2.0581
42   |0.6764    |0.3500              |1.0000          |2.0264
3    |0.6329    |0.3500              |1.0000          |1.9829
24   |0.6013    |0.3667              |1.0000          |1.9680
53   |0.9139    |0.0500              |1.0000          |1.9639
51   |0.9193    |0.0417              |1.0000          |1.9610
48   |0.8793    |0.0750              |1.0000          |1.9543
36   |0.6673    |0.2667              |1.0000          |1.9339
41   |0.6637    |0.2667              |1.0000          |1.9304
45   |0.8865    |0.0417              |1.0000          |1.9281
50   |0.8630    |0.0500              |1.0000          |1.9130
23   |0.5397    |0.3500              |1.0000          |1.8897
13   |0.6158    |0.2667              |1.0000          |1.8825
9    |0.6005    |0.2667              |1.0000          |1.8672
43   |0.5936    |0.2667              |1.0000          |1.8603
10   |0.5920    |0.2667              |1.0000          |1.8586
12   |0.5901    |0.2667              |1.0000          |1.8568
44   |0.5809    |0.2667              |1.0000          |1.8476
18   |0.5758    |0.2667              |1.0000          |1.8424
2    |0.5640    |0.2667              |1.0000          |1.8307
35   |0.5515    |0.2667              |1.0000          |1.8181
16   |0.5379    |0.2667              |1.0000          |1.8046
32   |0.5002    |0.2667              |1.0000          |1.7669
39   |0.6257    |0.0667              |1.0000          |1.6923
1    |0.6485    |0.0417              |1.0000          |1.6902
5    |0.6216    |0.0667              |1.0000          |1.6883
7    |0.5719    |0.0750              |1.0000          |1.6469
19   |0.0004    |0.6417              |1.0000          |1.6421
4    |0.5895    |0.0500              |1.0000          |1.6395
6    |0.5474    |0.0750              |1.0000          |1.6224
14   |0.5389    |0.0750              |1.0000          |1.6139
15   |0.5543    |0.0500              |1.0000          |1.6043
17   |0.5619    |0.0417              |1.0000          |1.6036
30   |0.5133    |0.0500              |1.0000          |1.5633
21   |0.5082    |0.0417              |1.0000          |1.5499
26   |0.4972    |0.0417              |1.0000          |1.5389
25   |0.0465    |0.2667              |1.0000          |1.3132
33   |0.0045    |0.2667              |1.0000          |1.2711
29   |0.0488    |0.0667              |1.0000          |1.1154
27   |0.0475    |0.0500              |1.0000          |1.0975
20   |0.0454    |0.0417              |1.0000          |1.0871
28   |0.0004    |0.0500              |1.0000          |1.0504
31   |0.0004    |0.0417              |1.0000          |1.0421
22   |0.0004    |0.2667              |0.7527          |1.0198

Team Events (sorted, for dev use, diff check with others to ensure truly different schedules created):
------------------------------------------------------------
0, 103, 161, 178, 224, 286
1, 101, 145, 211, 277, 318
2, 109, 154, 175, 239, 301
3, 97, 148, 183, 234, 295
4, 100, 156, 189, 241, 303
5, 94, 142, 205, 250, 293
6, 98, 146, 196, 240, 296
7, 108, 153, 209, 260, 317
8, 96, 155, 187, 226, 287
9, 120, 163, 174, 223, 283
10, 119, 157, 195, 247, 309
11, 121, 165, 197, 254, 311
12, 124, 158, 182, 261, 322
13, 125, 152, 212, 276, 324
14, 123, 162, 193, 231, 279
15, 122, 150, 198, 269, 308
16, 113, 164, 203, 253, 302
17, 132, 160, 192, 263, 305
19, 75, 138, 202, 221, 275
20, 78, 149, 191, 236, 273
21, 58, 144, 204, 259, 294
22, 85, 131, 213, 228, 270
23, 57, 151, 200, 249, 304
24, 55, 159, 169, 215, 274
25, 71, 147, 214, 264, 307
26, 61, 143, 218, 272, 310
27, 62, 91, 216, 256, 298
28, 95, 117, 219, 268, 284
29, 67, 99, 208, 258, 300
30, 60, 90, 190, 233, 281
31, 88, 102, 220, 266, 285
32, 59, 87, 210, 255, 297
33, 76, 86, 206, 227, 271
34, 56, 89, 166, 217, 280
35, 54, 93, 179, 222, 289
36, 64, 110, 177, 230, 292
37, 68, 107, 207, 267, 316
38, 77, 116, 188, 237, 290
39, 74, 114, 185, 238, 288
40, 66, 115, 186, 251, 312
41, 72, 118, 172, 225, 278
42, 65, 112, 184, 262, 320
43, 69, 111, 199, 252, 291
44, 63, 106, 201, 243, 282
45, 92, 139, 173, 232, 306
46, 84, 137, 194, 265, 319
47, 81, 136, 180, 257, 323
48, 80, 140, 171, 235, 299
49, 70, 130, 176, 246, 321
50, 79, 134, 181, 245, 313
51, 73, 133, 167, 244, 315
52, 82, 135, 170, 248, 325
53, 83, 141, 168, 242, 314
