FLL Scheduler GA Summary Report (ID: 2132111940224 | Hash: 8887240337831702507)

Attributes:
--------------------
rank: 0
origin: (C | TimeSlotCrossover)
mutations: 1
clones: 0
_hash: 8887240337831702507
Length: 318

Fitness:
--------------------------
BreakTime           : 0.31062795876048954
LocationConsistency : 0.0
OpponentVariety     : 0.8754111684107535
-----------------------------------
Total               : 1.186039127171243
Percentage          : 39.53%

Per-Objective Statistics (Team Distribution):
-----------------------------------------------------------------
Objective                 | Min      | Max      | Avg      | Range   
-----------------------------------------------------------------
BreakTime                 | 0.0004   | 0.9193   | 0.5394   | 0.9189  
LocationConsistency       | 0.0417   | 0.6417   | 0.1893   | 0.6000  
OpponentVariety           | 0.7527   | 1.0000   | 0.9953   | 0.2473  

Team fitnesses (sorted by total fitness descending):
----------------------------------------------------
Max     : 2.263852
Min     : 1.042085
Range   : 1.221766
Average : 1.724024

Team |BreakTime |LocationConsistency |OpponentVariety |Sum
------------------------------------------------------------
53   |0.9139    |0.3500              |1.0000          |2.2639
11   |0.6158    |0.6417              |1.0000          |2.2575
48   |0.8793    |0.3500              |1.0000          |2.2293
45   |0.8865    |0.2667              |1.0000          |2.1531
46   |0.7914    |0.3500              |1.0000          |2.1414
24   |0.6013    |0.5250              |1.0000          |2.1263
43   |0.6257    |0.3500              |1.0000          |1.9757
51   |0.9193    |0.0500              |1.0000          |1.9693
52   |0.9185    |0.0417              |1.0000          |1.9602
36   |0.6044    |0.3500              |1.0000          |1.9544
42   |0.6764    |0.2667              |1.0000          |1.9431
44   |0.6732    |0.2667              |1.0000          |1.9398
49   |0.8925    |0.0417              |1.0000          |1.9342
34   |0.5616    |0.3667              |1.0000          |1.9282
16   |0.5556    |0.3667              |1.0000          |1.9223
47   |0.8672    |0.0500              |1.0000          |1.9172
9    |0.6485    |0.2667              |1.0000          |1.9152
50   |0.8630    |0.0500              |1.0000          |1.9130
1    |0.5474    |0.3500              |1.0000          |1.8974
23   |0.5397    |0.3500              |1.0000          |1.8897
5    |0.6216    |0.2667              |1.0000          |1.8883
12   |0.5901    |0.2667              |1.0000          |1.8568
6    |0.5895    |0.2667              |1.0000          |1.8562
13   |0.5379    |0.2667              |1.0000          |1.8046
30   |0.5133    |0.2667              |1.0000          |1.7800
32   |0.5002    |0.2667              |1.0000          |1.7669
38   |0.6673    |0.0417              |1.0000          |1.7089
39   |0.6637    |0.0417              |1.0000          |1.7054
37   |0.6273    |0.0667              |1.0000          |1.6939
4    |0.6329    |0.0500              |1.0000          |1.6829
7    |0.6005    |0.0417              |1.0000          |1.6422
40   |0.5936    |0.0417              |1.0000          |1.6353
15   |0.5920    |0.0417              |1.0000          |1.6336
41   |0.5809    |0.0500              |1.0000          |1.6309
8    |0.5774    |0.0417              |1.0000          |1.6190
18   |0.5758    |0.0417              |1.0000          |1.6174
3    |0.5719    |0.0417              |1.0000          |1.6135
2    |0.5640    |0.0417              |1.0000          |1.6057
14   |0.5543    |0.0500              |1.0000          |1.6043
17   |0.5619    |0.0417              |1.0000          |1.6036
35   |0.5515    |0.0417              |1.0000          |1.5931
10   |0.5389    |0.0500              |1.0000          |1.5889
26   |0.4972    |0.0667              |1.0000          |1.5639
20   |0.5082    |0.0417              |1.0000          |1.5499
33   |0.0045    |0.3500              |1.0000          |1.3545
29   |0.0488    |0.2667              |1.0000          |1.3154
27   |0.0475    |0.2667              |1.0000          |1.3141
25   |0.0465    |0.2667              |1.0000          |1.3132
19   |0.0004    |0.2667              |1.0000          |1.2671
22   |0.0454    |0.0667              |1.0000          |1.1121
21   |0.0004    |0.3500              |0.7527          |1.1031
28   |0.0004    |0.0750              |1.0000          |1.0754
31   |0.0004    |0.0417              |1.0000          |1.0421

Team Events (sorted, for dev use, diff check with others to ensure truly different schedules created):
------------------------------------------------------------
0, 94, 149, 205, 250, 293
1, 100, 147, 208, 277, 318
2, 98, 145, 191, 240, 299
3, 109, 155, 175, 239, 294
4, 101, 156, 189, 241, 303
5, 97, 143, 183, 232, 300
6, 96, 154, 187, 228, 287
7, 108, 153, 211, 254, 317
8, 102, 161, 178, 224, 286
9, 123, 152, 207, 276, 324
10, 122, 159, 182, 255, 322
11, 120, 164, 190, 260, 311
12, 119, 150, 198, 269, 308
13, 118, 162, 195, 231, 279
14, 121, 163, 174, 223, 282
15, 125, 157, 192, 247, 309
16, 113, 165, 203, 252, 302
17, 132, 160, 194, 263, 305
18, 73, 138, 202, 221, 275
19, 59, 146, 204, 257, 301
20, 85, 130, 206, 226, 270
22, 78, 142, 197, 236, 273
23, 56, 151, 200, 249, 304
24, 54, 158, 170, 214, 274
25, 76, 144, 215, 264, 307
26, 60, 148, 217, 272, 310
27, 69, 91, 219, 258, 297
28, 95, 111, 216, 268, 284
29, 64, 99, 210, 256, 295
30, 61, 90, 196, 234, 280
31, 88, 103, 220, 266, 285
32, 58, 87, 209, 261, 298
33, 71, 86, 213, 229, 271
34, 57, 89, 173, 218, 281
35, 55, 93, 179, 222, 289
36, 63, 107, 212, 267, 316
37, 70, 110, 188, 237, 290
38, 67, 117, 177, 230, 292
39, 75, 124, 167, 225, 278
40, 62, 116, 199, 253, 291
41, 68, 106, 201, 243, 283
42, 66, 112, 185, 262, 320
43, 72, 114, 184, 238, 288
44, 65, 115, 186, 251, 312
45, 92, 139, 166, 235, 306
46, 84, 137, 193, 265, 319
47, 81, 136, 180, 259, 323
48, 80, 140, 168, 233, 296
49, 77, 131, 176, 246, 321
50, 79, 134, 181, 245, 313
51, 74, 133, 172, 244, 315
52, 82, 135, 169, 248, 325
53, 83, 141, 171, 242, 314
