FLL Scheduler GA Summary Report (ID: 2132126145712 | Hash: 270168644996076913)

Attributes:
--------------------
rank: 0
origin: (C | KPoint(k=2))
mutations: 0
clones: 0
_hash: 270168644996076913
Length: 318

Fitness:
--------------------------
BreakTime           : 0.31062795876048954
LocationConsistency : 0.0
OpponentVariety     : 0.8754111684107535
-----------------------------------
Total               : 1.186039127171243
Percentage          : 39.53%

Per-Objective Statistics (Team Distribution):
-----------------------------------------------------------------
Objective                 | Min      | Max      | Avg      | Range   
-----------------------------------------------------------------
BreakTime                 | 0.0004   | 0.9193   | 0.5394   | 0.9189  
LocationConsistency       | 0.0417   | 0.6417   | 0.2382   | 0.6000  
OpponentVariety           | 0.7527   | 1.0000   | 0.9953   | 0.2473  

Team fitnesses (sorted by total fitness descending):
----------------------------------------------------
Max     : 2.504678
Min     : 1.042102
Range   : 1.462576
Average : 1.772924

Team |BreakTime |LocationConsistency |OpponentVariety |Sum
------------------------------------------------------------
50   |0.8630    |0.6417              |1.0000          |2.5047
36   |0.6673    |0.6417              |1.0000          |2.3089
16   |0.6158    |0.6417              |1.0000          |2.2575
47   |0.8672    |0.3500              |1.0000          |2.2172
38   |0.6764    |0.5250              |1.0000          |2.2014
45   |0.8865    |0.2667              |1.0000          |2.1531
46   |0.7914    |0.2667              |1.0000          |2.0581
43   |0.6273    |0.3667              |1.0000          |1.9939
5    |0.6216    |0.3667              |1.0000          |1.9883
51   |0.9193    |0.0500              |1.0000          |1.9693
52   |0.9185    |0.0500              |1.0000          |1.9685
53   |0.9139    |0.0500              |1.0000          |1.9639
44   |0.5936    |0.3667              |1.0000          |1.9603
48   |0.8793    |0.0750              |1.0000          |1.9543
3    |0.6005    |0.3500              |1.0000          |1.9505
40   |0.6732    |0.2667              |1.0000          |1.9398
2    |0.5895    |0.3500              |1.0000          |1.9395
49   |0.8925    |0.0417              |1.0000          |1.9342
34   |0.5616    |0.3667              |1.0000          |1.9282
11   |0.5556    |0.3667              |1.0000          |1.9223
6    |0.6329    |0.2667              |1.0000          |1.8995
42   |0.6257    |0.2667              |1.0000          |1.8923
24   |0.5397    |0.3500              |1.0000          |1.8897
17   |0.5379    |0.3500              |1.0000          |1.8879
21   |0.6013    |0.2667              |1.0000          |1.8680
10   |0.5920    |0.2667              |1.0000          |1.8586
12   |0.5901    |0.2667              |1.0000          |1.8568
39   |0.5809    |0.2667              |1.0000          |1.8476
18   |0.5758    |0.2667              |1.0000          |1.8424
1    |0.5719    |0.2667              |1.0000          |1.8385
15   |0.5619    |0.2667              |1.0000          |1.8286
14   |0.5543    |0.2667              |1.0000          |1.8210
8    |0.5474    |0.2667              |1.0000          |1.8141
41   |0.6637    |0.0417              |1.0000          |1.7054
9    |0.6485    |0.0417              |1.0000          |1.6902
37   |0.6044    |0.0417              |1.0000          |1.6460
4    |0.5774    |0.0500              |1.0000          |1.6274
7    |0.5640    |0.0417              |1.0000          |1.6057
35   |0.5515    |0.0417              |1.0000          |1.5931
13   |0.5389    |0.0500              |1.0000          |1.5889
22   |0.5082    |0.0667              |1.0000          |1.5749
20   |0.4972    |0.0667              |1.0000          |1.5639
30   |0.5133    |0.0500              |1.0000          |1.5633
32   |0.5002    |0.0417              |1.0000          |1.5419
33   |0.0045    |0.5250              |1.0000          |1.5295
23   |0.0454    |0.3500              |1.0000          |1.3954
28   |0.0004    |0.3667              |1.0000          |1.3671
19   |0.0465    |0.2667              |1.0000          |1.3132
29   |0.0488    |0.0667              |1.0000          |1.1154
26   |0.0004    |0.3500              |0.7527          |1.1031
27   |0.0475    |0.0417              |1.0000          |1.0891
31   |0.0004    |0.0500              |1.0000          |1.0504
25   |0.0004    |0.0417              |1.0000          |1.0421

Team Events (sorted, for dev use, diff check with others to ensure truly different schedules created):
------------------------------------------------------------
0, 98, 145, 196, 240, 297
1, 97, 143, 183, 235, 295
2, 96, 155, 187, 228, 292
3, 108, 153, 211, 254, 310
4, 101, 157, 189, 241, 302
5, 109, 154, 175, 244, 301
6, 100, 146, 208, 277, 318
7, 94, 149, 205, 249, 287
8, 102, 161, 178, 224, 293
9, 122, 163, 174, 223, 283
10, 124, 156, 195, 247, 308
11, 123, 164, 197, 258, 316
12, 118, 152, 207, 276, 324
13, 121, 162, 193, 236, 279
14, 113, 165, 203, 253, 303
15, 119, 158, 182, 255, 322
16, 120, 150, 198, 262, 309
17, 132, 160, 192, 269, 305
18, 76, 144, 214, 264, 306
19, 60, 148, 218, 272, 317
20, 54, 159, 169, 215, 274
21, 59, 147, 204, 256, 294
23, 79, 142, 191, 231, 273
24, 56, 151, 200, 250, 304
25, 72, 137, 202, 220, 275
26, 85, 130, 206, 226, 270
27, 63, 90, 216, 261, 299
28, 95, 111, 219, 263, 284
29, 67, 99, 210, 257, 300
30, 61, 91, 190, 233, 281
31, 88, 103, 221, 266, 285
32, 58, 86, 209, 259, 296
33, 71, 87, 213, 229, 271
34, 57, 89, 166, 217, 280
35, 55, 93, 179, 222, 290
36, 65, 117, 177, 237, 286
37, 69, 106, 212, 267, 311
38, 64, 112, 184, 268, 320
39, 62, 107, 201, 243, 282
40, 66, 115, 186, 248, 313
41, 75, 125, 172, 225, 278
42, 73, 114, 185, 245, 291
43, 70, 110, 188, 230, 289
44, 68, 116, 199, 252, 288
45, 92, 136, 173, 232, 307
46, 84, 138, 194, 265, 319
47, 81, 139, 180, 260, 323
48, 80, 135, 170, 234, 298
49, 77, 131, 176, 246, 321
50, 78, 141, 181, 238, 312
51, 74, 133, 167, 239, 315
52, 82, 140, 171, 251, 325
53, 83, 134, 168, 242, 314
