FLL Scheduler GA Summary Report (ID: 2132037128640 | Hash: -8140296756165825506)

Attributes:
--------------------
rank: 0
origin: (C | KPoint(k=2))
mutations: 0
clones: 0
_hash: -8140296756165825506
Length: 318

Fitness:
--------------------------
BreakTime           : 0.31062795876048954
LocationConsistency : 0.0
OpponentVariety     : 0.8754111684107535
-----------------------------------
Total               : 1.186039127171243
Percentage          : 39.53%

Per-Objective Statistics (Team Distribution):
-----------------------------------------------------------------
Objective                 | Min      | Max      | Avg      | Range   
-----------------------------------------------------------------
BreakTime                 | 0.0004   | 0.9193   | 0.5394   | 0.9189  
LocationConsistency       | 0.0417   | 0.6417   | 0.2316   | 0.6000  
OpponentVariety           | 0.7527   | 1.0000   | 0.9953   | 0.2473  

Team fitnesses (sorted by total fitness descending):
----------------------------------------------------
Max     : 2.235286
Min     : 1.019778
Range   : 1.215507
Average : 1.766320

Team |BreakTime |LocationConsistency |OpponentVariety |Sum
------------------------------------------------------------
39   |0.5936    |0.6417              |1.0000          |2.2353
40   |0.6732    |0.5250              |1.0000          |2.1982
51   |0.9193    |0.2667              |1.0000          |2.1860
46   |0.9139    |0.2667              |1.0000          |2.1805
45   |0.8925    |0.2667              |1.0000          |2.1592
28   |0.5133    |0.6417              |1.0000          |2.1550
49   |0.8672    |0.2667              |1.0000          |2.1338
52   |0.8630    |0.2667              |1.0000          |2.1297
37   |0.6273    |0.3500              |1.0000          |1.9773
50   |0.9185    |0.0417              |1.0000          |1.9602
13   |0.5920    |0.3667              |1.0000          |1.9586
42   |0.6764    |0.2667              |1.0000          |1.9431
44   |0.6637    |0.2667              |1.0000          |1.9304
47   |0.8793    |0.0500              |1.0000          |1.9293
48   |0.8865    |0.0417              |1.0000          |1.9281
7    |0.5774    |0.3500              |1.0000          |1.9274
1    |0.6485    |0.2667              |1.0000          |1.9152
5    |0.6329    |0.2667              |1.0000          |1.8995
3    |0.5474    |0.3500              |1.0000          |1.8974
16   |0.6158    |0.2667              |1.0000          |1.8825
38   |0.6044    |0.2667              |1.0000          |1.8710
20   |0.6013    |0.2667              |1.0000          |1.8680
6    |0.6005    |0.2667              |1.0000          |1.8672
33   |0.5002    |0.3500              |1.0000          |1.8502
41   |0.5809    |0.2667              |1.0000          |1.8476
53   |0.7914    |0.0500              |1.0000          |1.8414
17   |0.5619    |0.2667              |1.0000          |1.8286
10   |0.5556    |0.2667              |1.0000          |1.8223
11   |0.5379    |0.2667              |1.0000          |1.8046
36   |0.6673    |0.0417              |1.0000          |1.7089
2    |0.6216    |0.0500              |1.0000          |1.6716
43   |0.6257    |0.0417              |1.0000          |1.6673
35   |0.0045    |0.6417              |1.0000          |1.6461
19   |0.0004    |0.6417              |1.0000          |1.6421
12   |0.5901    |0.0500              |1.0000          |1.6401
8    |0.5895    |0.0500              |1.0000          |1.6395
9    |0.5719    |0.0500              |1.0000          |1.6219
15   |0.5758    |0.0417              |1.0000          |1.6174
18   |0.5389    |0.0750              |1.0000          |1.6139
31   |0.5616    |0.0500              |1.0000          |1.6116
4    |0.5640    |0.0417              |1.0000          |1.6057
14   |0.5543    |0.0417              |1.0000          |1.5960
29   |0.5515    |0.0417              |1.0000          |1.5931
25   |0.5397    |0.0500              |1.0000          |1.5897
26   |0.5082    |0.0667              |1.0000          |1.5749
21   |0.4972    |0.0750              |1.0000          |1.5722
34   |0.0488    |0.3667              |1.0000          |1.4154
27   |0.0475    |0.3500              |1.0000          |1.3975
32   |0.0004    |0.3500              |1.0000          |1.3504
24   |0.0465    |0.2667              |1.0000          |1.3132
22   |0.0454    |0.2667              |1.0000          |1.3121
30   |0.0004    |0.0667              |1.0000          |1.0671
23   |0.0004    |0.2667              |0.7527          |1.0198

Team Events (sorted, for dev use, diff check with others to ensure truly different schedules created):
------------------------------------------------------------
0, 102, 161, 178, 224, 286
1, 94, 156, 183, 242, 303
2, 100, 149, 205, 249, 293
3, 95, 146, 211, 277, 318
4, 108, 152, 175, 244, 294
5, 96, 153, 185, 226, 287
6, 109, 154, 208, 261, 317
7, 97, 142, 188, 235, 300
8, 98, 145, 191, 243, 299
9, 118, 157, 192, 247, 309
10, 121, 150, 198, 263, 308
11, 122, 165, 190, 255, 311
12, 123, 163, 174, 223, 283
13, 120, 162, 195, 236, 279
14, 126, 160, 194, 269, 305
15, 124, 158, 189, 260, 322
16, 113, 164, 203, 252, 302
17, 125, 155, 212, 276, 324
18, 72, 138, 202, 220, 272
19, 54, 159, 170, 215, 273
20, 60, 148, 218, 274, 310
22, 78, 143, 196, 231, 275
23, 84, 129, 213, 228, 270
24, 77, 144, 214, 264, 307
25, 57, 151, 200, 250, 304
26, 59, 147, 204, 258, 301
27, 62, 88, 216, 257, 297
28, 61, 89, 197, 233, 280
29, 55, 93, 179, 222, 289
30, 101, 117, 219, 262, 284
31, 56, 91, 172, 217, 281
32, 90, 103, 221, 266, 285
33, 58, 87, 210, 254, 298
34, 67, 99, 209, 259, 295
35, 71, 86, 206, 227, 271
36, 64, 110, 177, 237, 292
37, 70, 116, 182, 230, 290
38, 68, 104, 207, 267, 316
39, 69, 111, 199, 253, 291
40, 66, 114, 184, 248, 314
41, 63, 105, 201, 240, 282
42, 65, 112, 187, 268, 320
43, 73, 115, 186, 245, 288
44, 74, 119, 167, 225, 278
45, 76, 128, 176, 246, 321
46, 83, 140, 171, 241, 312
47, 81, 141, 168, 234, 296
48, 92, 139, 166, 232, 306
49, 80, 137, 180, 256, 323
50, 82, 135, 169, 251, 325
51, 75, 127, 173, 239, 313
52, 79, 134, 181, 238, 315
53, 85, 136, 193, 265, 319
