FLL Scheduler GA Summary Report (ID: 2132111947952 | Hash: 6466342932158283239)

Attributes:
--------------------
rank: 0
origin: (C | KPoint(k=3))
mutations: 0
clones: 0
_hash: 6466342932158283239
Length: 318

Fitness:
--------------------------
BreakTime           : 0.31062795876048954
LocationConsistency : 0.0
OpponentVariety     : 0.8754111684107535
-----------------------------------
Total               : 1.186039127171243
Percentage          : 39.53%

Per-Objective Statistics (Team Distribution):
-----------------------------------------------------------------
Objective                 | Min      | Max      | Avg      | Range   
-----------------------------------------------------------------
BreakTime                 | 0.0004   | 0.9193   | 0.5394   | 0.9189  
LocationConsistency       | 0.0417   | 0.6417   | 0.1961   | 0.6000  
OpponentVariety           | 0.7527   | 1.0000   | 0.9953   | 0.2473  

Team fitnesses (sorted by total fitness descending):
----------------------------------------------------
Max     : 2.314821
Min     : 1.019778
Range   : 1.295043
Average : 1.730785

Team |BreakTime |LocationConsistency |OpponentVariety |Sum
------------------------------------------------------------
37   |0.6732    |0.6417              |1.0000          |2.3148
51   |0.9139    |0.3500              |1.0000          |2.2639
50   |0.8865    |0.3500              |1.0000          |2.2365
53   |0.8672    |0.3667              |1.0000          |2.2338
46   |0.9193    |0.2667              |1.0000          |2.1860
52   |0.8925    |0.2667              |1.0000          |2.1592
48   |0.8793    |0.2667              |1.0000          |2.1460
49   |0.8630    |0.2667              |1.0000          |2.1297
44   |0.6257    |0.3667              |1.0000          |1.9923
47   |0.9185    |0.0417              |1.0000          |1.9602
38   |0.6044    |0.3500              |1.0000          |1.9544
2    |0.5895    |0.3500              |1.0000          |1.9395
43   |0.6673    |0.2667              |1.0000          |1.9339
42   |0.6637    |0.2667              |1.0000          |1.9304
5    |0.6216    |0.2667              |1.0000          |1.8883
10   |0.5379    |0.3500              |1.0000          |1.8879
41   |0.5809    |0.2667              |1.0000          |1.8476
3    |0.5774    |0.2667              |1.0000          |1.8440
11   |0.5758    |0.2667              |1.0000          |1.8424
7    |0.5719    |0.2667              |1.0000          |1.8385
45   |0.7914    |0.0417              |1.0000          |1.8331
4    |0.5640    |0.2667              |1.0000          |1.8307
15   |0.5619    |0.2667              |1.0000          |1.8286
35   |0.5616    |0.2667              |1.0000          |1.8282
16   |0.5556    |0.2667              |1.0000          |1.8223
13   |0.5543    |0.2667              |1.0000          |1.8210
21   |0.5397    |0.2667              |1.0000          |1.8064
40   |0.6764    |0.0750              |1.0000          |1.7514
1    |0.6485    |0.0667              |1.0000          |1.7152
39   |0.6273    |0.0750              |1.0000          |1.7023
12   |0.6158    |0.0750              |1.0000          |1.6908
8    |0.6329    |0.0417              |1.0000          |1.6745
14   |0.5920    |0.0667              |1.0000          |1.6586
24   |0.6013    |0.0500              |1.0000          |1.6513
9    |0.6005    |0.0500              |1.0000          |1.6505
29   |0.0045    |0.6417              |1.0000          |1.6461
36   |0.5936    |0.0500              |1.0000          |1.6436
18   |0.5901    |0.0500              |1.0000          |1.6401
33   |0.5515    |0.0667              |1.0000          |1.6181
17   |0.5389    |0.0750              |1.0000          |1.6139
6    |0.5474    |0.0417              |1.0000          |1.5891
28   |0.5133    |0.0500              |1.0000          |1.5633
20   |0.5082    |0.0417              |1.0000          |1.5499
31   |0.5002    |0.0417              |1.0000          |1.5419
23   |0.4972    |0.0417              |1.0000          |1.5389
27   |0.0004    |0.2667              |1.0000          |1.2671
30   |0.0004    |0.2667              |1.0000          |1.2671
22   |0.0454    |0.0750              |1.0000          |1.1204
32   |0.0475    |0.0500              |1.0000          |1.0975
34   |0.0488    |0.0417              |1.0000          |1.0904
26   |0.0465    |0.0417              |1.0000          |1.0882
19   |0.0004    |0.0417              |1.0000          |1.0421
25   |0.0004    |0.2667              |0.7527          |1.0198

Team Events (sorted, for dev use, diff check with others to ensure truly different schedules created):
------------------------------------------------------------
0, 105, 161, 178, 224, 286
1, 97, 143, 183, 232, 295
2, 103, 154, 208, 255, 310
3, 100, 147, 211, 277, 318
4, 101, 151, 188, 241, 303
5, 95, 149, 198, 249, 292
6, 98, 145, 191, 240, 297
7, 102, 152, 175, 244, 301
8, 96, 153, 186, 226, 287
9, 120, 157, 204, 268, 309
10, 132, 160, 194, 262, 304
11, 119, 159, 182, 254, 322
12, 121, 163, 195, 231, 284
13, 122, 162, 174, 223, 280
14, 115, 164, 200, 252, 302
15, 124, 150, 192, 247, 308
16, 118, 155, 212, 276, 324
17, 123, 165, 190, 260, 316
18, 72, 138, 201, 220, 275
19, 56, 146, 199, 259, 294
20, 58, 156, 203, 250, 305
21, 78, 142, 196, 236, 273
22, 55, 148, 218, 272, 317
23, 60, 158, 170, 215, 274
24, 85, 129, 213, 228, 270
26, 77, 144, 214, 267, 306
27, 89, 104, 221, 265, 278
28, 54, 91, 197, 234, 282
29, 71, 86, 206, 227, 271
30, 94, 111, 219, 269, 279
31, 57, 87, 210, 261, 296
32, 68, 90, 216, 256, 299
33, 61, 93, 179, 222, 289
34, 64, 99, 209, 258, 300
35, 59, 88, 172, 217, 283
36, 62, 116, 205, 253, 291
37, 65, 112, 187, 248, 313
38, 63, 107, 207, 264, 311
39, 70, 110, 189, 237, 290
40, 66, 114, 184, 263, 320
41, 69, 106, 202, 243, 281
42, 74, 125, 167, 225, 285
43, 67, 117, 177, 230, 293
44, 73, 113, 185, 245, 288
45, 84, 136, 193, 266, 319
46, 75, 133, 173, 239, 314
47, 82, 135, 169, 251, 325
48, 80, 141, 168, 233, 298
49, 79, 134, 181, 238, 312
50, 92, 139, 166, 235, 307
51, 83, 140, 171, 242, 315
52, 76, 128, 176, 246, 321
53, 81, 137, 180, 257, 323
