FLL Scheduler GA Summary Report (ID: 2132118882224 | Hash: -1245755579175005639)

Attributes:
--------------------
rank: 0
origin: (C | KPoint(k=3))
mutations: 0
clones: 0
_hash: -1245755579175005639
Length: 318

Fitness:
--------------------------
BreakTime           : 0.31062795876048954
LocationConsistency : 0.0
OpponentVariety     : 0.8754111684107535
-----------------------------------
Total               : 1.186039127171243
Percentage          : 39.53%

Per-Objective Statistics (Team Distribution):
-----------------------------------------------------------------
Objective                 | Min      | Max      | Avg      | Range   
-----------------------------------------------------------------
BreakTime                 | 0.0004   | 0.9193   | 0.5394   | 0.9189  
LocationConsistency       | 0.0417   | 0.9500   | 0.2341   | 0.9083  
OpponentVariety           | 0.7527   | 1.0000   | 0.9953   | 0.2473  

Team fitnesses (sorted by total fitness descending):
----------------------------------------------------
Max     : 2.463287
Min     : 1.019778
Range   : 1.443508
Average : 1.768835

Team |BreakTime |LocationConsistency |OpponentVariety |Sum
------------------------------------------------------------
34   |0.5133    |0.9500              |1.0000          |2.4633
16   |0.6158    |0.6417              |1.0000          |2.2575
15   |0.5758    |0.6417              |1.0000          |2.2174
49   |0.8672    |0.3500              |1.0000          |2.2172
51   |0.9193    |0.2667              |1.0000          |2.1860
50   |0.9185    |0.2667              |1.0000          |2.1852
46   |0.9139    |0.2667              |1.0000          |2.1805
45   |0.8925    |0.2667              |1.0000          |2.1592
52   |0.8630    |0.2667              |1.0000          |2.1297
40   |0.6732    |0.3667              |1.0000          |2.0398
37   |0.6273    |0.3667              |1.0000          |1.9939
13   |0.5920    |0.3667              |1.0000          |1.9586
38   |0.6044    |0.3500              |1.0000          |1.9544
22   |0.6013    |0.3500              |1.0000          |1.9513
42   |0.6764    |0.2667              |1.0000          |1.9431
47   |0.8793    |0.0500              |1.0000          |1.9293
48   |0.8865    |0.0417              |1.0000          |1.9281
1    |0.6485    |0.2667              |1.0000          |1.9152
2    |0.6329    |0.2667              |1.0000          |1.8995
3    |0.5474    |0.3500              |1.0000          |1.8974
43   |0.6257    |0.2667              |1.0000          |1.8923
6    |0.6216    |0.2667              |1.0000          |1.8883
39   |0.5936    |0.2667              |1.0000          |1.8603
41   |0.5809    |0.2667              |1.0000          |1.8476
9    |0.5774    |0.2667              |1.0000          |1.8440
5    |0.5719    |0.2667              |1.0000          |1.8385
53   |0.7914    |0.0417              |1.0000          |1.8331
31   |0.5616    |0.2667              |1.0000          |1.8282
19   |0.5397    |0.2667              |1.0000          |1.8064
33   |0.5002    |0.2667              |1.0000          |1.7669
36   |0.6673    |0.0417              |1.0000          |1.7089
44   |0.6637    |0.0417              |1.0000          |1.7054
4    |0.6005    |0.0667              |1.0000          |1.6672
21   |0.0004    |0.6417              |1.0000          |1.6421
7    |0.5895    |0.0500              |1.0000          |1.6395
12   |0.5901    |0.0417              |1.0000          |1.6318
8    |0.5640    |0.0500              |1.0000          |1.6140
17   |0.5619    |0.0417              |1.0000          |1.6036
10   |0.5556    |0.0417              |1.0000          |1.5973
14   |0.5543    |0.0417              |1.0000          |1.5960
30   |0.5515    |0.0417              |1.0000          |1.5931
18   |0.5389    |0.0500              |1.0000          |1.5889
11   |0.5379    |0.0500              |1.0000          |1.5879
20   |0.5082    |0.0667              |1.0000          |1.5749
24   |0.4972    |0.0667              |1.0000          |1.5639
27   |0.0488    |0.3667              |1.0000          |1.4154
35   |0.0004    |0.3667              |1.0000          |1.3671
25   |0.0454    |0.2667              |1.0000          |1.3121
29   |0.0045    |0.2667              |1.0000          |1.2711
28   |0.0475    |0.0500              |1.0000          |1.0975
23   |0.0465    |0.0500              |1.0000          |1.0965
32   |0.0004    |0.0417              |1.0000          |1.0421
26   |0.0004    |0.2667              |0.7527          |1.0198

Team Events (sorted, for dev use, diff check with others to ensure truly different schedules created):
------------------------------------------------------------
0, 102, 161, 178, 224, 286
1, 108, 153, 175, 244, 301
2, 100, 149, 205, 249, 293
3, 96, 152, 187, 226, 287
4, 98, 145, 191, 243, 297
5, 94, 157, 189, 242, 303
6, 97, 142, 183, 235, 295
7, 95, 146, 211, 277, 325
8, 109, 154, 208, 261, 310
9, 118, 156, 192, 247, 309
10, 121, 151, 198, 268, 308
11, 122, 165, 190, 255, 316
12, 123, 163, 174, 223, 283
13, 120, 162, 195, 236, 279
14, 126, 160, 194, 262, 304
15, 124, 158, 182, 260, 321
16, 113, 164, 203, 253, 302
17, 125, 155, 212, 276, 319
18, 57, 150, 200, 250, 305
19, 59, 147, 204, 258, 294
20, 72, 138, 202, 221, 272
22, 54, 159, 169, 214, 273
23, 70, 144, 215, 267, 307
24, 60, 148, 217, 274, 317
25, 78, 143, 196, 231, 275
26, 84, 129, 213, 228, 270
27, 67, 99, 209, 259, 300
28, 62, 88, 219, 257, 299
29, 77, 86, 206, 227, 271
30, 55, 93, 179, 222, 289
31, 56, 91, 167, 218, 280
32, 90, 103, 220, 265, 285
33, 58, 87, 210, 254, 296
34, 61, 89, 197, 233, 281
35, 101, 117, 216, 269, 284
36, 64, 110, 177, 237, 292
37, 76, 116, 188, 230, 290
38, 68, 104, 207, 264, 311
39, 69, 111, 199, 252, 291
40, 66, 114, 186, 248, 313
41, 63, 105, 201, 240, 282
42, 65, 112, 184, 263, 323
43, 73, 115, 185, 245, 288
44, 74, 119, 172, 225, 278
45, 71, 128, 176, 246, 322
46, 83, 140, 168, 241, 315
47, 81, 141, 171, 234, 298
48, 92, 139, 173, 232, 306
49, 80, 137, 180, 256, 320
50, 82, 135, 170, 251, 318
51, 75, 127, 166, 239, 314
52, 79, 134, 181, 238, 312
53, 85, 136, 193, 266, 324
