FLL Scheduler GA Summary Report (ID: 2132126151200 | Hash: -2762794298162796433)

Attributes:
--------------------
rank: 0
origin: (C | KPoint(k=2))
mutations: 1
clones: 0
_hash: -2762794298162796433
Length: 318

Fitness:
--------------------------
BreakTime           : 0.31062795876048954
LocationConsistency : 0.0
OpponentVariety     : 0.8754111684107535
-----------------------------------
Total               : 1.186039127171243
Percentage          : 39.53%

Per-Objective Statistics (Team Distribution):
-----------------------------------------------------------------
Objective                 | Min      | Max      | Avg      | Range   
-----------------------------------------------------------------
BreakTime                 | 0.0004   | 0.9193   | 0.5394   | 0.9189  
LocationConsistency       | 0.0417   | 0.9500   | 0.2245   | 0.9083  
OpponentVariety           | 0.7527   | 1.0000   | 0.9953   | 0.2473  

Team fitnesses (sorted by total fitness descending):
----------------------------------------------------
Max     : 2.263256
Min     : 1.019778
Range   : 1.243478
Average : 1.759244

Team |BreakTime |LocationConsistency |OpponentVariety |Sum
------------------------------------------------------------
5    |0.6216    |0.6417              |1.0000          |2.2633
36   |0.6044    |0.6417              |1.0000          |2.2460
14   |0.5619    |0.6417              |1.0000          |2.2036
47   |0.9193    |0.2667              |1.0000          |2.1860
46   |0.9185    |0.2667              |1.0000          |2.1852
45   |0.9139    |0.2667              |1.0000          |2.1805
49   |0.8925    |0.2667              |1.0000          |2.1592
52   |0.7914    |0.2667              |1.0000          |2.0581
44   |0.6732    |0.3500              |1.0000          |2.0232
26   |0.0465    |0.9500              |1.0000          |1.9965
43   |0.6257    |0.3667              |1.0000          |1.9923
3    |0.6329    |0.3500              |1.0000          |1.9829
12   |0.5901    |0.3500              |1.0000          |1.9401
4    |0.5895    |0.3500              |1.0000          |1.9395
48   |0.8630    |0.0750              |1.0000          |1.9380
38   |0.6673    |0.2667              |1.0000          |1.9339
50   |0.8793    |0.0500              |1.0000          |1.9293
53   |0.8865    |0.0417              |1.0000          |1.9281
2    |0.5640    |0.3500              |1.0000          |1.9140
51   |0.8672    |0.0417              |1.0000          |1.9088
13   |0.5379    |0.3500              |1.0000          |1.8879
30   |0.5133    |0.3500              |1.0000          |1.8633
16   |0.5758    |0.2667              |1.0000          |1.8424
7    |0.5719    |0.2667              |1.0000          |1.8385
6    |0.5474    |0.2667              |1.0000          |1.8141
23   |0.5397    |0.2667              |1.0000          |1.8064
42   |0.6764    |0.0667              |1.0000          |1.7431
39   |0.6637    |0.0417              |1.0000          |1.7054
37   |0.6273    |0.0667              |1.0000          |1.6939
1    |0.6485    |0.0417              |1.0000          |1.6902
25   |0.6013    |0.0667              |1.0000          |1.6680
15   |0.6158    |0.0500              |1.0000          |1.6658
40   |0.5936    |0.0500              |1.0000          |1.6436
9    |0.6005    |0.0417              |1.0000          |1.6422
31   |0.0004    |0.6417              |1.0000          |1.6421
11   |0.5920    |0.0417              |1.0000          |1.6336
41   |0.5809    |0.0500              |1.0000          |1.6309
8    |0.5774    |0.0417              |1.0000          |1.6190
34   |0.5616    |0.0417              |1.0000          |1.6032
10   |0.5556    |0.0417              |1.0000          |1.5973
18   |0.5543    |0.0417              |1.0000          |1.5960
35   |0.5515    |0.0417              |1.0000          |1.5931
17   |0.5389    |0.0500              |1.0000          |1.5889
24   |0.4972    |0.0750              |1.0000          |1.5722
20   |0.5082    |0.0417              |1.0000          |1.5499
32   |0.5002    |0.0417              |1.0000          |1.5419
28   |0.0004    |0.5250              |1.0000          |1.5254
27   |0.0475    |0.3500              |1.0000          |1.3975
19   |0.0454    |0.2667              |1.0000          |1.3121
33   |0.0045    |0.2667              |1.0000          |1.2711
29   |0.0488    |0.0417              |1.0000          |1.0904
21   |0.0004    |0.0417              |1.0000          |1.0421
22   |0.0004    |0.2667              |0.7527          |1.0198

Team Events (sorted, for dev use, diff check with others to ensure truly different schedules created):
------------------------------------------------------------
0, 103, 161, 178, 224, 286
1, 101, 147, 208, 277, 325
2, 109, 152, 175, 239, 301
3, 97, 143, 183, 232, 295
4, 100, 157, 189, 242, 308
5, 94, 149, 205, 251, 292
6, 98, 145, 196, 243, 297
7, 108, 154, 211, 255, 310
8, 96, 153, 187, 226, 287
9, 119, 156, 195, 253, 302
10, 121, 163, 174, 223, 280
11, 120, 164, 197, 261, 316
12, 122, 150, 198, 263, 303
13, 115, 165, 203, 246, 309
14, 124, 159, 182, 254, 321
15, 126, 160, 192, 269, 306
16, 125, 155, 207, 276, 319
17, 123, 162, 193, 230, 284
18, 79, 142, 191, 236, 272
19, 59, 146, 204, 256, 294
20, 72, 137, 202, 214, 275
21, 84, 130, 206, 228, 271
22, 57, 151, 200, 249, 307
23, 60, 148, 217, 273, 317
25, 54, 158, 169, 220, 274
26, 77, 144, 221, 264, 304
27, 69, 91, 219, 259, 298
28, 95, 111, 215, 262, 279
29, 64, 99, 210, 257, 300
30, 61, 90, 190, 234, 282
31, 88, 102, 216, 266, 278
32, 58, 87, 209, 260, 296
33, 71, 86, 213, 227, 270
34, 56, 89, 166, 218, 283
35, 55, 93, 179, 222, 289
36, 63, 107, 212, 267, 311
37, 70, 110, 188, 237, 290
38, 67, 117, 177, 231, 293
39, 74, 118, 172, 225, 285
40, 62, 116, 199, 247, 291
41, 68, 106, 201, 240, 281
42, 66, 114, 184, 268, 323
43, 73, 113, 185, 238, 288
44, 65, 112, 186, 250, 313
45, 83, 141, 168, 241, 315
46, 82, 135, 170, 248, 318
47, 75, 127, 167, 244, 314
48, 78, 134, 181, 245, 312
49, 76, 131, 176, 252, 322
50, 80, 140, 171, 233, 299
51, 81, 139, 180, 258, 320
52, 85, 138, 194, 265, 324
53, 92, 136, 173, 235, 305
