FLL Scheduler GA Summary Report (ID: 2132111943248 | Hash: -7714050111025386627)

Attributes:
--------------------
rank: 0
origin: (C | KPoint(k=3))
mutations: 1
clones: 1
_hash: -7714050111025386627
Length: 318

Fitness:
--------------------------
BreakTime           : 0.31062795876048954
LocationConsistency : 0.0
OpponentVariety     : 0.8754111684107535
-----------------------------------
Total               : 1.186039127171243
Percentage          : 39.53%

Per-Objective Statistics (Team Distribution):
-----------------------------------------------------------------
Objective                 | Min      | Max      | Avg      | Range   
-----------------------------------------------------------------
BreakTime                 | 0.0004   | 0.9193   | 0.5394   | 0.9189  
LocationConsistency       | 0.0417   | 0.6417   | 0.1838   | 0.6000  
OpponentVariety           | 0.7527   | 1.0000   | 0.9953   | 0.2473  

Team fitnesses (sorted by total fitness descending):
----------------------------------------------------
Max     : 2.267338
Min     : 1.019778
Range   : 1.247559
Average : 1.718521

Team |BreakTime |LocationConsistency |OpponentVariety |Sum
------------------------------------------------------------
40   |0.6257    |0.6417              |1.0000          |2.2673
51   |0.9193    |0.2667              |1.0000          |2.1860
46   |0.9185    |0.2667              |1.0000          |2.1852
53   |0.8865    |0.2667              |1.0000          |2.1531
50   |0.8630    |0.2667              |1.0000          |2.1297
41   |0.6732    |0.3667              |1.0000          |2.0398
42   |0.6764    |0.3500              |1.0000          |2.0264
37   |0.6273    |0.3667              |1.0000          |1.9939
6    |0.6329    |0.3500              |1.0000          |1.9829
16   |0.6158    |0.3667              |1.0000          |1.9825
45   |0.9139    |0.0500              |1.0000          |1.9639
49   |0.8925    |0.0417              |1.0000          |1.9342
43   |0.6673    |0.2667              |1.0000          |1.9339
33   |0.5616    |0.3667              |1.0000          |1.9282
48   |0.8793    |0.0417              |1.0000          |1.9210
47   |0.8672    |0.0500              |1.0000          |1.9172
9    |0.6485    |0.2667              |1.0000          |1.9152
24   |0.5397    |0.3500              |1.0000          |1.8897
17   |0.5379    |0.3500              |1.0000          |1.8879
36   |0.6044    |0.2667              |1.0000          |1.8710
44   |0.5936    |0.2667              |1.0000          |1.8603
12   |0.5901    |0.2667              |1.0000          |1.8568
2    |0.5895    |0.2667              |1.0000          |1.8562
18   |0.5758    |0.2667              |1.0000          |1.8424
52   |0.7914    |0.0500              |1.0000          |1.8414
1    |0.5719    |0.2667              |1.0000          |1.8385
15   |0.5619    |0.2667              |1.0000          |1.8286
11   |0.5556    |0.2667              |1.0000          |1.8223
14   |0.5543    |0.2667              |1.0000          |1.8210
8    |0.5474    |0.2667              |1.0000          |1.8141
39   |0.6637    |0.0417              |1.0000          |1.7054
5    |0.6216    |0.0667              |1.0000          |1.6883
21   |0.6013    |0.0750              |1.0000          |1.6763
10   |0.5920    |0.0750              |1.0000          |1.6670
3    |0.6005    |0.0500              |1.0000          |1.6505
4    |0.5774    |0.0500              |1.0000          |1.6274
38   |0.5809    |0.0417              |1.0000          |1.6226
7    |0.5640    |0.0417              |1.0000          |1.6057
35   |0.5515    |0.0417              |1.0000          |1.5931
22   |0.5082    |0.0750              |1.0000          |1.5832
13   |0.5389    |0.0417              |1.0000          |1.5806
20   |0.4972    |0.0667              |1.0000          |1.5639
28   |0.5133    |0.0500              |1.0000          |1.5633
32   |0.5002    |0.0500              |1.0000          |1.5502
25   |0.0004    |0.2667              |1.0000          |1.2671
23   |0.0454    |0.0750              |1.0000          |1.1204
29   |0.0488    |0.0667              |1.0000          |1.1154
31   |0.0475    |0.0500              |1.0000          |1.0975
19   |0.0465    |0.0417              |1.0000          |1.0882
30   |0.0045    |0.0750              |1.0000          |1.0795
34   |0.0004    |0.0750              |1.0000          |1.0754
27   |0.0004    |0.0500              |1.0000          |1.0504
26   |0.0004    |0.2667              |0.7527          |1.0198

Team Events (sorted, for dev use, diff check with others to ensure truly different schedules created):
------------------------------------------------------------
0, 98, 145, 196, 240, 298
1, 97, 143, 183, 235, 301
2, 96, 153, 187, 228, 292
3, 103, 154, 211, 254, 310
4, 100, 156, 189, 241, 302
5, 102, 152, 174, 244, 294
6, 101, 146, 208, 276, 318
7, 94, 149, 205, 249, 287
8, 109, 161, 178, 224, 293
9, 122, 162, 175, 223, 283
10, 124, 157, 195, 247, 308
11, 123, 164, 197, 258, 316
12, 118, 155, 207, 277, 324
13, 121, 163, 193, 236, 279
14, 113, 165, 203, 253, 303
15, 119, 159, 182, 255, 322
16, 120, 150, 198, 269, 309
17, 132, 160, 192, 262, 305
18, 76, 144, 214, 267, 306
19, 60, 148, 218, 273, 317
20, 54, 158, 170, 215, 274
21, 59, 147, 204, 256, 300
23, 78, 142, 191, 231, 272
24, 56, 151, 200, 250, 304
25, 72, 138, 202, 220, 275
26, 85, 130, 206, 226, 271
27, 88, 108, 221, 265, 285
28, 61, 91, 190, 233, 281
29, 67, 99, 210, 257, 295
30, 71, 87, 213, 229, 270
31, 62, 90, 216, 261, 296
32, 58, 86, 209, 259, 299
33, 57, 89, 172, 217, 280
34, 95, 111, 219, 268, 284
35, 55, 93, 179, 222, 290
36, 68, 105, 212, 264, 311
37, 70, 110, 188, 230, 288
38, 63, 104, 201, 243, 282
39, 75, 125, 167, 225, 278
40, 73, 115, 185, 245, 291
41, 66, 114, 186, 248, 313
42, 65, 112, 184, 263, 320
43, 64, 117, 177, 237, 286
44, 69, 116, 199, 252, 289
45, 80, 141, 171, 242, 314
46, 81, 135, 169, 251, 325
47, 82, 136, 180, 260, 323
48, 83, 140, 168, 234, 297
49, 77, 131, 176, 246, 321
50, 79, 134, 181, 238, 312
51, 74, 133, 173, 239, 315
52, 84, 137, 194, 266, 319
53, 92, 139, 166, 232, 307
