FLL Scheduler GA Summary Report (ID: 2132126150640 | Hash: 2378599044965863404)

Attributes:
--------------------
rank: 0
origin: (C | RoundTypeCrossover)
mutations: 0
clones: 0
_hash: 2378599044965863404
Length: 318

Fitness:
--------------------------
BreakTime           : 0.31062795876048954
LocationConsistency : 0.0
OpponentVariety     : 0.8754111684107535
-----------------------------------
Total               : 1.186039127171243
Percentage          : 39.53%

Per-Objective Statistics (Team Distribution):
-----------------------------------------------------------------
Objective                 | Min      | Max      | Avg      | Range   
-----------------------------------------------------------------
BreakTime                 | 0.0004   | 0.9193   | 0.5394   | 0.9189  
LocationConsistency       | 0.0417   | 0.6417   | 0.2285   | 0.6000  
OpponentVariety           | 0.7527   | 1.0000   | 0.9953   | 0.2473  

Team fitnesses (sorted by total fitness descending):
----------------------------------------------------
Max     : 2.246026
Min     : 1.079450
Range   : 1.166576
Average : 1.763175

Team |BreakTime |LocationConsistency |OpponentVariety |Sum
------------------------------------------------------------
36   |0.6044    |0.6417              |1.0000          |2.2460
46   |0.9185    |0.2667              |1.0000          |2.1852
49   |0.8925    |0.2667              |1.0000          |2.1592
34   |0.5133    |0.6417              |1.0000          |2.1550
53   |0.8865    |0.2667              |1.0000          |2.1531
31   |0.5002    |0.6417              |1.0000          |2.1419
52   |0.7914    |0.3500              |1.0000          |2.1414
51   |0.8672    |0.2667              |1.0000          |2.1338
48   |0.8630    |0.2667              |1.0000          |2.1297
43   |0.6257    |0.3667              |1.0000          |1.9923
47   |0.9193    |0.0500              |1.0000          |1.9693
45   |0.9139    |0.0500              |1.0000          |1.9639
13   |0.5920    |0.3500              |1.0000          |1.9420
50   |0.8793    |0.0500              |1.0000          |1.9293
1    |0.6485    |0.2667              |1.0000          |1.9152
2    |0.5640    |0.3500              |1.0000          |1.9140
12   |0.5619    |0.3500              |1.0000          |1.9119
14   |0.5543    |0.3500              |1.0000          |1.9043
5    |0.6216    |0.2667              |1.0000          |1.8883
11   |0.6158    |0.2667              |1.0000          |1.8825
9    |0.6005    |0.2667              |1.0000          |1.8672
4    |0.5895    |0.2667              |1.0000          |1.8562
8    |0.5774    |0.2667              |1.0000          |1.8440
7    |0.5719    |0.2667              |1.0000          |1.8385
10   |0.5556    |0.2667              |1.0000          |1.8223
6    |0.5474    |0.2667              |1.0000          |1.8141
16   |0.5379    |0.2667              |1.0000          |1.8046
19   |0.5082    |0.2667              |1.0000          |1.7749
42   |0.6764    |0.0667              |1.0000          |1.7431
40   |0.6732    |0.0667              |1.0000          |1.7398
38   |0.6673    |0.0500              |1.0000          |1.7173
39   |0.6637    |0.0417              |1.0000          |1.7054
37   |0.6273    |0.0667              |1.0000          |1.6939
20   |0.0465    |0.6417              |1.0000          |1.6882
3    |0.6329    |0.0500              |1.0000          |1.6829
23   |0.6013    |0.0500              |1.0000          |1.6513
30   |0.0004    |0.6417              |1.0000          |1.6421
18   |0.5901    |0.0500              |1.0000          |1.6401
44   |0.5936    |0.0417              |1.0000          |1.6353
41   |0.5809    |0.0500              |1.0000          |1.6309
17   |0.5758    |0.0417              |1.0000          |1.6174
27   |0.5616    |0.0417              |1.0000          |1.6032
35   |0.5515    |0.0417              |1.0000          |1.5931
25   |0.5397    |0.0500              |1.0000          |1.5897
15   |0.5389    |0.0500              |1.0000          |1.5889
26   |0.4972    |0.0667              |1.0000          |1.5639
28   |0.0475    |0.2667              |1.0000          |1.3141
22   |0.0454    |0.2667              |1.0000          |1.3121
21   |0.0004    |0.2667              |1.0000          |1.2671
33   |0.0004    |0.2667              |1.0000          |1.2671
24   |0.0004    |0.3500              |0.7527          |1.1031
29   |0.0488    |0.0500              |1.0000          |1.0988
32   |0.0045    |0.0750              |1.0000          |1.0795

Team Events (sorted, for dev use, diff check with others to ensure truly different schedules created):
------------------------------------------------------------
0, 102, 161, 178, 224, 286
1, 101, 147, 208, 277, 325
2, 109, 154, 174, 239, 294
3, 97, 143, 183, 235, 300
4, 100, 157, 189, 243, 303
5, 94, 149, 205, 249, 292
6, 98, 145, 191, 242, 299
7, 108, 152, 211, 260, 310
8, 96, 155, 187, 228, 287
9, 119, 156, 192, 247, 309
10, 124, 158, 182, 261, 321
11, 115, 164, 203, 251, 302
12, 120, 163, 175, 223, 280
13, 123, 162, 194, 236, 284
14, 125, 153, 207, 276, 319
15, 122, 151, 198, 263, 308
16, 127, 160, 195, 269, 305
17, 121, 165, 190, 254, 316
18, 59, 146, 204, 259, 301
19, 77, 144, 221, 264, 307
20, 73, 139, 202, 214, 275
21, 84, 142, 196, 231, 273
23, 54, 159, 170, 220, 274
24, 78, 129, 206, 226, 270
25, 57, 150, 200, 253, 304
26, 60, 148, 217, 272, 317
27, 56, 89, 173, 218, 283
28, 69, 91, 219, 256, 297
29, 64, 99, 210, 258, 295
30, 95, 110, 216, 262, 279
31, 58, 87, 209, 255, 298
32, 70, 86, 213, 229, 271
33, 88, 103, 215, 266, 278
34, 61, 90, 197, 233, 282
35, 55, 93, 179, 222, 289
36, 63, 107, 212, 267, 311
37, 71, 111, 188, 230, 290
38, 67, 116, 177, 237, 293
39, 75, 118, 167, 225, 285
40, 65, 113, 186, 248, 315
41, 68, 106, 201, 240, 281
42, 66, 114, 184, 268, 323
43, 72, 112, 185, 238, 288
44, 62, 117, 199, 250, 291
45, 80, 140, 171, 241, 313
46, 81, 135, 169, 252, 318
47, 74, 126, 172, 244, 312
48, 85, 134, 180, 245, 314
49, 76, 128, 176, 246, 322
50, 83, 141, 168, 234, 296
51, 82, 136, 181, 257, 320
52, 79, 137, 193, 265, 324
53, 92, 138, 166, 232, 306
