FLL Scheduler GA Summary Report (ID: 2132111941568 | Hash: -5771923214851442344)

Attributes:
--------------------
rank: 0
origin: (C | TimeSlotCrossover)
mutations: 0
clones: 0
_hash: -5771923214851442344
Length: 318

Fitness:
--------------------------
BreakTime           : 0.31062795876048954
LocationConsistency : 0.0
OpponentVariety     : 0.8754111684107535
-----------------------------------
Total               : 1.186039127171243
Percentage          : 39.53%

Per-Objective Statistics (Team Distribution):
-----------------------------------------------------------------
Objective                 | Min      | Max      | Avg      | Range   
-----------------------------------------------------------------
BreakTime                 | 0.0004   | 0.9193   | 0.5394   | 0.9189  
LocationConsistency       | 0.0417   | 0.9500   | 0.2476   | 0.9083  
OpponentVariety           | 0.7527   | 1.0000   | 0.9953   | 0.2473  

Team fitnesses (sorted by total fitness descending):
----------------------------------------------------
Max     : 2.741434
Min     : 1.042085
Range   : 1.699348
Average : 1.782358

Team |BreakTime |LocationConsistency |OpponentVariety |Sum
------------------------------------------------------------
46   |0.7914    |0.9500              |1.0000          |2.7414
4    |0.5895    |0.9500              |1.0000          |2.5395
15   |0.6158    |0.6417              |1.0000          |2.2575
50   |0.8630    |0.3500              |1.0000          |2.2130
7    |0.5474    |0.6417              |1.0000          |2.1891
52   |0.9185    |0.2667              |1.0000          |2.1852
49   |0.8925    |0.2667              |1.0000          |2.1592
45   |0.8865    |0.2667              |1.0000          |2.1531
48   |0.8793    |0.2667              |1.0000          |2.1460
24   |0.6013    |0.5250              |1.0000          |2.1263
6    |0.6329    |0.3500              |1.0000          |1.9829
51   |0.9193    |0.0500              |1.0000          |1.9693
53   |0.9139    |0.0500              |1.0000          |1.9639
42   |0.6764    |0.2667              |1.0000          |1.9431
44   |0.6732    |0.2667              |1.0000          |1.9398
11   |0.5556    |0.3667              |1.0000          |1.9223
47   |0.8672    |0.0500              |1.0000          |1.9172
9    |0.6485    |0.2667              |1.0000          |1.9152
14   |0.5543    |0.3500              |1.0000          |1.9043
37   |0.6273    |0.2667              |1.0000          |1.8939
10   |0.5389    |0.3500              |1.0000          |1.8889
3    |0.6216    |0.2667              |1.0000          |1.8883
40   |0.5936    |0.2667              |1.0000          |1.8603
12   |0.5901    |0.2667              |1.0000          |1.8568
34   |0.5616    |0.2667              |1.0000          |1.8282
23   |0.5397    |0.2667              |1.0000          |1.8064
30   |0.5133    |0.2667              |1.0000          |1.7800
38   |0.6673    |0.0417              |1.0000          |1.7089
39   |0.6637    |0.0417              |1.0000          |1.7054
21   |0.0004    |0.9500              |0.7527          |1.7031
43   |0.6257    |0.0750              |1.0000          |1.7007
25   |0.0465    |0.6417              |1.0000          |1.6882
36   |0.6044    |0.0750              |1.0000          |1.6794
1    |0.6005    |0.0417              |1.0000          |1.6422
13   |0.5920    |0.0417              |1.0000          |1.6336
41   |0.5809    |0.0500              |1.0000          |1.6309
5    |0.5719    |0.0500              |1.0000          |1.6219
8    |0.5774    |0.0417              |1.0000          |1.6190
18   |0.5758    |0.0417              |1.0000          |1.6174
2    |0.5640    |0.0417              |1.0000          |1.6057
17   |0.5619    |0.0417              |1.0000          |1.6036
35   |0.5515    |0.0417              |1.0000          |1.5931
16   |0.5379    |0.0500              |1.0000          |1.5879
20   |0.5082    |0.0667              |1.0000          |1.5749
26   |0.4972    |0.0667              |1.0000          |1.5639
32   |0.5002    |0.0500              |1.0000          |1.5502
27   |0.0475    |0.3500              |1.0000          |1.3975
29   |0.0488    |0.2667              |1.0000          |1.3154
22   |0.0454    |0.2667              |1.0000          |1.3121
19   |0.0004    |0.2667              |1.0000          |1.2671
28   |0.0004    |0.0750              |1.0000          |1.0754
33   |0.0045    |0.0500              |1.0000          |1.0545
31   |0.0004    |0.0417              |1.0000          |1.0421

Team Events (sorted, for dev use, diff check with others to ensure truly different schedules created):
------------------------------------------------------------
0, 97, 152, 187, 228, 287
1, 100, 147, 208, 277, 318
2, 101, 156, 189, 241, 303
3, 96, 143, 183, 232, 295
4, 98, 145, 191, 240, 296
5, 109, 153, 175, 239, 301
6, 94, 149, 198, 250, 293
7, 108, 154, 211, 254, 317
8, 104, 161, 178, 224, 286
9, 119, 155, 207, 276, 324
10, 125, 157, 192, 247, 309
11, 120, 164, 190, 260, 311
12, 121, 163, 174, 223, 282
13, 123, 162, 195, 231, 279
14, 118, 159, 182, 255, 322
15, 122, 150, 205, 269, 308
16, 113, 165, 200, 252, 302
17, 132, 160, 194, 263, 305
18, 75, 138, 201, 221, 275
19, 58, 146, 199, 257, 294
20, 78, 130, 206, 226, 270
22, 84, 142, 197, 236, 273
23, 57, 151, 203, 249, 304
24, 54, 158, 170, 214, 274
25, 71, 144, 215, 264, 307
26, 60, 148, 217, 272, 310
27, 69, 91, 219, 258, 298
28, 95, 111, 216, 268, 284
29, 64, 99, 210, 256, 300
30, 61, 90, 196, 234, 280
31, 88, 105, 220, 266, 285
32, 59, 87, 209, 261, 297
33, 76, 86, 213, 229, 271
34, 56, 89, 173, 218, 281
35, 55, 93, 179, 222, 289
36, 63, 103, 212, 267, 316
37, 77, 110, 188, 237, 290
38, 67, 117, 177, 230, 292
39, 72, 124, 167, 225, 278
40, 62, 116, 204, 253, 291
41, 68, 102, 202, 243, 283
42, 66, 112, 185, 262, 320
43, 74, 114, 184, 238, 288
44, 65, 115, 186, 251, 312
45, 92, 139, 166, 235, 306
46, 79, 137, 193, 265, 319
47, 82, 136, 180, 259, 323
48, 83, 140, 168, 233, 299
49, 70, 131, 176, 246, 321
50, 85, 134, 181, 245, 313
51, 73, 133, 172, 244, 315
52, 81, 135, 169, 248, 325
53, 80, 141, 171, 242, 314
