FLL Scheduler GA Summary Report (ID: 2132111939552 | Hash: -1537743345216241114)

Attributes:
--------------------
rank: 0
origin: (C | KPoint(k=2))
mutations: 0
clones: 0
_hash: -1537743345216241114
Length: 318

Fitness:
--------------------------
BreakTime           : 0.31062795876048954
LocationConsistency : 0.0
OpponentVariety     : 0.8754111684107535
-----------------------------------
Total               : 1.186039127171243
Percentage          : 39.53%

Per-Objective Statistics (Team Distribution):
-----------------------------------------------------------------
Objective                 | Min      | Max      | Avg      | Range   
-----------------------------------------------------------------
BreakTime                 | 0.0004   | 0.9193   | 0.5394   | 0.9189  
LocationConsistency       | 0.0417   | 0.9500   | 0.2451   | 0.9083  
OpponentVariety           | 0.7527   | 1.0000   | 0.9953   | 0.2473  

Team fitnesses (sorted by total fitness descending):
----------------------------------------------------
Max     : 2.463287
Min     : 1.050419
Range   : 1.412868
Average : 1.779842

Team |BreakTime |LocationConsistency |OpponentVariety |Sum
------------------------------------------------------------
30   |0.5133    |0.9500              |1.0000          |2.4633
38   |0.6044    |0.6417              |1.0000          |2.2460
51   |0.9193    |0.2667              |1.0000          |2.1860
46   |0.9139    |0.2667              |1.0000          |2.1805
45   |0.8925    |0.2667              |1.0000          |2.1592
48   |0.8865    |0.2667              |1.0000          |2.1531
49   |0.8672    |0.2667              |1.0000          |2.1338
52   |0.8630    |0.2667              |1.0000          |2.1297
40   |0.6732    |0.3500              |1.0000          |2.0232
50   |0.9185    |0.0500              |1.0000          |1.9685
20   |0.6013    |0.3667              |1.0000          |1.9680
13   |0.5920    |0.3667              |1.0000          |1.9586
42   |0.6764    |0.2667              |1.0000          |1.9431
36   |0.6673    |0.2667              |1.0000          |1.9339
41   |0.5809    |0.3500              |1.0000          |1.9309
47   |0.8793    |0.0500              |1.0000          |1.9293
43   |0.6257    |0.2667              |1.0000          |1.8923
25   |0.5397    |0.3500              |1.0000          |1.8897
11   |0.5379    |0.3500              |1.0000          |1.8879
16   |0.6158    |0.2667              |1.0000          |1.8825
4    |0.6005    |0.2667              |1.0000          |1.8672
39   |0.5936    |0.2667              |1.0000          |1.8603
7    |0.5774    |0.2667              |1.0000          |1.8440
15   |0.5758    |0.2667              |1.0000          |1.8424
9    |0.5719    |0.2667              |1.0000          |1.8385
53   |0.7914    |0.0417              |1.0000          |1.8331
17   |0.5619    |0.2667              |1.0000          |1.8286
33   |0.5616    |0.2667              |1.0000          |1.8282
10   |0.5556    |0.2667              |1.0000          |1.8223
34   |0.5515    |0.2667              |1.0000          |1.8181
2    |0.5474    |0.2667              |1.0000          |1.8141
28   |0.5002    |0.2667              |1.0000          |1.7669
44   |0.6637    |0.0417              |1.0000          |1.7054
37   |0.6273    |0.0750              |1.0000          |1.7023
1    |0.6485    |0.0417              |1.0000          |1.6902
3    |0.6329    |0.0417              |1.0000          |1.6745
5    |0.6216    |0.0500              |1.0000          |1.6716
19   |0.0004    |0.6417              |1.0000          |1.6421
6    |0.5895    |0.0500              |1.0000          |1.6395
12   |0.5901    |0.0417              |1.0000          |1.6318
8    |0.5640    |0.0417              |1.0000          |1.6057
14   |0.5543    |0.0417              |1.0000          |1.5960
18   |0.5389    |0.0500              |1.0000          |1.5889
26   |0.5082    |0.0667              |1.0000          |1.5749
21   |0.4972    |0.0750              |1.0000          |1.5722
32   |0.0475    |0.3500              |1.0000          |1.3975
24   |0.0465    |0.3500              |1.0000          |1.3965
31   |0.0004    |0.3667              |1.0000          |1.3671
35   |0.0488    |0.2667              |1.0000          |1.3154
22   |0.0454    |0.2667              |1.0000          |1.3121
29   |0.0045    |0.2667              |1.0000          |1.2711
23   |0.0004    |0.3500              |0.7527          |1.1031
27   |0.0004    |0.0500              |1.0000          |1.0504

Team Events (sorted, for dev use, diff check with others to ensure truly different schedules created):
------------------------------------------------------------
0, 102, 161, 178, 224, 293
1, 100, 149, 205, 249, 287
2, 108, 152, 175, 245, 294
3, 96, 153, 185, 226, 292
4, 94, 156, 183, 243, 303
5, 97, 142, 188, 235, 300
6, 109, 154, 211, 261, 310
7, 95, 146, 208, 277, 318
8, 98, 145, 191, 242, 299
9, 118, 157, 192, 247, 309
10, 121, 150, 198, 268, 308
11, 122, 165, 190, 255, 316
12, 123, 163, 174, 223, 283
13, 120, 162, 195, 236, 279
14, 126, 160, 194, 262, 305
15, 124, 158, 189, 260, 322
16, 113, 164, 203, 252, 302
17, 125, 155, 207, 276, 324
18, 72, 138, 202, 220, 272
19, 55, 159, 168, 215, 273
20, 60, 148, 218, 274, 317
22, 78, 143, 196, 231, 275
23, 84, 129, 206, 228, 270
24, 70, 144, 214, 267, 307
25, 56, 151, 200, 250, 304
26, 59, 147, 204, 258, 301
27, 90, 103, 221, 265, 285
28, 58, 87, 209, 254, 298
29, 77, 86, 213, 227, 271
30, 61, 89, 197, 233, 281
31, 101, 117, 219, 269, 284
32, 68, 88, 216, 257, 297
33, 57, 91, 166, 217, 280
34, 54, 93, 179, 222, 290
35, 64, 99, 210, 259, 295
36, 67, 110, 177, 237, 286
37, 76, 116, 182, 230, 288
38, 63, 104, 212, 264, 311
39, 62, 111, 199, 253, 289
40, 65, 114, 184, 248, 313
41, 69, 105, 201, 241, 282
42, 66, 112, 187, 263, 320
43, 73, 115, 186, 244, 291
44, 74, 119, 173, 225, 278
45, 71, 128, 176, 246, 321
46, 83, 140, 169, 240, 315
47, 81, 141, 170, 234, 296
48, 92, 139, 172, 232, 306
49, 80, 137, 180, 256, 323
50, 82, 135, 171, 251, 325
51, 75, 127, 167, 238, 314
52, 79, 134, 181, 239, 312
53, 85, 136, 193, 266, 319
