FLL Scheduler GA Summary Report (ID: 2132111948064 | Hash: 2934795508288588500)

Attributes:
--------------------
rank: 0
origin: (C | KPoint(k=3))
mutations: 0
clones: 0
_hash: 2934795508288588500
Length: 318

Fitness:
--------------------------
BreakTime           : 0.31062795876048954
LocationConsistency : 0.0
OpponentVariety     : 0.8754111684107535
-----------------------------------
Total               : 1.186039127171243
Percentage          : 39.53%

Per-Objective Statistics (Team Distribution):
-----------------------------------------------------------------
Objective                 | Min      | Max      | Avg      | Range   
-----------------------------------------------------------------
BreakTime                 | 0.0004   | 0.9193   | 0.5394   | 0.9189  
LocationConsistency       | 0.0417   | 0.6417   | 0.1943   | 0.6000  
OpponentVariety           | 0.7527   | 1.0000   | 0.9953   | 0.2473  

Team fitnesses (sorted by total fitness descending):
----------------------------------------------------
Max     : 2.504678
Min     : 1.042102
Range   : 1.462576
Average : 1.729056

Team |BreakTime |LocationConsistency |OpponentVariety |Sum
------------------------------------------------------------
50   |0.8630    |0.6417              |1.0000          |2.5047
45   |0.9139    |0.3500              |1.0000          |2.2639
48   |0.8793    |0.3500              |1.0000          |2.2293
47   |0.8672    |0.3500              |1.0000          |2.2172
53   |0.8865    |0.2667              |1.0000          |2.1531
15   |0.5556    |0.5250              |1.0000          |2.0806
51   |0.9193    |0.0417              |1.0000          |1.9610
46   |0.9185    |0.0417              |1.0000          |1.9602
49   |0.8925    |0.0500              |1.0000          |1.9425
41   |0.6732    |0.2667              |1.0000          |1.9398
43   |0.6673    |0.2667              |1.0000          |1.9339
9    |0.6329    |0.2667              |1.0000          |1.8995
40   |0.6257    |0.2667              |1.0000          |1.8923
13   |0.5379    |0.3500              |1.0000          |1.8879
16   |0.6158    |0.2667              |1.0000          |1.8825
23   |0.6013    |0.2667              |1.0000          |1.8680
10   |0.5920    |0.2667              |1.0000          |1.8586
17   |0.5901    |0.2667              |1.0000          |1.8568
4    |0.5895    |0.2667              |1.0000          |1.8562
38   |0.5809    |0.2667              |1.0000          |1.8476
52   |0.7914    |0.0500              |1.0000          |1.8414
5    |0.5719    |0.2667              |1.0000          |1.8385
12   |0.5619    |0.2667              |1.0000          |1.8286
34   |0.5616    |0.2667              |1.0000          |1.8282
6    |0.5474    |0.2667              |1.0000          |1.8141
25   |0.5082    |0.2667              |1.0000          |1.7749
32   |0.5002    |0.2667              |1.0000          |1.7669
36   |0.6764    |0.0417              |1.0000          |1.7181
39   |0.6637    |0.0417              |1.0000          |1.7054
1    |0.6485    |0.0417              |1.0000          |1.6902
3    |0.6216    |0.0667              |1.0000          |1.6883
37   |0.6273    |0.0500              |1.0000          |1.6773
7    |0.6005    |0.0500              |1.0000          |1.6505
42   |0.6044    |0.0417              |1.0000          |1.6460
44   |0.5936    |0.0500              |1.0000          |1.6436
8    |0.5774    |0.0500              |1.0000          |1.6274
18   |0.5758    |0.0417              |1.0000          |1.6174
2    |0.5640    |0.0500              |1.0000          |1.6140
11   |0.5543    |0.0417              |1.0000          |1.5960
35   |0.5515    |0.0417              |1.0000          |1.5931
21   |0.5397    |0.0500              |1.0000          |1.5897
14   |0.5389    |0.0500              |1.0000          |1.5889
30   |0.5133    |0.0500              |1.0000          |1.5633
24   |0.4972    |0.0417              |1.0000          |1.5389
19   |0.0004    |0.6417              |0.7527          |1.3948
33   |0.0045    |0.3500              |1.0000          |1.3545
27   |0.0475    |0.2667              |1.0000          |1.3141
26   |0.0465    |0.2667              |1.0000          |1.3132
22   |0.0454    |0.2667              |1.0000          |1.3121
28   |0.0004    |0.2667              |1.0000          |1.2671
29   |0.0488    |0.0667              |1.0000          |1.1154
31   |0.0004    |0.0500              |1.0000          |1.0504
20   |0.0004    |0.0417              |1.0000          |1.0421

Team Events (sorted, for dev use, diff check with others to ensure truly different schedules created):
------------------------------------------------------------
0, 102, 161, 178, 224, 293
1, 100, 146, 208, 270, 318
2, 101, 157, 183, 241, 302
3, 97, 143, 188, 235, 295
4, 98, 145, 191, 240, 297
5, 94, 149, 205, 250, 287
6, 96, 155, 185, 228, 292
7, 108, 153, 211, 254, 310
8, 109, 154, 175, 244, 301
9, 122, 163, 174, 223, 283
10, 121, 162, 195, 236, 279
11, 115, 164, 203, 246, 303
12, 120, 150, 198, 262, 309
13, 118, 152, 207, 271, 324
14, 124, 156, 192, 252, 308
15, 119, 158, 189, 255, 322
16, 123, 165, 190, 261, 316
17, 132, 160, 194, 269, 305
18, 85, 130, 206, 226, 277
19, 75, 137, 202, 220, 272
20, 59, 151, 201, 249, 304
21, 79, 142, 196, 231, 274
22, 61, 159, 170, 215, 273
23, 55, 148, 218, 275, 317
24, 56, 147, 204, 256, 294
26, 71, 144, 214, 264, 306
27, 63, 90, 216, 258, 299
28, 95, 110, 219, 263, 284
29, 67, 99, 210, 257, 300
30, 54, 91, 197, 233, 281
31, 88, 103, 221, 266, 285
32, 57, 86, 209, 260, 296
33, 76, 87, 213, 229, 276
34, 58, 89, 173, 217, 280
35, 60, 93, 179, 222, 290
36, 64, 114, 187, 268, 321
37, 77, 111, 182, 230, 288
38, 62, 107, 200, 243, 282
39, 72, 125, 167, 225, 278
40, 74, 112, 186, 245, 291
41, 66, 113, 184, 251, 313
42, 69, 106, 212, 267, 311
43, 65, 116, 177, 237, 286
44, 68, 117, 199, 247, 289
45, 83, 134, 171, 242, 314
46, 82, 140, 169, 248, 325
47, 81, 139, 180, 259, 323
48, 80, 135, 168, 234, 298
49, 70, 131, 176, 253, 320
50, 78, 141, 181, 238, 312
51, 73, 133, 172, 239, 315
52, 84, 138, 193, 265, 319
53, 92, 136, 166, 232, 307
