FLL Scheduler GA Summary Report (ID: 2132126148176 | Hash: -636235574095241960)

Attributes:
--------------------
rank: 0
origin: (C | KPoint(k=1))
mutations: 0
clones: 0
_hash: -636235574095241960
Length: 318

Fitness:
--------------------------
BreakTime           : 0.31062795876048954
LocationConsistency : 0.0
OpponentVariety     : 0.8754111684107535
-----------------------------------
Total               : 1.186039127171243
Percentage          : 39.53%

Per-Objective Statistics (Team Distribution):
-----------------------------------------------------------------
Objective                 | Min      | Max      | Avg      | Range   
-----------------------------------------------------------------
BreakTime                 | 0.0004   | 0.9193   | 0.5394   | 0.9189  
LocationConsistency       | 0.0417   | 0.6417   | 0.1994   | 0.6000  
OpponentVariety           | 0.7527   | 1.0000   | 0.9953   | 0.2473  

Team fitnesses (sorted by total fitness descending):
----------------------------------------------------
Max     : 2.560213
Min     : 1.054450
Range   : 1.505762
Average : 1.734087

Team |BreakTime |LocationConsistency |OpponentVariety |Sum
------------------------------------------------------------
46   |0.9185    |0.6417              |1.0000          |2.5602
40   |0.6732    |0.6417              |1.0000          |2.3148
47   |0.9193    |0.2667              |1.0000          |2.1860
53   |0.9139    |0.2667              |1.0000          |2.1805
51   |0.8672    |0.2667              |1.0000          |2.1338
52   |0.7914    |0.2667              |1.0000          |2.0581
44   |0.5936    |0.3500              |1.0000          |1.9436
12   |0.5901    |0.3500              |1.0000          |1.9401
4    |0.5895    |0.3500              |1.0000          |1.9395
49   |0.8925    |0.0417              |1.0000          |1.9342
50   |0.8793    |0.0500              |1.0000          |1.9293
45   |0.8865    |0.0417              |1.0000          |1.9281
1    |0.6485    |0.2667              |1.0000          |1.9152
2    |0.5640    |0.3500              |1.0000          |1.9140
48   |0.8630    |0.0500              |1.0000          |1.9130
3    |0.6329    |0.2667              |1.0000          |1.8995
43   |0.6257    |0.2667              |1.0000          |1.8923
20   |0.5397    |0.3500              |1.0000          |1.8897
5    |0.6216    |0.2667              |1.0000          |1.8883
36   |0.6044    |0.2667              |1.0000          |1.8710
9    |0.6005    |0.2667              |1.0000          |1.8672
41   |0.5809    |0.2667              |1.0000          |1.8476
16   |0.5758    |0.2667              |1.0000          |1.8424
34   |0.5616    |0.2667              |1.0000          |1.8282
10   |0.5556    |0.2667              |1.0000          |1.8223
6    |0.5474    |0.2667              |1.0000          |1.8141
13   |0.5379    |0.2667              |1.0000          |1.8046
42   |0.6764    |0.0417              |1.0000          |1.7181
38   |0.6673    |0.0500              |1.0000          |1.7173
39   |0.6637    |0.0500              |1.0000          |1.7137
37   |0.6273    |0.0667              |1.0000          |1.6939
24   |0.6013    |0.0667              |1.0000          |1.6680
15   |0.6158    |0.0500              |1.0000          |1.6658
11   |0.5920    |0.0500              |1.0000          |1.6420
8    |0.5774    |0.0417              |1.0000          |1.6190
7    |0.5719    |0.0417              |1.0000          |1.6135
14   |0.5619    |0.0500              |1.0000          |1.6119
18   |0.5543    |0.0417              |1.0000          |1.5960
35   |0.5515    |0.0417              |1.0000          |1.5931
17   |0.5389    |0.0500              |1.0000          |1.5889
21   |0.5082    |0.0667              |1.0000          |1.5749
25   |0.4972    |0.0667              |1.0000          |1.5639
27   |0.5133    |0.0500              |1.0000          |1.5633
31   |0.5002    |0.0500              |1.0000          |1.5502
30   |0.0475    |0.3500              |1.0000          |1.3975
22   |0.0454    |0.3500              |1.0000          |1.3954
19   |0.0465    |0.2667              |1.0000          |1.3132
23   |0.0004    |0.2667              |1.0000          |1.2671
29   |0.0004    |0.2667              |1.0000          |1.2671
32   |0.0004    |0.2667              |1.0000          |1.2671
26   |0.0004    |0.3500              |0.7527          |1.1031
28   |0.0488    |0.0417              |1.0000          |1.0904
33   |0.0045    |0.0500              |1.0000          |1.0545

Team Events (sorted, for dev use, diff check with others to ensure truly different schedules created):
------------------------------------------------------------
0, 102, 161, 178, 224, 286
1, 101, 146, 208, 277, 325
2, 109, 154, 174, 239, 301
3, 96, 143, 183, 235, 295
4, 100, 157, 189, 242, 303
5, 94, 149, 205, 250, 292
6, 98, 145, 196, 243, 296
7, 108, 152, 211, 255, 310
8, 97, 155, 187, 228, 287
9, 119, 156, 195, 252, 309
10, 121, 163, 175, 223, 282
11, 120, 164, 197, 261, 316
12, 122, 151, 198, 263, 308
13, 112, 165, 203, 246, 302
14, 124, 159, 182, 254, 321
15, 126, 160, 192, 269, 305
16, 125, 153, 207, 276, 319
17, 123, 162, 193, 236, 285
18, 70, 144, 221, 264, 307
19, 57, 150, 200, 249, 304
21, 59, 147, 204, 256, 294
22, 79, 142, 191, 231, 273
23, 72, 138, 202, 214, 275
24, 54, 158, 169, 220, 274
25, 60, 148, 217, 272, 317
26, 84, 130, 206, 226, 270
27, 61, 90, 190, 233, 281
28, 64, 99, 210, 257, 300
29, 88, 103, 215, 266, 278
30, 69, 91, 219, 259, 298
31, 58, 87, 209, 260, 297
32, 95, 116, 216, 262, 279
33, 76, 86, 213, 229, 271
34, 56, 89, 166, 218, 280
35, 55, 93, 179, 222, 289
36, 63, 106, 212, 267, 311
37, 77, 117, 188, 230, 290
38, 67, 110, 177, 237, 293
39, 74, 118, 172, 225, 284
40, 65, 115, 186, 251, 313
41, 68, 107, 201, 240, 283
42, 66, 113, 184, 268, 323
43, 73, 114, 185, 238, 288
44, 62, 111, 199, 247, 291
45, 92, 139, 173, 232, 306
46, 82, 134, 170, 248, 318
47, 75, 127, 167, 244, 314
48, 78, 135, 181, 245, 312
49, 71, 131, 176, 253, 322
50, 80, 140, 171, 234, 299
51, 81, 136, 180, 258, 320
52, 85, 137, 194, 265, 324
53, 83, 141, 168, 241, 315
