FLL Scheduler GA Summary Report (ID: 1539832937632 | Hash: 3968276359691858412)

Attributes:
--------------------
rank: 0
origin: (C | RoundTypeCrossover)
mutations: 0
clones: 0
_hash: 3968276359691858412
Length: 318

Fitness:
--------------------------
BreakTime           : 0.11837235514438267
LocationConsistency : 0.2588487527719606
OpponentVariety     : 0.8694723500096599
-----------------------------------
Total               : 1.2466934579260032
Percentage          : 41.56%

Per-Objective Statistics (Team Distribution):
-----------------------------------------------------------------
Objective                 | Min      | Max      | Avg      | Range   
-----------------------------------------------------------------
BreakTime                 | 0.000000 | 0.736462 | 0.125816 | 0.736462
LocationConsistency       | 0.050000 | 0.641667 | 0.313208 | 0.591667
OpponentVariety           | 0.752717 | 1.000000 | 0.986003 | 0.247283

Team fitnesses (sorted by total fitness descending):
----------------------------------------------------
Max     : 2.290071
Min     : 1.020974
Range   : 1.269098
Average : 1.425027

Team |BreakTime |LocationConsistency |OpponentVariety |Sum
------------------------------------------------------------
39   |0.648405  |0.641667            |1.000000        |2.2901
52   |0.736462  |0.366667            |1.000000        |2.1031
49   |0.630960  |0.366667            |1.000000        |1.9976
18   |0.590946  |0.350000            |1.000000        |1.9409
34   |0.552618  |0.366667            |1.000000        |1.9193
21   |0.524808  |0.350000            |1.000000        |1.8748
3    |0.577928  |0.266667            |1.000000        |1.8446
13   |0.570639  |0.266667            |1.000000        |1.8373
4    |0.566739  |0.266667            |1.000000        |1.8334
8    |0.572062  |0.050000            |1.000000        |1.6221
38   |0.040013  |0.366667            |1.000000        |1.4067
40   |0.031388  |0.366667            |1.000000        |1.3981
6    |0.030778  |0.366667            |1.000000        |1.3974
35   |0.029525  |0.366667            |1.000000        |1.3962
12   |0.026693  |0.366667            |1.000000        |1.3934
41   |0.035441  |0.350000            |1.000000        |1.3854
37   |0.034469  |0.350000            |1.000000        |1.3845
7    |0.017772  |0.366667            |1.000000        |1.3844
48   |0.031325  |0.350000            |1.000000        |1.3813
25   |0.030961  |0.350000            |1.000000        |1.3810
10   |0.030425  |0.350000            |1.000000        |1.3804
17   |0.030111  |0.350000            |1.000000        |1.3801
11   |0.028745  |0.350000            |1.000000        |1.3787
19   |0.023415  |0.350000            |1.000000        |1.3734
46   |0.018604  |0.350000            |1.000000        |1.3686
20   |0.001289  |0.366667            |1.000000        |1.3680
1    |0.017762  |0.350000            |1.000000        |1.3678
33   |0.015267  |0.350000            |1.000000        |1.3653
32   |0.002994  |0.350000            |1.000000        |1.3530
51   |0.001727  |0.350000            |1.000000        |1.3517
14   |0.001697  |0.350000            |1.000000        |1.3517
24   |0.001663  |0.350000            |1.000000        |1.3517
22   |0.001293  |0.350000            |1.000000        |1.3513
27   |0.001073  |0.350000            |1.000000        |1.3511
36   |0.000874  |0.350000            |1.000000        |1.3509
45   |0.000296  |0.350000            |1.000000        |1.3503
29   |0.000143  |0.350000            |1.000000        |1.3501
31   |0.030214  |0.266667            |1.000000        |1.2969
5    |0.029504  |0.266667            |1.000000        |1.2962
9    |0.028866  |0.266667            |1.000000        |1.2955
15   |0.016994  |0.266667            |1.000000        |1.2837
2    |0.016904  |0.266667            |1.000000        |1.2836
47   |0.011055  |0.266667            |1.000000        |1.2777
42   |0.003298  |0.266667            |1.000000        |1.2700
16   |0.001797  |0.266667            |1.000000        |1.2685
28   |0.001324  |0.266667            |1.000000        |1.2680
23   |0.000167  |0.266667            |1.000000        |1.2668
26   |0.033221  |0.350000            |0.752717        |1.1359
50   |0.032846  |0.066667            |1.000000        |1.0995
43   |0.000000  |0.075000            |1.000000        |1.0750
53   |0.000310  |0.050000            |1.000000        |1.0503
30   |0.002868  |0.266667            |0.752717        |1.0223
44   |0.001590  |0.266667            |0.752717        |1.0210

Team Events (sorted, for dev use, diff check with others to ensure truly different schedules created):
------------------------------------------------------------
0, 117, 158, 195, 237, 259
1, 101, 146, 190, 215, 266
2, 82, 157, 176, 225, 269
3, 96, 134, 194, 248, 317
4, 107, 126, 181, 235, 292
5, 81, 153, 191, 222, 289
6, 90, 162, 184, 228, 250
7, 98, 135, 177, 241, 291
8, 115, 138, 205, 244, 306
9, 111, 154, 200, 231, 288
10, 125, 144, 204, 264, 320
11, 102, 142, 196, 270, 312
12, 128, 163, 201, 261, 315
13, 121, 149, 169, 258, 281
14, 116, 160, 216, 301, 321
15, 105, 159, 173, 238, 265
16, 119, 156, 180, 212, 282
17, 122, 151, 168, 208, 303
18, 58, 137, 189, 226, 293
19, 76, 140, 170, 236, 296
20, 61, 152, 221, 278, 325
21, 70, 161, 206, 290, 314
22, 141, 164, 175, 198, 324
23, 66, 143, 179, 199, 307
24, 65, 150, 174, 220, 268
25, 68, 155, 185, 243, 323
26, 75, 148, 252, 272, 316
27, 60, 103, 192, 229, 263
28, 63, 97, 207, 239, 262
29, 69, 91, 171, 242, 271
30, 67, 95, 224, 267, 310
31, 74, 100, 172, 230, 302
32, 62, 109, 166, 249, 305
33, 57, 89, 193, 253, 322
34, 64, 88, 167, 233, 280
35, 79, 165, 223, 247, 304
36, 55, 120, 183, 214, 255
37, 73, 129, 209, 284, 318
39, 56, 110, 186, 240, 286
40, 84, 108, 187, 232, 276
41, 85, 124, 188, 219, 299
42, 72, 94, 182, 217, 308
43, 71, 127, 178, 202, 211
44, 92, 139, 203, 274, 297
45, 83, 106, 251, 283, 311
46, 77, 114, 234, 273, 298
47, 54, 99, 227, 279, 300
48, 87, 145, 246, 287, 319
49, 86, 118, 218, 254, 309
50, 123, 147, 213, 260, 294
51, 59, 93, 257, 285, 313
52, 80, 136, 197, 256, 295
53, 78, 104, 210, 245, 277
