FLL Scheduler GA Summary Report (ID: 1539832934272 | Hash: 7016384538226326102)

Attributes:
--------------------
rank: 0
origin: (C | KPoint(k=2))
mutations: 0
clones: 0
_hash: 7016384538226326102
Length: 318

Fitness:
--------------------------
BreakTime           : 0.11376758817384353
LocationConsistency : 0.2967100939981298
OpponentVariety     : 0.8754111684107535
-----------------------------------
Total               : 1.2858888505827268
Percentage          : 42.86%

Per-Objective Statistics (Team Distribution):
-----------------------------------------------------------------
Objective                 | Min      | Max      | Avg      | Range   
-----------------------------------------------------------------
BreakTime                 | 0.000279 | 0.736462 | 0.115715 | 0.736184
LocationConsistency       | 0.075000 | 0.366667 | 0.327516 | 0.291667
OpponentVariety           | 0.752717 | 1.000000 | 0.995334 | 0.247283

Team fitnesses (sorted by total fitness descending):
----------------------------------------------------
Max     : 2.103129
Min     : 0.830985
Range   : 1.272144
Average : 1.438565

Team |BreakTime |LocationConsistency |OpponentVariety |Sum
------------------------------------------------------------
48   |0.736462  |0.366667            |1.000000        |2.1031
53   |0.706532  |0.350000            |1.000000        |2.0565
18   |0.590946  |0.350000            |1.000000        |1.9409
3    |0.577928  |0.350000            |1.000000        |1.9279
33   |0.552618  |0.366667            |1.000000        |1.9193
13   |0.566788  |0.350000            |1.000000        |1.9168
42   |0.534364  |0.366667            |1.000000        |1.9010
22   |0.524808  |0.350000            |1.000000        |1.8748
4    |0.566739  |0.266667            |1.000000        |1.8334
37   |0.040013  |0.366667            |1.000000        |1.4067
40   |0.031388  |0.366667            |1.000000        |1.3981
6    |0.030778  |0.366667            |1.000000        |1.3974
34   |0.029525  |0.366667            |1.000000        |1.3962
12   |0.026693  |0.366667            |1.000000        |1.3934
41   |0.035441  |0.350000            |1.000000        |1.3854
36   |0.034469  |0.350000            |1.000000        |1.3845
7    |0.017772  |0.366667            |1.000000        |1.3844
24   |0.031900  |0.350000            |1.000000        |1.3819
49   |0.031325  |0.350000            |1.000000        |1.3813
25   |0.030961  |0.350000            |1.000000        |1.3810
10   |0.030425  |0.350000            |1.000000        |1.3804
5    |0.029504  |0.350000            |1.000000        |1.3795
29   |0.028908  |0.350000            |1.000000        |1.3789
11   |0.028745  |0.350000            |1.000000        |1.3787
20   |0.023415  |0.350000            |1.000000        |1.3734
39   |0.019820  |0.350000            |1.000000        |1.3698
46   |0.018604  |0.350000            |1.000000        |1.3686
21   |0.001289  |0.366667            |1.000000        |1.3680
1    |0.017762  |0.350000            |1.000000        |1.3678
15   |0.016970  |0.350000            |1.000000        |1.3670
44   |0.016175  |0.350000            |1.000000        |1.3662
32   |0.015267  |0.350000            |1.000000        |1.3653
31   |0.002994  |0.350000            |1.000000        |1.3530
38   |0.002906  |0.350000            |1.000000        |1.3529
28   |0.002632  |0.350000            |1.000000        |1.3526
23   |0.002619  |0.350000            |1.000000        |1.3526
51   |0.001727  |0.350000            |1.000000        |1.3517
14   |0.001697  |0.350000            |1.000000        |1.3517
26   |0.001293  |0.350000            |1.000000        |1.3513
19   |0.001073  |0.350000            |1.000000        |1.3511
27   |0.000874  |0.350000            |1.000000        |1.3509
45   |0.000296  |0.350000            |1.000000        |1.3503
52   |0.037561  |0.266667            |1.000000        |1.3042
30   |0.030214  |0.266667            |1.000000        |1.2969
17   |0.030111  |0.266667            |1.000000        |1.2968
9    |0.028866  |0.266667            |1.000000        |1.2955
8    |0.017727  |0.266667            |1.000000        |1.2844
2    |0.016904  |0.266667            |1.000000        |1.2836
47   |0.001829  |0.266667            |1.000000        |1.2685
16   |0.001797  |0.266667            |1.000000        |1.2685
35   |0.000279  |0.266667            |1.000000        |1.2669
43   |0.001891  |0.100000            |1.000000        |1.1019
50   |0.003267  |0.075000            |0.752717        |0.8310

Team Events (sorted, for dev use, diff check with others to ensure truly different schedules created):
------------------------------------------------------------
0, 117, 158, 195, 237, 259
1, 101, 146, 190, 215, 266
2, 82, 157, 177, 225, 269
3, 96, 134, 194, 248, 317
4, 107, 126, 180, 235, 292
5, 81, 153, 191, 222, 289
6, 90, 162, 184, 228, 250
7, 98, 135, 176, 199, 291
8, 115, 138, 205, 244, 306
9, 111, 154, 200, 231, 288
10, 125, 144, 204, 264, 320
11, 102, 142, 196, 270, 312
12, 128, 163, 201, 243, 315
13, 121, 149, 169, 258, 281
14, 116, 160, 216, 240, 321
15, 105, 159, 173, 238, 265
16, 119, 156, 181, 212, 282
17, 122, 151, 168, 208, 303
18, 75, 148, 252, 272, 316
19, 58, 137, 189, 226, 293
20, 76, 140, 170, 236, 296
21, 61, 152, 221, 278, 325
22, 141, 164, 175, 260, 324
23, 66, 143, 179, 242, 307
25, 65, 150, 174, 220, 268
26, 70, 161, 206, 290, 314
27, 79, 165, 223, 247, 304
28, 63, 97, 207, 239, 301
29, 69, 91, 171, 211, 271
30, 67, 95, 224, 267, 310
31, 74, 100, 172, 230, 302
32, 62, 109, 166, 249, 305
33, 57, 89, 193, 253, 322
34, 64, 88, 167, 233, 280
35, 72, 94, 182, 217, 308
36, 55, 120, 183, 214, 255
37, 73, 129, 209, 284, 318
38, 78, 104, 198, 245, 277
39, 56, 110, 186, 210, 286
40, 84, 108, 187, 232, 276
41, 85, 124, 188, 219, 299
42, 86, 118, 218, 254, 309
43, 71, 127, 178, 202, 274
44, 92, 139, 203, 241, 297
45, 83, 106, 251, 283, 311
46, 77, 114, 234, 273, 298
47, 54, 99, 227, 261, 279
48, 80, 136, 197, 256, 300
49, 87, 145, 246, 287, 319
50, 123, 147, 213, 262, 294
51, 59, 93, 257, 285, 313
52, 60, 103, 192, 229, 295
53, 68, 155, 185, 275, 323
