FLL Scheduler GA Summary Report (ID: 1539832937744 | Hash: 8225947437693655418)

Attributes:
--------------------
rank: 0
origin: (C | LocationCrossover)
mutations: 1
clones: 0
_hash: 8225947437693655418
Length: 318

Fitness:
--------------------------
BreakTime           : 0.11781653633135576
LocationConsistency : 0.2577005674637586
OpponentVariety     : 0.8754111684107535
-----------------------------------
Total               : 1.2509282722058679
Percentage          : 41.70%

Per-Objective Statistics (Team Distribution):
-----------------------------------------------------------------
Objective                 | Min      | Max      | Avg      | Range   
-----------------------------------------------------------------
BreakTime                 | 0.000000 | 0.736462 | 0.124800 | 0.736462
LocationConsistency       | 0.041667 | 0.641667 | 0.322799 | 0.600000
OpponentVariety           | 0.752717 | 1.000000 | 0.995334 | 0.247283

Team fitnesses (sorted by total fitness descending):
----------------------------------------------------
Max     : 2.290071
Min     : 1.019384
Range   : 1.270687
Average : 1.442933

Team |BreakTime |LocationConsistency |OpponentVariety |Sum
------------------------------------------------------------
39   |0.648405  |0.641667            |1.000000        |2.2901
52   |0.736462  |0.366667            |1.000000        |2.1031
49   |0.630960  |0.366667            |1.000000        |1.9976
18   |0.590946  |0.350000            |1.000000        |1.9409
8    |0.572062  |0.350000            |1.000000        |1.9221
34   |0.552618  |0.366667            |1.000000        |1.9193
21   |0.524808  |0.350000            |1.000000        |1.8748
3    |0.577928  |0.266667            |1.000000        |1.8446
13   |0.566788  |0.266667            |1.000000        |1.8335
4    |0.566739  |0.266667            |1.000000        |1.8334
9    |0.000000  |0.641667            |1.000000        |1.6417
38   |0.040013  |0.366667            |1.000000        |1.4067
40   |0.031388  |0.366667            |1.000000        |1.3981
6    |0.030778  |0.366667            |1.000000        |1.3974
35   |0.029525  |0.366667            |1.000000        |1.3962
12   |0.026693  |0.366667            |1.000000        |1.3934
41   |0.035441  |0.350000            |1.000000        |1.3854
37   |0.034469  |0.350000            |1.000000        |1.3845
7    |0.017772  |0.366667            |1.000000        |1.3844
26   |0.032980  |0.350000            |1.000000        |1.3830
48   |0.031325  |0.350000            |1.000000        |1.3813
25   |0.030961  |0.350000            |1.000000        |1.3810
10   |0.030425  |0.350000            |1.000000        |1.3804
31   |0.030214  |0.350000            |1.000000        |1.3802
17   |0.030111  |0.350000            |1.000000        |1.3801
11   |0.028745  |0.350000            |1.000000        |1.3787
19   |0.023415  |0.350000            |1.000000        |1.3734
46   |0.018604  |0.350000            |1.000000        |1.3686
20   |0.001289  |0.366667            |1.000000        |1.3680
1    |0.017762  |0.350000            |1.000000        |1.3678
33   |0.015267  |0.350000            |1.000000        |1.3653
32   |0.002994  |0.350000            |1.000000        |1.3530
29   |0.002632  |0.350000            |1.000000        |1.3526
23   |0.002619  |0.350000            |1.000000        |1.3526
51   |0.001727  |0.350000            |1.000000        |1.3517
14   |0.001697  |0.350000            |1.000000        |1.3517
24   |0.001663  |0.350000            |1.000000        |1.3517
22   |0.001293  |0.350000            |1.000000        |1.3513
27   |0.001073  |0.350000            |1.000000        |1.3511
5    |0.029504  |0.266667            |1.000000        |1.2962
15   |0.016970  |0.266667            |1.000000        |1.2836
2    |0.016904  |0.266667            |1.000000        |1.2836
44   |0.016175  |0.266667            |1.000000        |1.2828
42   |0.003298  |0.266667            |1.000000        |1.2700
30   |0.002868  |0.266667            |1.000000        |1.2695
16   |0.001797  |0.266667            |1.000000        |1.2685
28   |0.001407  |0.266667            |1.000000        |1.2681
36   |0.000874  |0.266667            |1.000000        |1.2675
43   |0.001891  |0.100000            |1.000000        |1.1019
45   |0.000296  |0.075000            |1.000000        |1.0753
50   |0.000000  |0.075000            |1.000000        |1.0750
47   |0.001829  |0.041667            |1.000000        |1.0435
53   |0.000000  |0.266667            |0.752717        |1.0194

Team Events (sorted, for dev use, diff check with others to ensure truly different schedules created):
------------------------------------------------------------
0, 117, 158, 195, 237, 259
1, 101, 146, 190, 215, 266
2, 83, 157, 176, 226, 269
3, 96, 134, 194, 248, 317
4, 107, 126, 181, 235, 292
5, 81, 153, 191, 229, 289
6, 90, 162, 184, 223, 250
7, 99, 135, 177, 241, 291
8, 115, 138, 205, 211, 306
9, 111, 154, 200, 231, 288
10, 125, 144, 204, 264, 320
11, 102, 142, 196, 270, 312
12, 128, 163, 201, 245, 315
13, 121, 149, 169, 258, 281
14, 116, 160, 216, 243, 321
15, 105, 159, 173, 238, 265
16, 119, 156, 180, 212, 282
17, 122, 151, 168, 208, 303
18, 58, 137, 189, 225, 293
19, 76, 140, 170, 236, 296
20, 61, 152, 221, 278, 325
21, 70, 161, 206, 290, 314
22, 141, 164, 175, 260, 324
23, 66, 143, 179, 199, 307
24, 65, 150, 174, 220, 268
25, 68, 155, 185, 275, 323
26, 75, 148, 252, 272, 316
27, 60, 103, 192, 222, 295
28, 63, 97, 207, 239, 301
29, 69, 91, 171, 244, 271
30, 67, 95, 227, 267, 310
31, 74, 100, 172, 230, 302
32, 62, 109, 166, 249, 305
33, 57, 89, 193, 253, 322
34, 64, 88, 167, 233, 280
35, 79, 165, 228, 247, 304
36, 55, 120, 183, 214, 255
37, 73, 129, 209, 284, 318
39, 56, 110, 186, 240, 286
40, 84, 108, 187, 232, 276
41, 85, 124, 188, 219, 299
42, 72, 94, 182, 217, 308
43, 71, 127, 178, 202, 274
44, 92, 139, 203, 242, 297
45, 82, 106, 251, 283, 311
46, 77, 114, 234, 273, 298
47, 54, 98, 224, 261, 279
48, 87, 145, 246, 287, 319
49, 86, 118, 218, 254, 309
50, 123, 147, 198, 213, 294
51, 59, 93, 257, 285, 313
52, 80, 136, 197, 256, 300
53, 78, 104, 210, 262, 277
