FLL Scheduler GA Summary Report (ID: 1347624432832 | Hash: -7796473255255095579)

Attributes:
--------------------
rank: 0
origin: (C | KPoint(k=2))
mutations: 0
clones: 0
_hash: -7796473255255095579
Length: 318

Fitness:
--------------------------
BreakTime           : 0.26666651879168746
LocationConsistency : 0.0
OpponentVariety     : 0.0
-----------------------------------
Total               : 0.26666651879168746
Percentage          : 8.89%

Per-Objective Statistics (Team Distribution):
-----------------------------------------------------------------
Objective                 | Min      | Max      | Avg      | Range   
-----------------------------------------------------------------
BreakTime                 | 0.0000   | 0.9321   | 0.5238   | 0.9321  
LocationConsistency       | 0.0417   | 0.6417   | 0.2008   | 0.6000  
OpponentVariety           | 0.7527   | 1.0000   | 0.9114   | 0.2473  

Team fitnesses (sorted by total fitness descending):
----------------------------------------------------
Max     : 2.444766
Min     : 0.794384
Range   : 1.650382
Average : 1.635922

Team |BreakTime |LocationConsistency |OpponentVariety |Sum
------------------------------------------------------------
51   |0.8031    |0.6417              |1.0000          |2.4448
36   |0.5914    |0.6417              |1.0000          |2.2330
15   |0.5888    |0.6417              |1.0000          |2.2304
47   |0.8672    |0.3500              |1.0000          |2.2172
49   |0.8511    |0.3500              |1.0000          |2.2011
50   |0.8506    |0.2667              |1.0000          |2.1172
12   |0.5765    |0.5250              |1.0000          |2.1015
41   |0.6349    |0.3500              |1.0000          |1.9849
9    |0.6205    |0.3500              |1.0000          |1.9705
11   |0.5765    |0.3500              |1.0000          |1.9265
28   |0.5288    |0.6417              |0.7527          |1.9232
18   |0.5556    |0.3500              |1.0000          |1.9056
48   |0.8638    |0.2667              |0.7527          |1.8832
4    |0.5774    |0.2667              |1.0000          |1.8440
53   |0.7811    |0.0417              |1.0000          |1.8227
17   |0.5537    |0.2667              |1.0000          |1.8204
32   |0.5141    |0.2667              |1.0000          |1.7807
45   |0.9321    |0.0667              |0.7527          |1.7515
14   |0.6362    |0.3500              |0.7527          |1.7389
38   |0.6625    |0.0667              |1.0000          |1.7292
7    |0.6471    |0.0500              |1.0000          |1.6971
37   |0.6502    |0.0417              |1.0000          |1.6919
40   |0.6466    |0.0417              |1.0000          |1.6883
46   |0.8925    |0.0417              |0.7527          |1.6869
52   |0.8790    |0.0500              |0.7527          |1.6817
35   |0.5855    |0.0750              |1.0000          |1.6605
42   |0.6142    |0.0417              |1.0000          |1.6559
39   |0.6012    |0.0500              |1.0000          |1.6512
6    |0.6082    |0.2667              |0.7527          |1.6276
43   |0.5817    |0.0417              |1.0000          |1.6234
23   |0.5478    |0.0750              |1.0000          |1.6228
10   |0.5523    |0.0667              |1.0000          |1.6190
16   |0.5640    |0.0500              |1.0000          |1.6140
13   |0.5619    |0.0417              |1.0000          |1.6036
19   |0.5605    |0.2667              |0.7527          |1.5799
31   |0.5273    |0.0500              |1.0000          |1.5773
5    |0.5263    |0.2667              |0.7527          |1.5457
3    |0.6453    |0.0500              |0.7527          |1.4480
2    |0.6215    |0.0667              |0.7527          |1.4409
44   |0.6019    |0.0750              |0.7527          |1.4296
20   |0.0004    |0.6417              |0.7527          |1.3948
1    |0.5713    |0.0667              |0.7527          |1.3907
8    |0.5855    |0.0500              |0.7527          |1.3882
29   |0.0488    |0.2667              |1.0000          |1.3154
24   |0.5082    |0.0500              |0.7527          |1.3109
34   |0.0044    |0.2667              |1.0000          |1.2711
26   |0.0465    |0.2667              |0.7527          |1.0659
22   |0.0046    |0.0500              |1.0000          |1.0546
33   |0.0044    |0.0500              |1.0000          |1.0544
25   |0.0045    |0.0417              |1.0000          |1.0462
27   |0.0004    |0.0417              |1.0000          |1.0421
21   |0.0004    |0.0500              |0.7527          |0.8031
30   |0.0000    |0.0417              |0.7527          |0.7944

Team Events (sorted, for dev use, diff check with others to ensure truly different schedules created):
------------------------------------------------------------
0, 100, 148, 190, 237, 297
1, 98, 154, 181, 227, 287
2, 102, 163, 176, 253, 288
3, 106, 153, 211, 260, 314
4, 97, 135, 203, 241, 292
5, 101, 147, 175, 235, 296
6, 105, 159, 194, 262, 318
7, 94, 144, 183, 228, 295
8, 107, 156, 188, 236, 303
9, 129, 161, 195, 230, 282
10, 125, 155, 187, 263, 311
11, 120, 151, 184, 264, 312
12, 115, 165, 200, 249, 302
13, 122, 164, 177, 252, 324
14, 110, 160, 174, 229, 280
15, 118, 157, 193, 247, 313
16, 123, 162, 212, 274, 317
17, 124, 152, 192, 250, 304
18, 57, 142, 170, 220, 289
19, 73, 134, 202, 214, 273
20, 80, 141, 206, 222, 276
22, 85, 158, 207, 231, 275
23, 54, 150, 204, 248, 316
24, 60, 145, 205, 238, 294
25, 64, 149, 217, 268, 283
26, 77, 143, 221, 267, 306
27, 95, 117, 216, 265, 278
28, 59, 88, 197, 232, 299
29, 62, 96, 210, 254, 301
30, 99, 109, 209, 226, 271
31, 56, 93, 185, 225, 284
32, 61, 92, 201, 259, 300
33, 70, 91, 215, 257, 279
34, 67, 112, 218, 256, 270
35, 55, 87, 169, 234, 305
36, 68, 103, 199, 244, 291
37, 65, 108, 189, 243, 298
38, 71, 119, 168, 219, 285
39, 69, 111, 208, 272, 315
40, 76, 113, 182, 240, 309
41, 58, 121, 186, 251, 290
42, 66, 104, 191, 245, 286
43, 63, 116, 198, 242, 281
44, 74, 114, 213, 269, 321
45, 72, 128, 166, 239, 322
46, 75, 130, 180, 246, 320
47, 81, 138, 178, 258, 325
48, 89, 146, 172, 233, 307
49, 90, 136, 173, 224, 293
50, 83, 137, 171, 223, 310
51, 84, 131, 179, 261, 308
52, 82, 140, 167, 255, 323
53, 86, 139, 196, 266, 319
