FLL Scheduler GA Summary Report (ID: 1347624431040 | Hash: -2920818222801500761)

Attributes:
--------------------
rank: 0
origin: (C | TimeSlotCrossover)
mutations: 0
clones: 0
_hash: -2920818222801500761
Length: 318

Fitness:
--------------------------
BreakTime           : 0.26666651879168746
LocationConsistency : 0.0
OpponentVariety     : 0.0
-----------------------------------
Total               : 0.26666651879168746
Percentage          : 8.89%

Per-Objective Statistics (Team Distribution):
-----------------------------------------------------------------
Objective                 | Min      | Max      | Avg      | Range   
-----------------------------------------------------------------
BreakTime                 | 0.0000   | 0.9321   | 0.5238   | 0.9321  
LocationConsistency       | 0.0417   | 0.6417   | 0.2101   | 0.6000  
OpponentVariety           | 0.7527   | 1.0000   | 0.9114   | 0.2473  

Team fitnesses (sorted by total fitness descending):
----------------------------------------------------
Max     : 2.444766
Min     : 0.794384
Range   : 1.650382
Average : 1.645199

Team |BreakTime |LocationConsistency |OpponentVariety |Sum
------------------------------------------------------------
51   |0.8031    |0.6417              |1.0000          |2.4448
36   |0.5914    |0.6417              |1.0000          |2.2330
15   |0.5888    |0.6417              |1.0000          |2.2304
47   |0.8672    |0.3500              |1.0000          |2.2172
49   |0.8511    |0.3500              |1.0000          |2.2011
50   |0.8506    |0.3500              |1.0000          |2.2006
12   |0.5765    |0.5250              |1.0000          |2.1015
41   |0.6349    |0.3500              |1.0000          |1.9849
9    |0.6205    |0.3500              |1.0000          |1.9705
28   |0.5288    |0.6417              |0.7527          |1.9232
18   |0.5556    |0.3500              |1.0000          |1.9056
17   |0.5537    |0.3500              |1.0000          |1.9037
48   |0.8638    |0.2667              |0.7527          |1.8832
32   |0.5141    |0.3667              |1.0000          |1.8807
11   |0.5765    |0.2667              |1.0000          |1.8432
53   |0.7811    |0.0417              |1.0000          |1.8227
45   |0.9321    |0.0667              |0.7527          |1.7515
14   |0.6362    |0.3500              |0.7527          |1.7389
38   |0.6625    |0.0667              |1.0000          |1.7292
37   |0.6502    |0.0500              |1.0000          |1.7002
7    |0.6471    |0.0500              |1.0000          |1.6971
40   |0.6466    |0.0417              |1.0000          |1.6883
46   |0.8925    |0.0417              |0.7527          |1.6869
52   |0.8790    |0.0500              |0.7527          |1.6817
35   |0.5855    |0.0750              |1.0000          |1.6605
42   |0.6142    |0.0417              |1.0000          |1.6559
39   |0.6012    |0.0500              |1.0000          |1.6512
5    |0.6082    |0.2667              |0.7527          |1.6276
4    |0.5774    |0.0500              |1.0000          |1.6274
43   |0.5817    |0.0417              |1.0000          |1.6234
10   |0.5523    |0.0667              |1.0000          |1.6190
23   |0.5478    |0.0667              |1.0000          |1.6145
16   |0.5640    |0.0500              |1.0000          |1.6140
13   |0.5619    |0.0500              |1.0000          |1.6119
24   |0.5082    |0.3500              |0.7527          |1.6109
19   |0.5605    |0.2667              |0.7527          |1.5799
31   |0.5273    |0.0500              |1.0000          |1.5773
2    |0.5263    |0.2667              |0.7527          |1.5457
6    |0.6453    |0.0500              |0.7527          |1.4480
3    |0.6215    |0.0667              |0.7527          |1.4409
44   |0.6019    |0.0750              |0.7527          |1.4296
20   |0.0004    |0.6417              |0.7527          |1.3948
1    |0.5713    |0.0667              |0.7527          |1.3907
8    |0.5855    |0.0500              |0.7527          |1.3882
29   |0.0488    |0.2667              |1.0000          |1.3154
22   |0.0046    |0.2667              |1.0000          |1.2713
34   |0.0044    |0.2667              |1.0000          |1.2711
26   |0.0465    |0.2667              |0.7527          |1.0659
33   |0.0044    |0.0500              |1.0000          |1.0544
25   |0.0045    |0.0417              |1.0000          |1.0462
27   |0.0004    |0.0417              |1.0000          |1.0421
21   |0.0004    |0.0500              |0.7527          |0.8031
30   |0.0000    |0.0417              |0.7527          |0.7944

Team Events (sorted, for dev use, diff check with others to ensure truly different schedules created):
------------------------------------------------------------
0, 100, 148, 190, 237, 297
1, 97, 135, 202, 241, 292
2, 98, 154, 181, 227, 287
3, 106, 153, 211, 260, 315
4, 101, 147, 175, 235, 296
5, 102, 163, 176, 253, 288
6, 105, 159, 194, 262, 318
7, 94, 144, 183, 228, 295
8, 107, 156, 188, 236, 303
9, 129, 161, 195, 231, 282
10, 125, 155, 187, 263, 310
11, 120, 151, 184, 264, 312
12, 115, 165, 201, 249, 302
13, 122, 164, 177, 252, 324
14, 110, 160, 174, 229, 280
15, 118, 157, 193, 247, 313
16, 123, 162, 212, 274, 316
17, 124, 152, 192, 250, 304
18, 57, 142, 170, 220, 289
19, 73, 134, 203, 214, 273
20, 80, 141, 206, 222, 276
22, 85, 158, 207, 230, 275
23, 54, 150, 204, 248, 317
24, 61, 145, 205, 238, 294
25, 64, 149, 217, 268, 283
26, 77, 143, 221, 267, 306
27, 95, 117, 216, 265, 278
28, 59, 88, 197, 232, 299
29, 62, 96, 210, 254, 301
30, 99, 109, 209, 226, 271
31, 56, 93, 185, 225, 284
32, 60, 92, 200, 259, 300
33, 70, 91, 215, 257, 279
34, 67, 112, 218, 256, 270
35, 55, 87, 169, 234, 305
36, 68, 103, 199, 244, 291
37, 65, 108, 189, 242, 298
38, 71, 119, 168, 219, 285
39, 69, 111, 208, 272, 314
40, 76, 113, 182, 240, 309
41, 58, 121, 186, 251, 290
42, 66, 104, 191, 245, 286
43, 63, 116, 198, 243, 281
44, 74, 114, 213, 269, 321
45, 72, 128, 166, 239, 322
46, 75, 130, 180, 246, 320
47, 81, 138, 178, 258, 325
48, 89, 146, 172, 233, 307
49, 90, 136, 173, 224, 293
50, 83, 137, 171, 223, 311
51, 84, 131, 179, 261, 308
52, 82, 140, 167, 255, 323
53, 86, 139, 196, 266, 319
