FLL Scheduler GA Summary Report (ID: 1347647088992 | Hash: 3603411930325341884)

Attributes:
--------------------
rank: 0
origin: (C | TimeSlotCrossover)
mutations: 1
clones: 1
_hash: 3603411930325341884
Length: 318

Fitness:
--------------------------
BreakTime           : 0.26666651879168746
LocationConsistency : 0.0
OpponentVariety     : 0.0
-----------------------------------
Total               : 0.26666651879168746
Percentage          : 8.89%

Per-Objective Statistics (Team Distribution):
-----------------------------------------------------------------
Objective                 | Min      | Max      | Avg      | Range   
-----------------------------------------------------------------
BreakTime                 | 0.0000   | 0.9321   | 0.5238   | 0.9321  
LocationConsistency       | 0.0417   | 0.9500   | 0.1945   | 0.9083  
OpponentVariety           | 0.7527   | 1.0000   | 0.9114   | 0.2473  

Team fitnesses (sorted by total fitness descending):
----------------------------------------------------
Max     : 2.538783
Min     : 0.802717
Range   : 1.736065
Average : 1.629633

Team |BreakTime |LocationConsistency |OpponentVariety |Sum
------------------------------------------------------------
15   |0.5888    |0.9500              |1.0000          |2.5388
36   |0.5914    |0.6417              |1.0000          |2.2330
47   |0.8672    |0.3500              |1.0000          |2.2172
49   |0.8511    |0.3500              |1.0000          |2.2011
51   |0.8031    |0.3667              |1.0000          |2.1698
50   |0.8506    |0.2667              |1.0000          |2.1172
12   |0.5765    |0.5250              |1.0000          |2.1015
41   |0.6349    |0.3500              |1.0000          |1.9849
9    |0.6205    |0.3500              |1.0000          |1.9705
11   |0.5765    |0.3500              |1.0000          |1.9265
18   |0.5556    |0.3500              |1.0000          |1.9056
17   |0.5537    |0.3500              |1.0000          |1.9037
48   |0.8638    |0.2667              |0.7527          |1.8832
53   |0.7811    |0.0417              |1.0000          |1.8227
32   |0.5141    |0.2667              |1.0000          |1.7807
45   |0.9321    |0.0667              |0.7527          |1.7515
14   |0.6362    |0.3500              |0.7527          |1.7389
38   |0.6625    |0.0667              |1.0000          |1.7292
37   |0.6502    |0.0500              |1.0000          |1.7002
7    |0.6471    |0.0500              |1.0000          |1.6971
40   |0.6466    |0.0417              |1.0000          |1.6883
46   |0.8925    |0.0417              |0.7527          |1.6869
35   |0.5855    |0.1000              |1.0000          |1.6855
52   |0.8790    |0.0500              |0.7527          |1.6817
42   |0.6142    |0.0417              |1.0000          |1.6559
39   |0.6012    |0.0500              |1.0000          |1.6512
28   |0.5288    |0.3500              |0.7527          |1.6315
4    |0.5774    |0.0500              |1.0000          |1.6274
43   |0.5817    |0.0417              |1.0000          |1.6234
10   |0.5523    |0.0667              |1.0000          |1.6190
23   |0.5478    |0.0667              |1.0000          |1.6145
16   |0.5640    |0.0500              |1.0000          |1.6140
13   |0.5619    |0.0500              |1.0000          |1.6119
19   |0.5605    |0.2667              |0.7527          |1.5799
31   |0.5273    |0.0417              |1.0000          |1.5689
5    |0.5263    |0.2667              |0.7527          |1.5457
3    |0.6453    |0.0500              |0.7527          |1.4480
2    |0.6215    |0.0667              |0.7527          |1.4409
44   |0.6019    |0.0750              |0.7527          |1.4296
8    |0.5855    |0.0750              |0.7527          |1.4132
6    |0.6082    |0.0500              |0.7527          |1.4110
1    |0.5713    |0.0750              |0.7527          |1.3990
20   |0.0004    |0.6417              |0.7527          |1.3948
29   |0.0488    |0.2667              |1.0000          |1.3154
24   |0.5082    |0.0500              |0.7527          |1.3109
34   |0.0044    |0.2667              |1.0000          |1.2711
26   |0.0465    |0.2667              |0.7527          |1.0659
33   |0.0044    |0.0500              |1.0000          |1.0544
22   |0.0046    |0.0417              |1.0000          |1.0463
25   |0.0045    |0.0417              |1.0000          |1.0462
27   |0.0004    |0.0417              |1.0000          |1.0421
21   |0.0004    |0.2667              |0.7527          |1.0198
30   |0.0000    |0.0500              |0.7527          |0.8027

Team Events (sorted, for dev use, diff check with others to ensure truly different schedules created):
------------------------------------------------------------
0, 100, 148, 190, 230, 297
1, 98, 154, 181, 224, 287
2, 102, 163, 176, 253, 288
3, 106, 153, 211, 260, 315
4, 97, 135, 202, 241, 292
5, 101, 147, 175, 232, 296
6, 105, 159, 194, 262, 318
7, 94, 144, 183, 223, 295
8, 107, 156, 188, 231, 303
9, 129, 161, 195, 237, 282
10, 125, 155, 187, 263, 311
11, 120, 151, 184, 264, 312
12, 115, 165, 201, 249, 302
13, 122, 164, 177, 252, 324
14, 110, 160, 174, 222, 280
15, 118, 157, 193, 247, 313
16, 123, 162, 212, 274, 316
17, 124, 152, 192, 250, 304
18, 57, 142, 170, 220, 289
19, 73, 134, 203, 214, 273
20, 80, 141, 206, 229, 276
22, 85, 158, 207, 236, 275
23, 54, 150, 204, 248, 317
24, 60, 145, 205, 238, 294
25, 64, 149, 217, 268, 283
26, 77, 143, 221, 267, 306
27, 95, 117, 216, 265, 278
28, 59, 88, 197, 235, 299
29, 62, 96, 210, 254, 301
30, 99, 109, 209, 225, 271
31, 56, 93, 185, 226, 284
32, 61, 92, 200, 259, 300
33, 70, 90, 215, 257, 279
34, 67, 112, 218, 256, 270
35, 55, 87, 169, 233, 305
36, 68, 103, 199, 244, 291
37, 65, 108, 189, 242, 298
38, 71, 119, 168, 219, 285
39, 69, 111, 208, 272, 314
40, 76, 113, 182, 240, 309
41, 58, 121, 186, 251, 290
42, 66, 104, 191, 245, 286
43, 63, 116, 198, 243, 281
44, 74, 114, 213, 269, 321
45, 72, 128, 166, 239, 322
46, 75, 133, 180, 246, 320
47, 81, 138, 178, 258, 325
48, 89, 146, 172, 234, 307
49, 91, 136, 173, 227, 293
50, 83, 137, 171, 228, 310
51, 84, 132, 179, 261, 308
52, 82, 140, 167, 255, 323
53, 86, 139, 196, 266, 319
