FLL Scheduler GA Summary Report (ID: 2528927220336 | Hash: 113278573031489700)

Attributes:
--------------------
rank: 0
origin: (C | TimeSlotCrossover)
mutations: 1
clones: 0
_hash: 113278573031489700
Length: 318

Fitness:
--------------------------
BreakTime           : 0.21187442874162116
LocationConsistency : 0.026259535487028387
OpponentVariety     : 0.08754111684107535
-----------------------------------
Total               : 0.32567508106972487
Percentage          : 10.86%

Per-Objective Statistics (Team Distribution):
-----------------------------------------------------------------
Objective                 | Min      | Max      | Avg      | Range   
-----------------------------------------------------------------
BreakTime                 | 0.000000 | 0.797267 | 0.329336 | 0.797267
LocationConsistency       | 0.041667 | 0.641667 | 0.332704 | 0.600000
OpponentVariety           | 0.752717 | 1.000000 | 0.995334 | 0.247283

Team fitnesses (sorted by total fitness descending):
----------------------------------------------------
Max     : 2.423975
Min     : 1.266667
Range   : 1.157308
Average : 1.657374

Team |BreakTime |LocationConsistency |OpponentVariety |Sum
------------------------------------------------------------
47   |0.782308  |0.641667            |1.000000        |2.4240
38   |0.588228  |0.641667            |1.000000        |2.2299
49   |0.797267  |0.350000            |1.000000        |2.1473
51   |0.766452  |0.350000            |1.000000        |2.1165
3    |0.587231  |0.525000            |1.000000        |2.1122
53   |0.700212  |0.350000            |1.000000        |2.0502
50   |0.698440  |0.350000            |1.000000        |2.0484
37   |0.678231  |0.350000            |1.000000        |2.0282
44   |0.652402  |0.366667            |1.000000        |2.0191
46   |0.654981  |0.350000            |1.000000        |2.0050
45   |0.738036  |0.266667            |1.000000        |2.0047
48   |0.648917  |0.350000            |1.000000        |1.9989
7    |0.644764  |0.350000            |1.000000        |1.9948
41   |0.605800  |0.366667            |1.000000        |1.9725
40   |0.620875  |0.350000            |1.000000        |1.9709
8    |0.607886  |0.350000            |1.000000        |1.9579
9    |0.582005  |0.366667            |1.000000        |1.9487
17   |0.581223  |0.350000            |1.000000        |1.9312
4    |0.577928  |0.350000            |1.000000        |1.9279
13   |0.566788  |0.350000            |1.000000        |1.9168
36   |0.641010  |0.266667            |1.000000        |1.9077
5    |0.592303  |0.266667            |1.000000        |1.8590
2    |0.566739  |0.266667            |1.000000        |1.8334
52   |0.779998  |0.041667            |1.000000        |1.8217
39   |0.525250  |0.525000            |0.752717        |1.8030
19   |0.524808  |0.266667            |1.000000        |1.7915
1    |0.538681  |0.041667            |1.000000        |1.5803
35   |0.029525  |0.366667            |1.000000        |1.3962
18   |0.030425  |0.350000            |1.000000        |1.3804
6    |0.001722  |0.366667            |1.000000        |1.3684
12   |0.018006  |0.350000            |1.000000        |1.3680
22   |0.000903  |0.366667            |1.000000        |1.3676
15   |0.015757  |0.350000            |1.000000        |1.3658
21   |0.002619  |0.350000            |1.000000        |1.3526
28   |0.001403  |0.350000            |1.000000        |1.3514
25   |0.001200  |0.350000            |1.000000        |1.3512
33   |0.001186  |0.350000            |1.000000        |1.3512
29   |0.000121  |0.350000            |1.000000        |1.3501
26   |0.000090  |0.350000            |1.000000        |1.3501
20   |0.000080  |0.350000            |1.000000        |1.3501
32   |0.000078  |0.350000            |1.000000        |1.3501
27   |0.000000  |0.350000            |1.000000        |1.3500
42   |0.034023  |0.266667            |1.000000        |1.3007
11   |0.030111  |0.266667            |1.000000        |1.2968
31   |0.028961  |0.266667            |1.000000        |1.2956
30   |0.006091  |0.266667            |1.000000        |1.2728
43   |0.001800  |0.266667            |1.000000        |1.2685
16   |0.001091  |0.266667            |1.000000        |1.2678
23   |0.000507  |0.266667            |1.000000        |1.2672
10   |0.000151  |0.266667            |1.000000        |1.2668
34   |0.000086  |0.266667            |1.000000        |1.2668
24   |0.000084  |0.266667            |1.000000        |1.2668
14   |0.000000  |0.266667            |1.000000        |1.2667

Team Events (sorted, for dev use, diff check with others to ensure truly different schedules created):
------------------------------------------------------------
0, 107, 138, 205, 244, 305
1, 96, 134, 194, 248, 317
2, 81, 153, 185, 222, 289
3, 82, 157, 177, 225, 269
4, 101, 146, 184, 266, 302
5, 90, 162, 190, 228, 250
6, 108, 151, 168, 208, 308
7, 87, 144, 172, 247, 287
8, 102, 142, 196, 270, 312
9, 105, 159, 221, 238, 265
10, 119, 156, 181, 212, 282
11, 117, 158, 173, 195, 259
12, 128, 163, 201, 243, 315
13, 121, 133, 258, 281, 311
14, 116, 145, 216, 240, 321
15, 98, 135, 176, 199, 291
16, 125, 160, 204, 264, 320
17, 111, 154, 200, 231, 288
18, 61, 152, 215, 278, 325
19, 75, 132, 252, 272, 316
20, 136, 164, 175, 260, 324
21, 73, 129, 209, 284, 319
22, 79, 165, 223, 246, 307
23, 54, 131, 227, 261, 279
24, 70, 148, 206, 290, 314
26, 71, 130, 179, 202, 274
27, 63, 97, 207, 219, 239
28, 59, 93, 257, 285, 313
29, 78, 104, 198, 245, 277
30, 56, 110, 186, 237, 286
31, 69, 91, 171, 236, 271
32, 83, 161, 262, 283, 310
33, 77, 106, 234, 273, 298
34, 74, 100, 218, 230, 309
35, 64, 88, 167, 233, 280
36, 67, 95, 169, 224, 267
37, 55, 120, 183, 255, 318
38, 84, 115, 187, 232, 276
39, 86, 118, 220, 254, 294
40, 85, 124, 189, 251, 299
41, 80, 112, 197, 256, 303
42, 60, 103, 192, 229, 300
43, 72, 94, 182, 210, 263
44, 57, 89, 193, 253, 322
45, 58, 113, 188, 226, 293
46, 65, 150, 174, 214, 268
47, 62, 114, 166, 217, 306
48, 109, 147, 213, 249, 301
49, 99, 149, 180, 235, 292
50, 68, 155, 191, 275, 323
51, 66, 143, 178, 242, 304
52, 76, 137, 170, 211, 296
53, 92, 139, 203, 241, 297
