FLL Scheduler GA Summary Report (ID: 2528920990688 | Hash: 1712952064623992080)

Attributes:
--------------------
rank: 0
origin: (C | KPoint(k=3))
mutations: 0
clones: 0
_hash: 1712952064623992080
Length: 318

Fitness:
--------------------------
BreakTime           : 0.21103070348935257
LocationConsistency : 0.028768857097201995
OpponentVariety     : 0.08754111684107535
-----------------------------------
Total               : 0.32734067742762996
Percentage          : 10.91%

Per-Objective Statistics (Team Distribution):
-----------------------------------------------------------------
Objective                 | Min      | Max      | Avg      | Range   
-----------------------------------------------------------------
BreakTime                 | 0.000000 | 0.857480 | 0.330730 | 0.857480
LocationConsistency       | 0.050000 | 0.366667 | 0.331447 | 0.316667
OpponentVariety           | 0.752717 | 1.000000 | 0.995334 | 0.247283

Team fitnesses (sorted by total fitness descending):
----------------------------------------------------
Max     : 2.116452
Min     : 1.266680
Range   : 0.849773
Average : 1.657511

Team |BreakTime |LocationConsistency |OpponentVariety |Sum
------------------------------------------------------------
46   |0.766452  |0.350000            |1.000000        |2.1165
49   |0.748122  |0.350000            |1.000000        |2.0981
50   |0.738036  |0.350000            |1.000000        |2.0880
53   |0.720126  |0.366667            |1.000000        |2.0868
47   |0.711917  |0.366667            |1.000000        |2.0786
45   |0.700212  |0.350000            |1.000000        |2.0502
38   |0.696595  |0.350000            |1.000000        |2.0466
42   |0.678231  |0.350000            |1.000000        |2.0282
44   |0.652402  |0.366667            |1.000000        |2.0191
51   |0.654981  |0.350000            |1.000000        |2.0050
48   |0.648917  |0.350000            |1.000000        |1.9989
7    |0.644764  |0.350000            |1.000000        |1.9948
37   |0.594729  |0.366667            |1.000000        |1.9614
3    |0.587231  |0.366667            |1.000000        |1.9539
6    |0.599043  |0.350000            |1.000000        |1.9490
11   |0.581223  |0.350000            |1.000000        |1.9312
43   |0.562187  |0.366667            |1.000000        |1.9289
9    |0.577928  |0.350000            |1.000000        |1.9279
13   |0.566788  |0.350000            |1.000000        |1.9168
41   |0.534364  |0.366667            |1.000000        |1.9010
52   |0.857480  |0.266667            |0.752717        |1.8769
8    |0.607886  |0.266667            |1.000000        |1.8746
40   |0.588228  |0.266667            |1.000000        |1.8549
2    |0.566739  |0.266667            |1.000000        |1.8334
1    |0.538681  |0.266667            |1.000000        |1.8053
22   |0.524808  |0.266667            |1.000000        |1.7915
39   |0.632714  |0.050000            |1.000000        |1.6827
32   |0.029525  |0.366667            |1.000000        |1.3962
36   |0.034023  |0.350000            |1.000000        |1.3840
5    |0.032282  |0.350000            |1.000000        |1.3823
24   |0.032248  |0.350000            |1.000000        |1.3822
10   |0.030425  |0.350000            |1.000000        |1.3804
27   |0.028908  |0.350000            |1.000000        |1.3789
4    |0.001722  |0.366667            |1.000000        |1.3684
15   |0.015757  |0.350000            |1.000000        |1.3658
35   |0.002632  |0.350000            |1.000000        |1.3526
19   |0.002619  |0.350000            |1.000000        |1.3526
31   |0.001403  |0.350000            |1.000000        |1.3514
20   |0.001200  |0.350000            |1.000000        |1.3512
33   |0.001186  |0.350000            |1.000000        |1.3512
17   |0.001103  |0.350000            |1.000000        |1.3511
30   |0.000598  |0.350000            |1.000000        |1.3506
23   |0.000507  |0.350000            |1.000000        |1.3505
28   |0.000121  |0.350000            |1.000000        |1.3501
21   |0.000090  |0.350000            |1.000000        |1.3501
34   |0.000086  |0.350000            |1.000000        |1.3501
26   |0.000080  |0.350000            |1.000000        |1.3501
29   |0.000078  |0.350000            |1.000000        |1.3501
14   |0.000000  |0.350000            |1.000000        |1.3500
16   |0.030111  |0.266667            |1.000000        |1.2968
18   |0.001091  |0.266667            |1.000000        |1.2678
25   |0.000084  |0.266667            |1.000000        |1.2668
12   |0.000013  |0.266667            |1.000000        |1.2667

Team Events (sorted, for dev use, diff check with others to ensure truly different schedules created):
------------------------------------------------------------
0, 107, 138, 205, 244, 306
1, 96, 134, 194, 248, 317
2, 81, 153, 184, 222, 289
3, 90, 162, 190, 229, 250
4, 101, 146, 185, 218, 266
5, 99, 149, 180, 235, 292
6, 108, 151, 168, 208, 303
7, 87, 144, 172, 246, 287
8, 82, 157, 177, 225, 269
9, 111, 154, 200, 231, 288
10, 125, 160, 204, 264, 320
11, 105, 127, 221, 238, 265
12, 128, 163, 201, 243, 315
13, 121, 133, 169, 258, 281
14, 116, 145, 216, 240, 321
15, 119, 156, 181, 212, 282
16, 117, 126, 173, 195, 259
17, 98, 135, 176, 199, 291
18, 136, 164, 175, 260, 324
19, 70, 148, 206, 290, 314
20, 71, 130, 179, 202, 274
21, 61, 152, 215, 278, 325
22, 79, 165, 223, 247, 304
23, 68, 155, 191, 275, 323
24, 54, 131, 227, 261, 279
25, 75, 132, 252, 272, 316
27, 69, 91, 171, 211, 271
28, 78, 104, 198, 245, 277
29, 83, 161, 263, 283, 311
30, 56, 110, 186, 210, 286
31, 59, 93, 257, 285, 313
32, 64, 88, 167, 233, 280
33, 77, 106, 234, 273, 298
34, 74, 100, 220, 230, 302
35, 63, 97, 207, 239, 294
36, 60, 103, 192, 228, 300
37, 80, 112, 197, 256, 295
38, 62, 115, 166, 217, 305
39, 72, 122, 182, 262, 309
40, 84, 114, 187, 232, 276
41, 86, 118, 219, 254, 308
42, 55, 120, 183, 255, 318
43, 67, 123, 224, 267, 310
44, 57, 89, 193, 253, 322
45, 92, 139, 203, 241, 297
46, 66, 143, 178, 242, 307
47, 102, 142, 196, 270, 312
48, 109, 147, 213, 249, 301
49, 85, 124, 188, 251, 299
50, 58, 113, 189, 226, 293
51, 65, 150, 174, 214, 268
52, 76, 137, 170, 236, 296
53, 73, 129, 209, 284, 319
