FLL Scheduler GA Summary Report (ID: 2528920988000 | Hash: -2641541406029455992)

Attributes:
--------------------
rank: 0
origin: (C | RoundTypeCrossover)
mutations: 0
clones: 0
_hash: -2641541406029455992
Length: 318

Fitness:
--------------------------
BreakTime           : 0.21300192795633516
LocationConsistency : 0.0259779045644047
OpponentVariety     : 0.08754111684107535
-----------------------------------
Total               : 0.3265209493618152
Percentage          : 10.88%

Per-Objective Statistics (Team Distribution):
-----------------------------------------------------------------
Objective                 | Min      | Max      | Avg      | Range   
-----------------------------------------------------------------
BreakTime                 | 0.000000 | 0.779998 | 0.330528 | 0.779998
LocationConsistency       | 0.041667 | 0.525000 | 0.310063 | 0.483333
OpponentVariety           | 0.752717 | 1.000000 | 0.995334 | 0.247283

Team fitnesses (sorted by total fitness descending):
----------------------------------------------------
Max     : 2.116452
Min     : 1.266750
Range   : 0.849702
Average : 1.635925

Team |BreakTime |LocationConsistency |OpponentVariety |Sum
------------------------------------------------------------
46   |0.766452  |0.350000            |1.000000        |2.1165
49   |0.748122  |0.350000            |1.000000        |2.0981
53   |0.720126  |0.366667            |1.000000        |2.0868
47   |0.711917  |0.366667            |1.000000        |2.0786
41   |0.534364  |0.525000            |1.000000        |2.0594
45   |0.700212  |0.350000            |1.000000        |2.0502
42   |0.678231  |0.350000            |1.000000        |2.0282
44   |0.652402  |0.366667            |1.000000        |2.0191
51   |0.654981  |0.350000            |1.000000        |2.0050
50   |0.738036  |0.266667            |1.000000        |2.0047
48   |0.648917  |0.350000            |1.000000        |1.9989
37   |0.605800  |0.366667            |1.000000        |1.9725
38   |0.696595  |0.266667            |1.000000        |1.9633
8    |0.607886  |0.350000            |1.000000        |1.9579
3    |0.587231  |0.366667            |1.000000        |1.9539
6    |0.599043  |0.350000            |1.000000        |1.9490
11   |0.581223  |0.350000            |1.000000        |1.9312
9    |0.577928  |0.350000            |1.000000        |1.9279
13   |0.566788  |0.350000            |1.000000        |1.9168
43   |0.641010  |0.266667            |1.000000        |1.9077
5    |0.592303  |0.266667            |1.000000        |1.8590
40   |0.588228  |0.266667            |1.000000        |1.8549
2    |0.566739  |0.266667            |1.000000        |1.8334
22   |0.524808  |0.266667            |1.000000        |1.7915
7    |0.640815  |0.050000            |1.000000        |1.6908
52   |0.779998  |0.050000            |0.752717        |1.5827
1    |0.538681  |0.041667            |1.000000        |1.5803
32   |0.029525  |0.366667            |1.000000        |1.3962
21   |0.032248  |0.350000            |1.000000        |1.3822
10   |0.030425  |0.350000            |1.000000        |1.3804
4    |0.001722  |0.366667            |1.000000        |1.3684
18   |0.018006  |0.350000            |1.000000        |1.3680
15   |0.015757  |0.350000            |1.000000        |1.3658
19   |0.002619  |0.350000            |1.000000        |1.3526
31   |0.001403  |0.350000            |1.000000        |1.3514
20   |0.001200  |0.350000            |1.000000        |1.3512
33   |0.001186  |0.350000            |1.000000        |1.3512
28   |0.000121  |0.350000            |1.000000        |1.3501
25   |0.000104  |0.350000            |1.000000        |1.3501
24   |0.000090  |0.350000            |1.000000        |1.3501
29   |0.000078  |0.350000            |1.000000        |1.3501
27   |0.000000  |0.350000            |1.000000        |1.3500
36   |0.034023  |0.266667            |1.000000        |1.3007
39   |0.033463  |0.266667            |1.000000        |1.3001
16   |0.030111  |0.266667            |1.000000        |1.2968
35   |0.028961  |0.266667            |1.000000        |1.2956
30   |0.006091  |0.266667            |1.000000        |1.2728
17   |0.001091  |0.266667            |1.000000        |1.2678
23   |0.000507  |0.266667            |1.000000        |1.2672
12   |0.000151  |0.266667            |1.000000        |1.2668
14   |0.000099  |0.266667            |1.000000        |1.2668
34   |0.000085  |0.266667            |1.000000        |1.2668
26   |0.000084  |0.266667            |1.000000        |1.2668

Team Events (sorted, for dev use, diff check with others to ensure truly different schedules created):
------------------------------------------------------------
0, 107, 138, 205, 244, 305
1, 96, 134, 194, 248, 317
2, 81, 153, 184, 222, 289
3, 90, 162, 190, 228, 250
4, 101, 146, 185, 266, 302
5, 99, 149, 180, 235, 292
6, 108, 151, 168, 208, 294
7, 87, 144, 172, 247, 287
8, 82, 157, 177, 225, 269
9, 111, 154, 200, 231, 288
10, 125, 160, 204, 264, 320
11, 105, 159, 221, 238, 265
12, 128, 163, 201, 243, 315
13, 121, 141, 258, 281, 311
14, 116, 145, 216, 240, 321
15, 119, 156, 181, 212, 282
16, 98, 135, 176, 199, 291
17, 117, 158, 173, 195, 259
18, 136, 164, 175, 260, 324
19, 70, 148, 206, 290, 314
20, 68, 155, 191, 275, 323
21, 61, 152, 215, 278, 325
22, 79, 165, 223, 246, 307
24, 71, 130, 179, 202, 274
25, 75, 140, 252, 272, 316
26, 54, 131, 227, 261, 279
27, 63, 97, 207, 219, 239
28, 78, 104, 198, 245, 277
29, 83, 161, 262, 283, 310
30, 56, 110, 186, 237, 286
31, 59, 93, 257, 285, 313
32, 64, 88, 167, 233, 280
33, 77, 106, 234, 273, 298
34, 74, 100, 218, 230, 295
35, 69, 91, 171, 236, 271
36, 60, 103, 192, 229, 300
37, 80, 112, 197, 256, 303
38, 62, 115, 166, 217, 306
39, 72, 94, 182, 263, 309
40, 84, 114, 187, 232, 276
41, 86, 118, 220, 254, 308
42, 55, 120, 183, 255, 318
43, 67, 95, 169, 224, 267
44, 57, 89, 193, 253, 322
45, 92, 139, 203, 241, 297
46, 66, 143, 178, 242, 304
47, 102, 142, 196, 270, 312
48, 109, 147, 213, 249, 301
49, 85, 124, 189, 251, 299
50, 58, 113, 188, 226, 293
51, 65, 150, 174, 214, 268
52, 76, 137, 170, 210, 296
53, 73, 129, 209, 284, 319
