FLL Scheduler GA Summary Report (ID: 2528927220112 | Hash: 1654305750522232304)

Attributes:
--------------------
rank: 0
origin: (C | Uniform)
mutations: 0
clones: 0
_hash: 1654305750522232304
Length: 318

Fitness:
--------------------------
BreakTime           : 0.20610498102799987
LocationConsistency : 0.04010699802517366
OpponentVariety     : 0.08754111684107535
-----------------------------------
Total               : 0.3337530958942489
Percentage          : 11.13%

Per-Objective Statistics (Team Distribution):
-----------------------------------------------------------------
Objective                 | Min      | Max      | Avg      | Range   
-----------------------------------------------------------------
BreakTime                 | 0.000078 | 0.857480 | 0.320342 | 0.857402
LocationConsistency       | 0.266667 | 0.366667 | 0.335220 | 0.100000
OpponentVariety           | 0.752717 | 1.000000 | 0.995334 | 0.247283

Team fitnesses (sorted by total fitness descending):
----------------------------------------------------
Max     : 2.187627
Min     : 1.266750
Range   : 0.920877
Average : 1.650896

Team |BreakTime |LocationConsistency |OpponentVariety |Sum
------------------------------------------------------------
49   |0.837627  |0.350000            |1.000000        |2.1876
46   |0.766452  |0.350000            |1.000000        |2.1165
50   |0.738036  |0.350000            |1.000000        |2.0880
53   |0.720126  |0.366667            |1.000000        |2.0868
47   |0.711917  |0.366667            |1.000000        |2.0786
45   |0.700212  |0.350000            |1.000000        |2.0502
38   |0.696595  |0.350000            |1.000000        |2.0466
44   |0.652402  |0.366667            |1.000000        |2.0191
51   |0.654981  |0.350000            |1.000000        |2.0050
48   |0.648917  |0.350000            |1.000000        |1.9989
7    |0.644764  |0.350000            |1.000000        |1.9948
42   |0.620875  |0.350000            |1.000000        |1.9709
37   |0.594729  |0.366667            |1.000000        |1.9614
4    |0.587231  |0.366667            |1.000000        |1.9539
6    |0.599043  |0.350000            |1.000000        |1.9490
17   |0.581223  |0.350000            |1.000000        |1.9312
9    |0.577928  |0.350000            |1.000000        |1.9279
15   |0.566788  |0.350000            |1.000000        |1.9168
39   |0.534364  |0.366667            |1.000000        |1.9010
52   |0.857480  |0.266667            |0.752717        |1.8769
2    |0.607886  |0.266667            |1.000000        |1.8746
40   |0.588228  |0.266667            |1.000000        |1.8549
8    |0.566739  |0.266667            |1.000000        |1.8334
43   |0.560481  |0.266667            |1.000000        |1.8271
1    |0.538681  |0.266667            |1.000000        |1.8053
19   |0.524808  |0.266667            |1.000000        |1.7915
32   |0.029525  |0.366667            |1.000000        |1.3962
36   |0.034023  |0.350000            |1.000000        |1.3840
41   |0.033463  |0.350000            |1.000000        |1.3835
5    |0.032282  |0.350000            |1.000000        |1.3823
22   |0.032248  |0.350000            |1.000000        |1.3822
18   |0.030425  |0.350000            |1.000000        |1.3804
35   |0.028908  |0.350000            |1.000000        |1.3789
3    |0.001722  |0.366667            |1.000000        |1.3684
11   |0.018006  |0.350000            |1.000000        |1.3680
13   |0.015757  |0.350000            |1.000000        |1.3658
27   |0.002632  |0.350000            |1.000000        |1.3526
21   |0.002619  |0.350000            |1.000000        |1.3526
31   |0.001403  |0.350000            |1.000000        |1.3514
20   |0.001200  |0.350000            |1.000000        |1.3512
14   |0.001190  |0.350000            |1.000000        |1.3512
33   |0.001186  |0.350000            |1.000000        |1.3512
30   |0.000598  |0.350000            |1.000000        |1.3506
23   |0.000507  |0.350000            |1.000000        |1.3505
28   |0.000121  |0.350000            |1.000000        |1.3501
25   |0.000104  |0.350000            |1.000000        |1.3501
24   |0.000090  |0.350000            |1.000000        |1.3501
34   |0.000086  |0.350000            |1.000000        |1.3501
29   |0.000078  |0.350000            |1.000000        |1.3501
12   |0.030111  |0.266667            |1.000000        |1.2968
10   |0.001091  |0.266667            |1.000000        |1.2678
16   |0.000151  |0.266667            |1.000000        |1.2668
26   |0.000084  |0.266667            |1.000000        |1.2668

Team Events (sorted, for dev use, diff check with others to ensure truly different schedules created):
------------------------------------------------------------
0, 107, 138, 205, 244, 306
1, 87, 144, 172, 246, 287
2, 90, 162, 191, 229, 250
3, 81, 153, 184, 222, 289
4, 101, 146, 185, 218, 266
5, 99, 149, 180, 235, 292
6, 108, 151, 168, 208, 303
7, 96, 134, 194, 248, 317
8, 82, 157, 177, 225, 269
9, 98, 135, 176, 199, 291
10, 117, 158, 173, 195, 259
11, 119, 156, 181, 212, 282
12, 116, 145, 216, 240, 321
13, 121, 141, 169, 258, 281
14, 128, 163, 201, 243, 315
15, 105, 159, 221, 238, 265
16, 125, 160, 204, 264, 320
17, 111, 154, 200, 231, 288
18, 61, 152, 215, 278, 325
19, 70, 148, 206, 290, 314
21, 136, 164, 175, 260, 324
22, 68, 155, 190, 275, 323
23, 79, 165, 223, 247, 304
24, 71, 130, 179, 202, 274
25, 75, 140, 252, 272, 316
26, 54, 131, 227, 261, 279
27, 63, 97, 207, 239, 294
28, 78, 104, 198, 245, 277
29, 83, 161, 263, 283, 311
30, 56, 110, 186, 210, 286
31, 59, 93, 257, 285, 313
32, 64, 88, 167, 233, 280
33, 77, 106, 234, 273, 298
34, 74, 100, 220, 230, 302
35, 69, 91, 171, 211, 271
36, 60, 103, 192, 228, 300
37, 80, 112, 196, 256, 295
38, 62, 115, 166, 217, 305
39, 86, 118, 219, 254, 308
40, 84, 114, 187, 232, 276
41, 72, 94, 182, 262, 309
42, 85, 124, 188, 251, 299
43, 67, 95, 224, 267, 310
44, 57, 89, 193, 253, 322
45, 92, 139, 203, 241, 297
46, 66, 143, 178, 242, 307
47, 102, 142, 197, 270, 312
48, 109, 147, 213, 249, 301
49, 55, 120, 183, 255, 318
50, 58, 113, 189, 226, 293
51, 65, 150, 174, 214, 268
52, 76, 137, 170, 236, 296
53, 73, 129, 209, 284, 319
