FLL Scheduler GA Summary Report (ID: 2528920990576 | Hash: 4135317925332214506)

Attributes:
--------------------
rank: 0
origin: (C | KPoint(k=1))
mutations: 1
clones: 1
_hash: 4135317925332214506
Length: 318

Fitness:
--------------------------
BreakTime           : 0.20717228989093056
LocationConsistency : 0.029501521262462468
OpponentVariety     : 0.08754111684107535
-----------------------------------
Total               : 0.3242149279944684
Percentage          : 10.81%

Per-Objective Statistics (Team Distribution):
-----------------------------------------------------------------
Objective                 | Min      | Max      | Avg      | Range   
-----------------------------------------------------------------
BreakTime                 | 0.000000 | 0.797267 | 0.319379 | 0.797266
LocationConsistency       | 0.075000 | 0.366667 | 0.320597 | 0.291667
OpponentVariety           | 0.752717 | 1.000000 | 0.995334 | 0.247283

Team fitnesses (sorted by total fitness descending):
----------------------------------------------------
Max     : 2.147267
Min     : 1.102796
Range   : 1.044471
Average : 1.635311

Team |BreakTime |LocationConsistency |OpponentVariety |Sum
------------------------------------------------------------
51   |0.797267  |0.350000            |1.000000        |2.1473
49   |0.782308  |0.350000            |1.000000        |2.1323
47   |0.766452  |0.350000            |1.000000        |2.1165
45   |0.738036  |0.350000            |1.000000        |2.0880
53   |0.700212  |0.350000            |1.000000        |2.0502
36   |0.678231  |0.350000            |1.000000        |2.0282
37   |0.652402  |0.366667            |1.000000        |2.0191
48   |0.654981  |0.350000            |1.000000        |2.0050
50   |0.648917  |0.350000            |1.000000        |1.9989
7    |0.644764  |0.350000            |1.000000        |1.9948
52   |0.698440  |0.266667            |1.000000        |1.9651
42   |0.594729  |0.366667            |1.000000        |1.9614
8    |0.607886  |0.350000            |1.000000        |1.9579
3    |0.587231  |0.366667            |1.000000        |1.9539
9    |0.582005  |0.366667            |1.000000        |1.9487
17   |0.581223  |0.350000            |1.000000        |1.9312
4    |0.577928  |0.350000            |1.000000        |1.9279
13   |0.566788  |0.350000            |1.000000        |1.9168
41   |0.641010  |0.266667            |1.000000        |1.9077
44   |0.534364  |0.366667            |1.000000        |1.9010
38   |0.620875  |0.266667            |1.000000        |1.8875
46   |0.779998  |0.075000            |1.000000        |1.8550
40   |0.588228  |0.266667            |1.000000        |1.8549
2    |0.566739  |0.266667            |1.000000        |1.8334
1    |0.538681  |0.266667            |1.000000        |1.8053
19   |0.524808  |0.266667            |1.000000        |1.7915
27   |0.029525  |0.366667            |1.000000        |1.3962
5    |0.032282  |0.350000            |1.000000        |1.3823
18   |0.030425  |0.350000            |1.000000        |1.3804
6    |0.001722  |0.366667            |1.000000        |1.3684
12   |0.018006  |0.350000            |1.000000        |1.3680
22   |0.000903  |0.366667            |1.000000        |1.3676
15   |0.015757  |0.350000            |1.000000        |1.3658
34   |0.002632  |0.350000            |1.000000        |1.3526
21   |0.002619  |0.350000            |1.000000        |1.3526
35   |0.001403  |0.350000            |1.000000        |1.3514
25   |0.001200  |0.350000            |1.000000        |1.3512
29   |0.001186  |0.350000            |1.000000        |1.3512
33   |0.000121  |0.350000            |1.000000        |1.3501
26   |0.000090  |0.350000            |1.000000        |1.3501
28   |0.000086  |0.350000            |1.000000        |1.3501
20   |0.000080  |0.350000            |1.000000        |1.3501
39   |0.034023  |0.266667            |1.000000        |1.3007
43   |0.033463  |0.266667            |1.000000        |1.3001
11   |0.030111  |0.266667            |1.000000        |1.2968
31   |0.028961  |0.266667            |1.000000        |1.2956
32   |0.006091  |0.266667            |1.000000        |1.2728
16   |0.001091  |0.266667            |1.000000        |1.2678
23   |0.000507  |0.266667            |1.000000        |1.2672
10   |0.000151  |0.266667            |1.000000        |1.2668
24   |0.000084  |0.266667            |1.000000        |1.2668
14   |0.000000  |0.266667            |1.000000        |1.2667
30   |0.000078  |0.350000            |0.752717        |1.1028

Team Events (sorted, for dev use, diff check with others to ensure truly different schedules created):
------------------------------------------------------------
0, 107, 138, 205, 244, 306
1, 96, 134, 194, 248, 317
2, 81, 153, 184, 222, 289
3, 82, 157, 177, 225, 269
4, 101, 146, 185, 218, 266
5, 90, 162, 190, 228, 250
6, 108, 151, 168, 208, 303
7, 87, 144, 172, 247, 287
8, 102, 142, 196, 270, 312
9, 105, 159, 221, 238, 265
10, 119, 156, 181, 212, 282
11, 117, 158, 173, 195, 259
12, 128, 163, 201, 243, 315
13, 121, 133, 211, 258, 281
14, 116, 145, 216, 240, 321
15, 98, 135, 176, 199, 291
16, 125, 160, 204, 264, 320
17, 111, 154, 200, 231, 288
18, 61, 152, 215, 278, 325
19, 75, 132, 252, 272, 316
20, 136, 164, 175, 260, 324
21, 73, 129, 209, 284, 319
22, 79, 165, 223, 246, 304
23, 54, 131, 227, 261, 279
24, 70, 148, 206, 290, 314
26, 71, 130, 178, 202, 275
27, 64, 88, 167, 233, 280
28, 74, 100, 220, 230, 302
29, 77, 106, 234, 273, 297
30, 83, 161, 262, 283, 310
31, 69, 91, 171, 236, 271
32, 56, 110, 186, 237, 286
33, 78, 104, 198, 245, 277
34, 63, 97, 207, 239, 294
35, 59, 93, 257, 285, 313
36, 55, 120, 183, 255, 318
37, 57, 89, 193, 253, 322
38, 85, 124, 188, 251, 296
39, 60, 103, 192, 229, 300
40, 84, 114, 187, 232, 276
41, 67, 95, 169, 224, 267
42, 80, 112, 197, 256, 295
43, 72, 94, 182, 263, 309
44, 86, 118, 219, 254, 308
45, 58, 113, 189, 226, 293
46, 76, 137, 170, 210, 298
47, 66, 143, 179, 242, 307
48, 65, 150, 174, 214, 268
49, 62, 115, 166, 217, 305
50, 109, 147, 213, 249, 301
51, 99, 149, 180, 235, 292
52, 68, 155, 191, 274, 323
53, 92, 139, 203, 241, 299
