FLL Scheduler GA Summary Report (ID: 2528927219776 | Hash: -7751625030359484579)

Attributes:
--------------------
rank: 0
origin: (C | Scattered)
mutations: 0
clones: 0
_hash: -7751625030359484579
Length: 318

Fitness:
--------------------------
BreakTime           : 0.2009190962021334
LocationConsistency : 0.04011603389172964
OpponentVariety     : 0.08754111684107535
-----------------------------------
Total               : 0.32857624693493837
Percentage          : 10.95%

Per-Objective Statistics (Team Distribution):
-----------------------------------------------------------------
Objective                 | Min      | Max      | Avg      | Range   
-----------------------------------------------------------------
BreakTime                 | 0.000078 | 0.857480 | 0.309318 | 0.857402
LocationConsistency       | 0.266667 | 0.366667 | 0.335535 | 0.100000
OpponentVariety           | 0.752717 | 1.000000 | 0.995334 | 0.247283

Team fitnesses (sorted by total fitness descending):
----------------------------------------------------
Max     : 2.186908
Min     : 1.266750
Range   : 0.920157
Average : 1.640187

Team |BreakTime |LocationConsistency |OpponentVariety |Sum
------------------------------------------------------------
51   |0.820241  |0.366667            |1.000000        |2.1869
47   |0.766452  |0.350000            |1.000000        |2.1165
48   |0.738036  |0.350000            |1.000000        |2.0880
45   |0.720126  |0.366667            |1.000000        |2.0868
49   |0.711917  |0.366667            |1.000000        |2.0786
53   |0.700212  |0.350000            |1.000000        |2.0502
38   |0.678231  |0.350000            |1.000000        |2.0282
44   |0.652402  |0.366667            |1.000000        |2.0191
52   |0.654981  |0.350000            |1.000000        |2.0050
50   |0.648917  |0.350000            |1.000000        |1.9989
7    |0.644764  |0.350000            |1.000000        |1.9948
42   |0.620875  |0.350000            |1.000000        |1.9709
39   |0.594729  |0.366667            |1.000000        |1.9614
4    |0.587231  |0.366667            |1.000000        |1.9539
6    |0.599043  |0.350000            |1.000000        |1.9490
17   |0.581223  |0.350000            |1.000000        |1.9312
9    |0.577928  |0.350000            |1.000000        |1.9279
15   |0.566788  |0.350000            |1.000000        |1.9168
41   |0.534364  |0.366667            |1.000000        |1.9010
46   |0.857480  |0.266667            |0.752717        |1.8769
2    |0.607886  |0.266667            |1.000000        |1.8746
8    |0.566739  |0.266667            |1.000000        |1.8334
43   |0.560481  |0.266667            |1.000000        |1.8271
1    |0.538681  |0.266667            |1.000000        |1.8053
26   |0.524808  |0.266667            |1.000000        |1.7915
35   |0.029525  |0.366667            |1.000000        |1.3962
36   |0.034023  |0.350000            |1.000000        |1.3840
37   |0.033463  |0.350000            |1.000000        |1.3835
5    |0.032282  |0.350000            |1.000000        |1.3823
19   |0.032248  |0.350000            |1.000000        |1.3822
18   |0.030425  |0.350000            |1.000000        |1.3804
32   |0.028908  |0.350000            |1.000000        |1.3789
3    |0.001722  |0.366667            |1.000000        |1.3684
12   |0.018006  |0.350000            |1.000000        |1.3680
13   |0.015757  |0.350000            |1.000000        |1.3658
27   |0.002632  |0.350000            |1.000000        |1.3526
23   |0.002619  |0.350000            |1.000000        |1.3526
31   |0.001403  |0.350000            |1.000000        |1.3514
22   |0.001200  |0.350000            |1.000000        |1.3512
14   |0.001190  |0.350000            |1.000000        |1.3512
28   |0.001186  |0.350000            |1.000000        |1.3512
30   |0.000598  |0.350000            |1.000000        |1.3506
21   |0.000507  |0.350000            |1.000000        |1.3505
33   |0.000121  |0.350000            |1.000000        |1.3501
25   |0.000104  |0.350000            |1.000000        |1.3501
24   |0.000090  |0.350000            |1.000000        |1.3501
34   |0.000086  |0.350000            |1.000000        |1.3501
29   |0.000078  |0.350000            |1.000000        |1.3501
40   |0.039713  |0.266667            |1.000000        |1.3064
11   |0.030111  |0.266667            |1.000000        |1.2968
16   |0.001091  |0.266667            |1.000000        |1.2678
10   |0.000151  |0.266667            |1.000000        |1.2668
20   |0.000084  |0.266667            |1.000000        |1.2668

Team Events (sorted, for dev use, diff check with others to ensure truly different schedules created):
------------------------------------------------------------
0, 107, 138, 205, 244, 306
1, 87, 144, 172, 246, 287
2, 90, 162, 190, 229, 250
3, 81, 153, 184, 222, 289
4, 101, 146, 185, 218, 266
5, 99, 149, 180, 235, 292
6, 108, 151, 168, 208, 303
7, 96, 134, 194, 248, 317
8, 82, 157, 177, 225, 269
9, 105, 159, 221, 238, 265
10, 119, 156, 181, 212, 282
11, 117, 158, 173, 195, 259
12, 116, 145, 217, 240, 321
13, 121, 141, 169, 258, 281
14, 128, 163, 201, 243, 315
15, 98, 135, 176, 199, 291
16, 125, 160, 204, 264, 320
17, 111, 154, 200, 231, 288
18, 68, 155, 191, 275, 323
19, 54, 131, 227, 261, 279
20, 79, 165, 223, 247, 304
21, 70, 148, 206, 290, 314
22, 136, 164, 175, 260, 324
23, 71, 130, 179, 202, 274
24, 75, 140, 252, 272, 316
25, 61, 152, 215, 278, 325
27, 63, 97, 207, 239, 294
28, 77, 106, 234, 273, 298
29, 83, 161, 263, 283, 311
30, 56, 110, 186, 210, 286
31, 59, 93, 257, 285, 313
32, 69, 91, 171, 211, 271
33, 78, 104, 198, 245, 277
34, 74, 100, 220, 230, 302
35, 64, 88, 167, 233, 280
36, 60, 103, 192, 228, 300
37, 72, 94, 182, 262, 309
38, 55, 120, 183, 255, 318
39, 80, 112, 197, 256, 295
40, 84, 127, 187, 232, 276
41, 86, 118, 219, 254, 308
42, 85, 124, 188, 251, 299
43, 67, 95, 224, 267, 310
44, 57, 89, 193, 253, 322
45, 73, 129, 209, 284, 319
46, 76, 137, 170, 236, 296
47, 66, 143, 178, 242, 307
48, 58, 113, 189, 226, 293
49, 102, 142, 196, 270, 312
50, 109, 147, 213, 249, 301
51, 62, 126, 166, 216, 305
52, 65, 150, 174, 214, 268
53, 92, 139, 203, 241, 297
