FLL Scheduler GA Summary Report (ID: 2528920988784 | Hash: -3399280148376111957)

Attributes:
--------------------
rank: 0
origin: (C | KPoint(k=3))
mutations: 0
clones: 0
_hash: -3399280148376111957
Length: 318

Fitness:
--------------------------
BreakTime           : 0.21790436288587695
LocationConsistency : 0.025696918242638634
OpponentVariety     : 0.08754111684107535
-----------------------------------
Total               : 0.33114239796959094
Percentage          : 11.04%

Per-Objective Statistics (Team Distribution):
-----------------------------------------------------------------
Objective                 | Min      | Max      | Avg      | Range   
-----------------------------------------------------------------
BreakTime                 | 0.000000 | 0.779998 | 0.340910 | 0.779998
LocationConsistency       | 0.041667 | 0.525000 | 0.307704 | 0.483333
OpponentVariety           | 0.752717 | 1.000000 | 0.995334 | 0.247283

Team fitnesses (sorted by total fitness descending):
----------------------------------------------------
Max     : 2.116452
Min     : 1.266667
Range   : 0.849786
Average : 1.643949

Team |BreakTime |LocationConsistency |OpponentVariety |Sum
------------------------------------------------------------
46   |0.766452  |0.350000            |1.000000        |2.1165
49   |0.748122  |0.350000            |1.000000        |2.0981
47   |0.711917  |0.366667            |1.000000        |2.0786
41   |0.534364  |0.525000            |1.000000        |2.0594
45   |0.700212  |0.350000            |1.000000        |2.0502
53   |0.698440  |0.350000            |1.000000        |2.0484
42   |0.678231  |0.350000            |1.000000        |2.0282
44   |0.652402  |0.366667            |1.000000        |2.0191
43   |0.645192  |0.366667            |1.000000        |2.0119
51   |0.654981  |0.350000            |1.000000        |2.0050
50   |0.738036  |0.266667            |1.000000        |2.0047
48   |0.648917  |0.350000            |1.000000        |1.9989
37   |0.605800  |0.366667            |1.000000        |1.9725
38   |0.696595  |0.266667            |1.000000        |1.9633
8    |0.607886  |0.350000            |1.000000        |1.9579
3    |0.587231  |0.366667            |1.000000        |1.9539
9    |0.599043  |0.350000            |1.000000        |1.9490
17   |0.581223  |0.350000            |1.000000        |1.9312
4    |0.577928  |0.350000            |1.000000        |1.9279
13   |0.566788  |0.350000            |1.000000        |1.9168
5    |0.592303  |0.266667            |1.000000        |1.8590
40   |0.588228  |0.266667            |1.000000        |1.8549
2    |0.566739  |0.266667            |1.000000        |1.8334
19   |0.524808  |0.266667            |1.000000        |1.7915
7    |0.640815  |0.050000            |1.000000        |1.6908
39   |0.632714  |0.041667            |1.000000        |1.6744
52   |0.779998  |0.050000            |0.752717        |1.5827
1    |0.538681  |0.041667            |1.000000        |1.5803
33   |0.029525  |0.366667            |1.000000        |1.3962
15   |0.030425  |0.350000            |1.000000        |1.3804
6    |0.001722  |0.366667            |1.000000        |1.3684
12   |0.018006  |0.350000            |1.000000        |1.3680
22   |0.000903  |0.366667            |1.000000        |1.3676
18   |0.015757  |0.350000            |1.000000        |1.3658
21   |0.002619  |0.350000            |1.000000        |1.3526
32   |0.001403  |0.350000            |1.000000        |1.3514
25   |0.001200  |0.350000            |1.000000        |1.3512
31   |0.001186  |0.350000            |1.000000        |1.3512
28   |0.000121  |0.350000            |1.000000        |1.3501
27   |0.000090  |0.350000            |1.000000        |1.3501
20   |0.000080  |0.350000            |1.000000        |1.3501
26   |0.000046  |0.350000            |1.000000        |1.3500
34   |0.000000  |0.350000            |1.000000        |1.3500
36   |0.034023  |0.266667            |1.000000        |1.3007
11   |0.030111  |0.266667            |1.000000        |1.2968
30   |0.028961  |0.266667            |1.000000        |1.2956
35   |0.006091  |0.266667            |1.000000        |1.2728
16   |0.001091  |0.266667            |1.000000        |1.2678
23   |0.000507  |0.266667            |1.000000        |1.2672
10   |0.000151  |0.266667            |1.000000        |1.2668
29   |0.000085  |0.266667            |1.000000        |1.2668
24   |0.000084  |0.266667            |1.000000        |1.2668
14   |0.000000  |0.266667            |1.000000        |1.2667

Team Events (sorted, for dev use, diff check with others to ensure truly different schedules created):
------------------------------------------------------------
0, 107, 138, 205, 244, 305
1, 96, 134, 194, 248, 317
2, 81, 153, 184, 222, 289
3, 82, 157, 177, 225, 269
4, 101, 146, 185, 266, 302
5, 90, 162, 190, 228, 250
6, 108, 151, 168, 208, 294
7, 87, 144, 172, 247, 287
8, 99, 149, 180, 235, 292
9, 105, 159, 221, 238, 265
10, 119, 156, 181, 212, 282
11, 117, 158, 173, 195, 259
12, 128, 163, 201, 243, 315
13, 121, 133, 258, 281, 311
14, 111, 154, 200, 231, 288
15, 98, 135, 176, 199, 291
16, 125, 160, 204, 264, 320
17, 116, 145, 216, 240, 321
18, 61, 152, 215, 278, 325
19, 75, 132, 252, 272, 316
20, 136, 164, 175, 260, 324
21, 73, 129, 209, 284, 319
22, 79, 165, 223, 246, 307
23, 54, 131, 227, 261, 279
24, 70, 148, 206, 290, 314
25, 83, 161, 262, 283, 310
26, 71, 130, 179, 202, 274
27, 78, 104, 198, 245, 277
28, 74, 100, 218, 230, 295
29, 69, 91, 171, 236, 271
30, 77, 106, 234, 273, 298
31, 59, 93, 257, 285, 313
32, 64, 88, 167, 233, 280
33, 63, 97, 207, 219, 239
34, 56, 110, 186, 237, 286
36, 60, 103, 192, 229, 300
37, 80, 112, 197, 256, 303
38, 62, 115, 166, 217, 306
39, 72, 122, 182, 263, 309
40, 84, 114, 187, 232, 276
41, 86, 118, 220, 254, 308
42, 55, 120, 183, 255, 318
43, 67, 123, 169, 224, 267
44, 57, 89, 193, 253, 322
45, 92, 139, 203, 241, 297
46, 66, 143, 178, 242, 304
47, 102, 142, 196, 270, 312
48, 109, 147, 213, 249, 301
49, 85, 124, 189, 251, 299
50, 58, 113, 188, 226, 293
51, 65, 150, 174, 214, 268
52, 76, 137, 170, 210, 296
53, 68, 155, 191, 275, 323
