FLL Scheduler GA Summary Report (ID: 1736817837664 | Hash: 6220586345717439654)

Attributes:
--------------------
rank: 0
origin: (C | LocationCrossover)
mutations: 0
clones: 0
_hash: 6220586345717439654
Length: 318

Fitness:
--------------------------
BreakTime           : 0.768242
LocationConsistency : 0.522882
OpponentVariety     : 0.879567
-----------------------------------
Total               : 2.170691
Percentage          : 72.36%

Per-Objective Statistics (Team Distribution):
-----------------------------------------------------------------
Objective                 | Min      | Max      | Avg      | Range   
-----------------------------------------------------------------
BreakTime                 | 0.4758   | 0.6722   | 0.5955   | 0.1964  
LocationConsistency       | 0.0750   | 0.6417   | 0.3258   | 0.5667  
OpponentVariety           | 0.7527   | 1.0000   | 0.9953   | 0.2473  

Team fitnesses (sorted by total fitness descending):
----------------------------------------------------
Max     : 2.155246
Min     : 1.661134
Range   : 0.494112
Average : 1.916620

Team |BreakTime |LocationConsistency |OpponentVariety |Sum
------------------------------------------------------------
33   |0.5136    |0.6417              |1.0000          |2.1552
40   |0.6722    |0.3500              |1.0000          |2.0222
41   |0.6717    |0.3500              |1.0000          |2.0217
38   |0.6505    |0.3500              |1.0000          |2.0005
44   |0.6221    |0.3667              |1.0000          |1.9887
43   |0.6201    |0.3667              |1.0000          |1.9868
10   |0.6338    |0.3500              |1.0000          |1.9838
48   |0.6330    |0.3500              |1.0000          |1.9830
49   |0.6310    |0.3500              |1.0000          |1.9810
52   |0.6208    |0.3500              |1.0000          |1.9708
8    |0.6198    |0.3500              |1.0000          |1.9698
51   |0.6190    |0.3500              |1.0000          |1.9690
27   |0.5927    |0.3667              |1.0000          |1.9593
13   |0.6079    |0.3500              |1.0000          |1.9579
25   |0.6053    |0.3500              |1.0000          |1.9553
22   |0.6051    |0.3500              |1.0000          |1.9551
31   |0.6037    |0.3500              |1.0000          |1.9537
2    |0.6024    |0.3500              |1.0000          |1.9524
34   |0.5851    |0.3667              |1.0000          |1.9518
29   |0.5933    |0.3500              |1.0000          |1.9433
42   |0.5923    |0.3500              |1.0000          |1.9423
37   |0.5731    |0.3667              |1.0000          |1.9398
11   |0.5712    |0.3667              |1.0000          |1.9379
47   |0.5875    |0.3500              |1.0000          |1.9375
45   |0.5859    |0.3500              |1.0000          |1.9359
20   |0.5855    |0.3500              |1.0000          |1.9355
5    |0.5847    |0.3500              |1.0000          |1.9347
46   |0.6632    |0.2667              |1.0000          |1.9299
15   |0.5755    |0.3500              |1.0000          |1.9255
6    |0.5733    |0.3500              |1.0000          |1.9233
3    |0.5721    |0.3500              |1.0000          |1.9221
14   |0.5697    |0.3500              |1.0000          |1.9197
24   |0.5683    |0.3500              |1.0000          |1.9183
26   |0.5502    |0.3667              |1.0000          |1.9169
23   |0.5629    |0.3500              |1.0000          |1.9129
17   |0.5622    |0.3500              |1.0000          |1.9122
36   |0.6299    |0.2667              |1.0000          |1.8966
53   |0.6201    |0.2667              |1.0000          |1.8868
12   |0.6186    |0.2667              |1.0000          |1.8852
1    |0.6123    |0.2667              |1.0000          |1.8789
4    |0.6078    |0.2667              |1.0000          |1.8745
9    |0.6021    |0.2667              |1.0000          |1.8687
7    |0.6012    |0.2667              |1.0000          |1.8679
16   |0.5967    |0.2667              |1.0000          |1.8634
28   |0.5069    |0.3500              |1.0000          |1.8569
19   |0.5844    |0.2667              |1.0000          |1.8511
35   |0.5692    |0.2667              |1.0000          |1.8359
30   |0.5565    |0.2667              |1.0000          |1.8231
32   |0.5523    |0.2667              |1.0000          |1.8190
21   |0.4758    |0.2667              |1.0000          |1.7424
39   |0.6413    |0.1000              |1.0000          |1.7413
50   |0.6475    |0.0750              |1.0000          |1.7225
18   |0.5584    |0.3500              |0.7527          |1.6611

Team Events (sorted, for dev use, diff check with others to ensure truly different schedules created):
------------------------------------------------------------
0, 105, 162, 184, 228, 250
1, 117, 158, 195, 237, 259
2, 115, 138, 205, 245, 307
3, 96, 134, 194, 248, 317
4, 107, 126, 180, 235, 292
5, 101, 146, 190, 214, 266
6, 98, 135, 176, 199, 291
7, 82, 157, 177, 225, 269
8, 81, 152, 191, 222, 281
9, 122, 151, 171, 207, 303
10, 102, 142, 196, 270, 312
11, 113, 159, 173, 238, 265
12, 130, 163, 201, 243, 315
13, 125, 144, 204, 264, 320
14, 116, 161, 216, 240, 321
15, 119, 156, 181, 212, 282
16, 121, 149, 170, 209, 258
17, 111, 154, 200, 231, 288
19, 70, 160, 189, 206, 314
20, 66, 143, 179, 242, 306
21, 58, 137, 226, 263, 293
22, 141, 164, 175, 260, 324
23, 61, 153, 221, 278, 325
24, 65, 150, 174, 220, 268
25, 68, 155, 185, 275, 323
26, 76, 140, 169, 236, 296
27, 57, 89, 193, 253, 322
28, 63, 97, 215, 239, 301
29, 74, 100, 172, 230, 302
30, 60, 103, 192, 229, 295
31, 62, 109, 166, 249, 305
32, 73, 95, 182, 217, 308
33, 67, 94, 224, 267, 310
34, 64, 88, 167, 233, 280
35, 69, 104, 168, 211, 271
36, 72, 131, 208, 284, 318
37, 86, 118, 218, 254, 309
38, 85, 124, 188, 219, 299
39, 71, 127, 178, 202, 274
40, 56, 110, 186, 210, 286
41, 55, 120, 183, 255, 290
42, 92, 139, 203, 241, 297
43, 80, 136, 197, 256, 300
44, 84, 108, 187, 232, 276
45, 59, 93, 257, 285, 313
46, 78, 112, 198, 244, 277
47, 83, 106, 251, 283, 311
48, 79, 165, 223, 247, 304
49, 77, 114, 234, 273, 298
50, 123, 147, 213, 262, 294
51, 75, 148, 252, 272, 316
52, 87, 145, 246, 287, 319
53, 54, 99, 227, 261, 279
