FLL Scheduler GA Summary Report (ID: 4425989280 | Hash: -8709412524803485687)

Attributes:
--------------------
rank: 0
origin: (C | Scattered)
mutations: 0
clones: 0
_hash: -8709412524803485687
Length: 318

Fitness:
--------------------------
BreakTime           : 0.624892
LocationConsistency : 0.679874
OpponentVariety     : 0.995334
-----------------------------------
Total               : 2.300101
Percentage          : 76.67%

Per-Objective Statistics (Team Distribution):
-----------------------------------------------------------------
Objective                 | Min      | Max      | Avg     
-----------------------------------------------------------------
BreakTime                 | 0.4518   | 0.9056   | 0.6249  
LocationConsistency       | 0.0417   | 1.0000   | 0.6799  
OpponentVariety           | 0.7527   | 1.0000   | 0.9953  

Team fitnesses (sorted by total fitness descending):
----------------------------------------------------
Max     : 2.855586
Min     : 1.631638
Range   : 1.223948
Average : 2.300101

Team |BreakTime |LocationConsistency |OpponentVariety |Sum
------------------------------------------------------------
71263|0.9056    |0.9500              |1.0000          |2.8556
74584|0.8746    |0.9500              |1.0000          |2.8246
73685|0.8527    |0.9500              |1.0000          |2.8027
65867|0.7552    |0.9500              |1.0000          |2.7052
70462|0.6564    |1.0000              |1.0000          |2.6564
74057|0.7008    |0.9500              |1.0000          |2.6508
68279|0.6922    |0.9500              |1.0000          |2.6422
67231|0.6794    |0.9500              |1.0000          |2.6294
49129|0.6628    |0.9500              |1.0000          |2.6128
66737|0.6452    |0.9500              |1.0000          |2.5952
3703 |0.6403    |0.9500              |1.0000          |2.5903
18686|0.6241    |0.9500              |1.0000          |2.5741
31853|0.6239    |0.9500              |1.0000          |2.5739
65302|0.6203    |0.9500              |1.0000          |2.5703
31855|0.6036    |0.9500              |1.0000          |2.5536
72160|0.8912    |0.6417              |1.0000          |2.5329
56419|0.5757    |0.9500              |1.0000          |2.5257
61147|0.5537    |0.9500              |1.0000          |2.5037
61859|0.5511    |0.9500              |1.0000          |2.5011
74586|0.8400    |0.6417              |1.0000          |2.4816
55396|0.5316    |0.9500              |1.0000          |2.4816
61798|0.5285    |0.9500              |1.0000          |2.4785
63372|0.5131    |0.9500              |1.0000          |2.4631
54665|0.4938    |0.9500              |1.0000          |2.4438
60950|0.4864    |0.9500              |1.0000          |2.4364
73598|0.7642    |0.6417              |1.0000          |2.4058
4893 |0.6327    |0.6417              |1.0000          |2.2744
13867|0.6113    |0.6417              |1.0000          |2.2530
13864|0.6073    |0.6417              |1.0000          |2.2490
57674|0.5781    |0.6417              |1.0000          |2.2198
63371|0.5648    |0.6417              |1.0000          |2.2065
53313|0.5487    |0.6417              |1.0000          |2.1903
40146|0.5363    |0.6417              |1.0000          |2.1780
64425|0.5225    |0.6417              |1.0000          |2.1642
58408|0.5170    |0.6417              |1.0000          |2.1587
65253|0.5168    |0.6417              |1.0000          |2.1584
55394|0.5090    |0.6417              |1.0000          |2.1507
71211|0.8573    |0.2667              |1.0000          |2.1240
51930|0.4741    |0.6417              |1.0000          |2.1158
59828|0.4518    |0.6417              |1.0000          |2.0934
67239|0.6433    |0.6417              |0.7527          |2.0377
53457|0.6762    |0.3500              |1.0000          |2.0262
67555|0.6580    |0.3500              |1.0000          |2.0080
31854|0.7174    |0.2667              |1.0000          |1.9841
54584|0.6150    |0.3500              |1.0000          |1.9650
58575|0.5687    |0.3500              |1.0000          |1.9187
26789|0.5098    |0.3500              |1.0000          |1.8598
74585|0.7558    |0.0500              |1.0000          |1.8058
58709|0.5250    |0.2667              |1.0000          |1.7917
59320|0.4970    |0.2667              |1.0000          |1.7636
64424|0.4855    |0.2667              |1.0000          |1.7522
66339|0.6919    |0.0417              |1.0000          |1.7336
59826|0.5816    |0.0500              |1.0000          |1.6316

Team Events (sorted, for dev use, diff check with others to ensure truly different schedules created):
------------------------------------------------------------
0, 116, 153, 188, 249, 289
1, 105, 159, 201, 222, 295
2, 97, 155, 211, 226, 321
3, 106, 139, 193, 251, 322
4, 102, 162, 186, 230, 258
5, 104, 148, 242, 274, 292
6, 110, 143, 167, 190, 279
7, 78, 164, 171, 246, 313
8, 88, 151, 199, 240, 288
9, 124, 150, 228, 286, 315
10, 125, 154, 170, 234, 325
11, 112, 132, 212, 248, 278
12, 119, 156, 229, 268, 319
13, 122, 158, 168, 216, 302
14, 136, 163, 194, 250, 307
15, 114, 128, 210, 280, 304
16, 117, 138, 197, 218, 270
17, 123, 152, 192, 243, 259
18, 63, 145, 177, 223, 297
19, 55, 157, 213, 271, 323
20, 62, 149, 209, 269, 294
21, 64, 165, 191, 272, 287
22, 74, 160, 215, 244, 296
23, 142, 161, 202, 260, 273
24, 66, 144, 174, 254, 305
26, 130, 147, 219, 263, 290
27, 73, 103, 207, 225, 281
28, 54, 77, 206, 285, 318
29, 76, 86, 204, 238, 308
30, 67, 93, 195, 261, 301
31, 61, 75, 189, 224, 291
32, 70, 109, 214, 262, 317
33, 59, 89, 221, 232, 265
34, 90, 108, 180, 282, 303
35, 60, 71, 182, 236, 247
36, 87, 115, 183, 227, 283
37, 69, 98, 173, 237, 314
38, 57, 107, 175, 198, 293
39, 79, 118, 166, 231, 255
40, 65, 100, 185, 220, 324
41, 58, 101, 205, 276, 298
42, 81, 111, 196, 239, 311
43, 83, 113, 169, 257, 299
44, 56, 96, 208, 256, 312
45, 92, 141, 181, 264, 310
46, 72, 133, 184, 253, 320
47, 82, 131, 179, 252, 306
48, 68, 121, 200, 241, 300
49, 85, 120, 176, 245, 309
50, 91, 137, 203, 233, 275
51, 84, 129, 172, 217, 284
52, 80, 140, 187, 235, 266
53, 99, 146, 178, 267, 316
