FLL Scheduler GA Summary Report (ID: 4465830912 | Hash: -4328121860966053499)

Attributes:
--------------------
rank: 0
origin: (C | KPoint(k=2))
mutations: 0
clones: 0
_hash: -4328121860966053499
Length: 317

Fitness:
--------------------------
BreakTime           : 0.613687
LocationConsistency : 0.578302
OpponentVariety     : 0.995334
-----------------------------------
Total               : 2.187324
Percentage          : 72.91%

Per-Objective Statistics (Team Distribution):
-----------------------------------------------------------------
Objective                 | Min      | Max      | Avg     
-----------------------------------------------------------------
BreakTime                 | 0.4492   | 0.9300   | 0.6137  
LocationConsistency       | 0.0417   | 0.9500   | 0.5783  
OpponentVariety           | 0.7527   | 1.0000   | 0.9953  

Team fitnesses (sorted by total fitness descending):
----------------------------------------------------
Max     : 2.757504
Min     : 1.578148
Range   : 1.179356
Average : 2.187324

Team |BreakTime |LocationConsistency |OpponentVariety |Sum
------------------------------------------------------------
74584|0.8075    |0.9500              |1.0000          |2.7575
3703 |0.7116    |0.9500              |1.0000          |2.6616
73598|0.6347    |0.9500              |1.0000          |2.5847
31854|0.6052    |0.9500              |1.0000          |2.5552
74586|0.8959    |0.6417              |1.0000          |2.5376
55396|0.5756    |0.9500              |1.0000          |2.5256
54584|0.5603    |0.9500              |1.0000          |2.5103
31853|0.5518    |0.9500              |1.0000          |2.5018
65253|0.5429    |0.9500              |1.0000          |2.4929
61859|0.5367    |0.9500              |1.0000          |2.4867
73685|0.8425    |0.6417              |1.0000          |2.4841
57674|0.5251    |0.9500              |1.0000          |2.4751
60950|0.5182    |0.9500              |1.0000          |2.4682
59320|0.5121    |0.9500              |1.0000          |2.4621
74057|0.7983    |0.6417              |1.0000          |2.4400
71263|0.7901    |0.6417              |1.0000          |2.4318
74585|0.9300    |0.3667              |1.0000          |2.2967
67239|0.6540    |0.6417              |1.0000          |2.2956
58709|0.5849    |0.9500              |0.7527          |2.2876
67555|0.6300    |0.6417              |1.0000          |2.2717
65867|0.6200    |0.6417              |1.0000          |2.2616
65302|0.6085    |0.6417              |1.0000          |2.2501
53457|0.6080    |0.6417              |1.0000          |2.2496
70462|0.6018    |0.6417              |1.0000          |2.2435
13867|0.5695    |0.6417              |1.0000          |2.2111
54665|0.5665    |0.6417              |1.0000          |2.2082
61798|0.5654    |0.6417              |1.0000          |2.2070
71211|0.6763    |0.5250              |1.0000          |2.2013
49129|0.5543    |0.6417              |1.0000          |2.1959
55394|0.5369    |0.6417              |1.0000          |2.1785
64424|0.5354    |0.6417              |1.0000          |2.1771
56419|0.6361    |0.5250              |1.0000          |2.1611
40146|0.6167    |0.5250              |1.0000          |2.1417
63372|0.4995    |0.6417              |1.0000          |2.1411
72160|0.7717    |0.3500              |1.0000          |2.1217
66339|0.7383    |0.3500              |1.0000          |2.0883
67231|0.6656    |0.3500              |1.0000          |2.0156
53313|0.6205    |0.3500              |1.0000          |1.9705
26789|0.5989    |0.3500              |1.0000          |1.9489
66737|0.5895    |0.3500              |1.0000          |1.9395
13864|0.5893    |0.3500              |1.0000          |1.9393
64425|0.5733    |0.3500              |1.0000          |1.9233
59828|0.5594    |0.3500              |1.0000          |1.9094
58575|0.5511    |0.3500              |1.0000          |1.9011
18686|0.6146    |0.2667              |1.0000          |1.8813
63371|0.5914    |0.2667              |1.0000          |1.8581
4893 |0.5808    |0.2667              |1.0000          |1.8475
31855|0.5547    |0.2667              |1.0000          |1.8214
59826|0.4974    |0.2667              |1.0000          |1.7641
61147|0.4699    |0.2667              |1.0000          |1.7366
51930|0.4492    |0.2667              |1.0000          |1.7159
58408|0.5709    |0.0417              |1.0000          |1.6126
68279|0.5365    |0.0417              |1.0000          |1.5781

Team Events (sorted, for dev use, diff check with others to ensure truly different schedules created):
------------------------------------------------------------
0, 104, 151, 167, 232, 303
1, 132, 146, 189, 219, 282
2, 98, 140, 170, 234, 261
3, 111, 155, 221, 267, 287
4, 110, 161, 216, 238, 317
5, 83, 145, 203, 251, 304
6, 106, 128, 202, 218, 312
7, 94, 159, 198, 246, 271
8, 102, 136, 213, 240, 295
9, 131, 164, 171, 227, 259
10, 127, 156, 196, 263, 280
11, 115, 130, 224, 244, 283
12, 114, 160, 169, 289, 306
13, 100, 150, 172, 207, 286
14, 116, 139, 195, 260, 324
15, 108, 152, 204, 250, 296
16, 107, 134, 191, 243, 294
17, 112, 163, 208, 248, 299
18, 54, 158, 166, 274, 298
19, 68, 165, 229, 284, 300
20, 61, 143, 179, 262, 290
21, 75, 162, 194, 255, 279
22, 62, 148, 206, 316
23, 64, 142, 192, 254, 270
25, 57, 135, 200, 233, 276
26, 133, 153, 173, 199, 319
27, 58, 73, 193, 210, 266
28, 72, 95, 231, 257, 301
29, 59, 81, 186, 235, 281
30, 69, 88, 184, 253, 272
31, 56, 87, 176, 222, 293
32, 63, 99, 215, 265, 291
33, 86, 103, 185, 239, 310
34, 65, 84, 190, 249, 321
35, 67, 78, 211, 278, 318
36, 74, 117, 197, 226, 264
37, 66, 85, 209, 258, 325
38, 55, 93, 175, 247, 315
39, 92, 113, 212, 256, 308
40, 80, 126, 183, 230, 302
41, 71, 121, 201, 269, 311
42, 105, 144, 168, 273, 322
43, 79, 109, 214, 241, 275
44, 77, 96, 205, 268, 288
45, 91, 120, 187, 307, 323
46, 76, 141, 188, 223, 285
47, 97, 147, 182, 217, 297
48, 60, 149, 228, 277, 292
49, 101, 154, 178, 252, 309
50, 90, 129, 177, 220, 314
51, 89, 157, 181, 225, 313
52, 82, 138, 180, 242, 320
53, 70, 137, 174, 245, 305
