FLL Scheduler GA Summary Report (ID: 4465829904 | Hash: -6746340797399650283)

Attributes:
--------------------
rank: 0
origin: (C | Scattered)
mutations: 0
clones: 0
_hash: -6746340797399650283
Length: 317

Fitness:
--------------------------
BreakTime           : 0.602465
LocationConsistency : 0.633648
OpponentVariety     : 0.995334
-----------------------------------
Total               : 2.231448
Percentage          : 74.38%

Per-Objective Statistics (Team Distribution):
-----------------------------------------------------------------
Objective                 | Min      | Max      | Avg     
-----------------------------------------------------------------
BreakTime                 | 0.0006   | 0.9300   | 0.6025  
LocationConsistency       | 0.0417   | 0.9500   | 0.6336  
OpponentVariety           | 0.7527   | 1.0000   | 0.9953  

Team fitnesses (sorted by total fitness descending):
----------------------------------------------------
Max     : 2.760692
Min     : 1.642307
Range   : 1.118385
Average : 2.231448

Team |BreakTime |LocationConsistency |OpponentVariety |Sum
------------------------------------------------------------
74057|0.8107    |0.9500              |1.0000          |2.7607
72160|0.8075    |0.9500              |1.0000          |2.7575
40146|0.6765    |0.9500              |1.0000          |2.6265
4893 |0.6748    |0.9500              |1.0000          |2.6248
74584|0.6347    |0.9500              |1.0000          |2.5847
74585|0.9300    |0.6417              |1.0000          |2.5717
66339|0.6196    |0.9500              |1.0000          |2.5696
65302|0.5895    |0.9500              |1.0000          |2.5395
74586|0.8959    |0.6417              |1.0000          |2.5376
31854|0.5808    |0.9500              |1.0000          |2.5308
55396|0.5756    |0.9500              |1.0000          |2.5256
54665|0.5632    |0.9500              |1.0000          |2.5132
18686|0.5284    |0.9500              |1.0000          |2.4784
57674|0.5251    |0.9500              |1.0000          |2.4751
65253|0.5182    |0.9500              |1.0000          |2.4682
59320|0.5121    |0.9500              |1.0000          |2.4621
73685|0.7958    |0.6417              |1.0000          |2.4375
71263|0.7901    |0.6417              |1.0000          |2.4318
13864|0.6754    |0.6417              |1.0000          |2.3170
3703 |0.6655    |0.6417              |1.0000          |2.3072
65867|0.6540    |0.6417              |1.0000          |2.2956
53457|0.6246    |0.6417              |1.0000          |2.2663
67555|0.6200    |0.6417              |1.0000          |2.2616
68279|0.6018    |0.6417              |1.0000          |2.2435
26789|0.5996    |0.6417              |1.0000          |2.2412
64424|0.5914    |0.6417              |1.0000          |2.2331
54584|0.5696    |0.6417              |1.0000          |2.2112
64425|0.5635    |0.6417              |1.0000          |2.2052
61798|0.5632    |0.6417              |1.0000          |2.2048
51930|0.5603    |0.6417              |1.0000          |2.2020
58575|0.5562    |0.6417              |1.0000          |2.1979
31855|0.5547    |0.6417              |1.0000          |2.1964
58408|0.5525    |0.6417              |1.0000          |2.1942
61859|0.5429    |0.6417              |1.0000          |2.1846
73598|0.8299    |0.3500              |1.0000          |2.1799
55394|0.5369    |0.6417              |1.0000          |2.1785
58709|0.5340    |0.6417              |1.0000          |2.1756
66737|0.5931    |0.5250              |1.0000          |2.1181
59826|0.4759    |0.6417              |1.0000          |2.1175
63372|0.4699    |0.6417              |1.0000          |2.1116
70462|0.7383    |0.3500              |1.0000          |2.0883
49129|0.5882    |0.3500              |1.0000          |1.9382
67231|0.6161    |0.5250              |0.7527          |1.8938
31853|0.5281    |0.3500              |1.0000          |1.8781
60950|0.5889    |0.2667              |1.0000          |1.8556
61147|0.4995    |0.3500              |1.0000          |1.8495
67239|0.5754    |0.2667              |1.0000          |1.8420
63371|0.5733    |0.2667              |1.0000          |1.8400
59828|0.4974    |0.2667              |1.0000          |1.7641
13867|0.4881    |0.2667              |1.0000          |1.7547
53313|0.6609    |0.0417              |1.0000          |1.7026
56419|0.6125    |0.0667              |1.0000          |1.6792
71211|0.0006    |0.6417              |1.0000          |1.6423

Team Events (sorted, for dev use, diff check with others to ensure truly different schedules created):
------------------------------------------------------------
0, 104, 151, 185, 232, 303
1, 94, 159, 167, 246, 271
2, 106, 144, 170, 267, 312
3, 115, 130, 224, 244, 283
4, 85, 128, 221, 237, 304
5, 111, 155, 203, 264, 287
6, 98, 140, 202, 234, 261
7, 133, 146, 189, 218, 282
8, 103, 136, 213, 240, 295
9, 131, 164, 171, 220, 315
10, 127, 156, 196, 268, 307
11, 116, 139, 195, 260, 319
12, 114, 160, 166, 219, 289
13, 124, 150, 172, 207, 286
14, 110, 161, 217, 238, 317
15, 108, 152, 204, 236, 296
16, 107, 134, 191, 243, 294
17, 112, 163, 208, 248, 299
18, 54, 158, 184, 275, 298
19, 68, 165, 229, 284, 300
20, 61, 143, 179, 199, 269
21, 75, 162, 194, 251, 279
22, 63, 148, 206, 255, 316
23, 64, 142, 192, 254, 270
24, 59, 82, 186, 235, 280
25, 57, 135, 200, 233, 276
26, 132, 153, 173, 250, 324
27, 62, 99, 214, 266, 290
28, 87, 102, 168, 239, 310
29, 67, 78, 211, 278, 325
30, 65, 80, 190, 249, 322
31, 72, 95, 231, 256, 301
32, 56, 86, 176, 222, 293
33, 69, 88, 169, 253, 272
35, 58, 73, 193, 210, 265
36, 92, 113, 212, 257, 308
37, 71, 121, 201, 262, 311
38, 74, 117, 197, 226, 274
39, 105, 129, 198, 273, 321
40, 83, 126, 230, 302
41, 79, 109, 215, 241, 306
42, 66, 81, 209, 258, 318
43, 77, 96, 205, 263, 288
44, 55, 93, 175, 247, 314
45, 97, 147, 216, 291, 297
46, 76, 141, 188, 223, 285
47, 89, 157, 181, 225, 313
48, 90, 145, 177, 227, 281
49, 125, 154, 178, 252, 309
50, 91, 120, 187, 259, 320
51, 60, 149, 228, 277, 292
52, 84, 138, 180, 242, 323
53, 70, 137, 174, 245, 305
