FLL Scheduler GA Summary Report (ID: 4465833040 | Hash: -1040495114201976733)

Attributes:
--------------------
rank: 0
origin: (C | KPoint(k=3))
mutations: 3
clones: 3
_hash: -1040495114201976733
Length: 312

Fitness:
--------------------------
BreakTime           : 0.621928
LocationConsistency : 0.576415
OpponentVariety     : 0.967340
-----------------------------------
Total               : 2.165683
Percentage          : 72.19%

Per-Objective Statistics (Team Distribution):
-----------------------------------------------------------------
Objective                 | Min      | Max      | Avg     
-----------------------------------------------------------------
BreakTime                 | 0.4699   | 0.9153   | 0.6219  
LocationConsistency       | 0.0750   | 1.0000   | 0.5764  
OpponentVariety           | 0.7527   | 1.0000   | 0.9673  

Team fitnesses (sorted by total fitness descending):
----------------------------------------------------
Max     : 2.760692
Min     : 1.630121
Range   : 1.130571
Average : 2.165683

Team |BreakTime |LocationConsistency |OpponentVariety |Sum
------------------------------------------------------------
71211|0.8107    |0.9500              |1.0000          |2.7607
74584|0.8075    |0.9500              |1.0000          |2.7575
74057|0.7871    |0.9500              |1.0000          |2.7371
74585|0.9153    |0.9500              |0.7527          |2.6180
73598|0.6347    |0.9500              |1.0000          |2.5847
74586|0.8959    |0.6417              |1.0000          |2.5376
55396|0.5756    |0.9500              |1.0000          |2.5256
57674|0.5730    |0.9500              |1.0000          |2.5230
54665|0.5671    |0.9500              |1.0000          |2.5171
61798|0.5632    |0.9500              |1.0000          |2.5132
31855|0.5547    |0.9500              |1.0000          |2.5047
73685|0.8425    |0.6417              |1.0000          |2.4841
71263|0.7901    |0.6417              |1.0000          |2.4318
65302|0.6722    |0.6417              |1.0000          |2.3139
3703 |0.6655    |0.6417              |1.0000          |2.3072
67239|0.6418    |0.6417              |1.0000          |2.2834
67555|0.5131    |1.0000              |0.7527          |2.2658
13864|0.6093    |0.6417              |1.0000          |2.2509
59320|0.6092    |0.6417              |1.0000          |2.2508
63371|0.5914    |0.6417              |1.0000          |2.2331
66737|0.5895    |0.6417              |1.0000          |2.2312
55394|0.5171    |0.9500              |0.7527          |2.2199
31854|0.5719    |0.6417              |1.0000          |2.2136
54584|0.5696    |0.6417              |1.0000          |2.2112
64424|0.5654    |0.6417              |1.0000          |2.2070
58575|0.5629    |0.6417              |1.0000          |2.2045
40146|0.6785    |0.5250              |1.0000          |2.2035
51930|0.5603    |0.6417              |1.0000          |2.2020
18686|0.5576    |0.6417              |1.0000          |2.1993
59826|0.5562    |0.6417              |1.0000          |2.1979
65253|0.5429    |0.6417              |1.0000          |2.1846
63372|0.5214    |0.6417              |1.0000          |2.1631
61147|0.4699    |0.6417              |1.0000          |2.1116
66339|0.7383    |0.3500              |1.0000          |2.0883
67231|0.6575    |0.3500              |1.0000          |2.0075
4893 |0.6910    |0.2667              |1.0000          |1.9577
31853|0.5893    |0.3500              |1.0000          |1.9393
68279|0.6469    |0.2667              |1.0000          |1.9136
65867|0.6200    |0.2667              |1.0000          |1.8866
60950|0.5182    |0.3500              |1.0000          |1.8682
56419|0.5889    |0.2667              |1.0000          |1.8556
70462|0.5818    |0.2667              |1.0000          |1.8484
53313|0.5779    |0.2667              |1.0000          |1.8446
59828|0.5709    |0.2667              |1.0000          |1.8376
49129|0.5643    |0.2667              |1.0000          |1.8310
26789|0.5545    |0.2667              |1.0000          |1.8212
13867|0.5263    |0.2667              |1.0000          |1.7930
72160|0.7717    |0.2667              |0.7527          |1.7911
58709|0.4974    |0.2667              |1.0000          |1.7641
53457|0.6554    |0.3500              |0.7527          |1.7581
61859|0.6363    |0.3667              |0.7527          |1.7557
64425|0.5375    |0.3500              |0.7527          |1.6402
58408|0.5551    |0.0750              |1.0000          |1.6301

Team Events (sorted, for dev use, diff check with others to ensure truly different schedules created):
------------------------------------------------------------
0, 104, 151, 185, 232, 303
1, 94, 159, 193, 246, 322
2, 106, 144, 202, 241, 312
3, 115, 130, 199, 244, 283
4, 85, 128, 203, 237, 304
5, 111, 155, 224, 267, 289
6, 98, 140, 170, 234, 261
7, 133, 146, 189, 262, 282
8, 103, 136, 207, 240, 295
9, 131, 164, 171, 227, 307
10, 127, 156, 196, 230, 280
11, 116, 139, 195, 260, 319
12, 114, 160, 221, 263, 314
13, 100, 150, 172, 212, 287
14, 110, 161, 217, 238, 317
15, 124, 152, 204, 236, 296
16, 107, 134, 215, 243, 294
17, 112, 163, 208, 248, 299
18, 132, 153, 173, 250, 324
19, 64, 142, 168, 254, 288
20, 54, 158, 218, 275, 298
22, 63, 148, 190, 255, 316
23, 57, 135, 200, 233, 276
24, 68, 165, 184, 229, 300
25, 75, 162, 194, 251, 279
26, 61, 143, 179, 269, 290
27, 58, 73, 192, 210, 266
28, 72, 95, 231, 256, 301
29, 87, 102, 166, 239, 310
30, 69, 96, 167, 253, 272
31, 56, 86, 176, 222, 293
32, 62, 99, 198, 220, 291
33, 59, 81, 186, 235, 281
34, 65, 82, 214, 249, 323
35, 67, 78, 211, 278, 325
36, 74, 117, 169, 197, 274
37, 66, 83, 209, 258, 318
38, 55, 93, 175, 247, 315
39, 92, 113, 206, 257, 308
40, 80, 126, 182, 268, 302
41, 71, 121, 201, 284, 311
42, 105, 129, 213, 273, 321
43, 79, 125, 191, 264, 306
44, 77, 88, 205, 219, 286
45, 91, 120, 187, 259, 320
46, 76, 141, 188, 223, 285
47, 97, 147, 183, 216, 297
48, 60, 149, 228, 277, 292
49, 101, 154, 178, 252, 309
50, 90, 145, 177, 226, 265
51, 89, 157, 181, 225, 313
52, 84, 138, 180, 242
53, 70, 137, 174, 245, 305
