FLL Scheduler GA Summary Report (ID: 4465831808 | Hash: 7609346549624691752)

Attributes:
--------------------
rank: 0
origin: (C | RoundTypeCrossover)
mutations: 0
clones: 0
_hash: 7609346549624691752
Length: 317

Fitness:
--------------------------
BreakTime           : 0.619845
LocationConsistency : 0.583648
OpponentVariety     : 0.986003
-----------------------------------
Total               : 2.189495
Percentage          : 72.98%

Per-Objective Statistics (Team Distribution):
-----------------------------------------------------------------
Objective                 | Min      | Max      | Avg     
-----------------------------------------------------------------
BreakTime                 | 0.4699   | 0.9300   | 0.6198  
LocationConsistency       | 0.0500   | 0.9500   | 0.5836  
OpponentVariety           | 0.7527   | 1.0000   | 0.9860  

Team fitnesses (sorted by total fitness descending):
----------------------------------------------------
Max     : 2.760692
Min     : 1.630121
Range   : 1.130571
Average : 2.189495

Team |BreakTime |LocationConsistency |OpponentVariety |Sum
------------------------------------------------------------
71211|0.8107    |0.9500              |1.0000          |2.7607
74057|0.7871    |0.9500              |1.0000          |2.7371
73598|0.6347    |0.9500              |1.0000          |2.5847
74585|0.9300    |0.6417              |1.0000          |2.5717
53457|0.6080    |0.9500              |1.0000          |2.5580
13864|0.6064    |0.9500              |1.0000          |2.5564
67555|0.5895    |0.9500              |1.0000          |2.5395
74586|0.8959    |0.6417              |1.0000          |2.5376
67239|0.5770    |0.9500              |1.0000          |2.5270
54665|0.5671    |0.9500              |1.0000          |2.5171
64424|0.5654    |0.9500              |1.0000          |2.5154
61798|0.5632    |0.9500              |1.0000          |2.5132
74584|0.8075    |0.9500              |0.7527          |2.5102
57674|0.5482    |0.9500              |1.0000          |2.4982
73685|0.8425    |0.6417              |1.0000          |2.4841
68279|0.6722    |0.6417              |1.0000          |2.3139
3703 |0.6655    |0.6417              |1.0000          |2.3072
70462|0.6418    |0.6417              |1.0000          |2.2834
4893 |0.6098    |0.6417              |1.0000          |2.2515
59320|0.6092    |0.6417              |1.0000          |2.2508
66737|0.5948    |0.6417              |1.0000          |2.2365
63371|0.5914    |0.6417              |1.0000          |2.2331
64425|0.5733    |0.6417              |1.0000          |2.2150
54584|0.5696    |0.6417              |1.0000          |2.2112
55396|0.5692    |0.6417              |1.0000          |2.2109
63372|0.5635    |0.6417              |1.0000          |2.2052
40146|0.6785    |0.5250              |1.0000          |2.2035
51930|0.5603    |0.6417              |1.0000          |2.2020
31855|0.5547    |0.6417              |1.0000          |2.1964
65253|0.5429    |0.6417              |1.0000          |2.1846
55394|0.5369    |0.6417              |1.0000          |2.1785
26789|0.5260    |0.6417              |1.0000          |2.1676
61859|0.5214    |0.6417              |1.0000          |2.1631
58575|0.5201    |0.6417              |1.0000          |2.1618
71263|0.7901    |0.3500              |1.0000          |2.1401
61147|0.4699    |0.6417              |1.0000          |2.1116
72160|0.8237    |0.2667              |1.0000          |2.0904
65302|0.7383    |0.3500              |1.0000          |2.0883
31854|0.5719    |0.3500              |1.0000          |1.9219
66339|0.6200    |0.2667              |1.0000          |1.8866
60950|0.5182    |0.3500              |1.0000          |1.8682
31853|0.5893    |0.2667              |1.0000          |1.8560
67231|0.5890    |0.2667              |1.0000          |1.8556
56419|0.5889    |0.2667              |1.0000          |1.8556
59828|0.5709    |0.2667              |1.0000          |1.8376
53313|0.5696    |0.2667              |1.0000          |1.8362
18686|0.5576    |0.2667              |1.0000          |1.8243
13867|0.5229    |0.2667              |1.0000          |1.7895
58709|0.4974    |0.2667              |1.0000          |1.7641
59826|0.6154    |0.3500              |0.7527          |1.7181
65867|0.6645    |0.0500              |1.0000          |1.7145
49129|0.5648    |0.3500              |0.7527          |1.6676
58408|0.5551    |0.0750              |1.0000          |1.6301

Team Events (sorted, for dev use, diff check with others to ensure truly different schedules created):
------------------------------------------------------------
0, 104, 151, 186, 232, 303
1, 94, 159, 193, 246, 263
2, 106, 144, 202, 234, 312
3, 115, 130, 199, 216, 283
4, 85, 126, 203, 237, 304
5, 111, 155, 241, 267, 287
6, 98, 140, 170, 230, 261
7, 133, 146, 182, 262, 282
8, 103, 136, 213, 240, 295
9, 131, 164, 171, 227, 307
10, 123, 156, 196, 224, 280
11, 116, 139, 195, 260, 319
12, 114, 160, 221, 289, 314
13, 100, 150, 172, 206, 286
14, 110, 161, 217, 238, 317
15, 124, 152, 204, 236, 296
16, 107, 134, 191, 243, 294
17, 112, 163, 208, 271, 299
18, 132, 153, 173, 248, 324
19, 64, 142, 168, 254, 270
21, 54, 158, 218, 275, 298
22, 63, 148, 214, 255, 316
23, 57, 135, 200, 233, 276
24, 68, 165, 187, 229, 300
25, 75, 162, 194, 279
26, 61, 143, 179, 269, 290
27, 58, 73, 192, 210, 266
28, 72, 95, 231, 256, 301
29, 87, 102, 166, 239, 310
30, 62, 99, 198, 220, 291
31, 56, 86, 176, 222, 293
32, 69, 88, 167, 253, 272
33, 59, 81, 185, 235, 281
34, 65, 82, 190, 249, 322
35, 67, 78, 211, 278, 325
36, 55, 93, 175, 247, 315
37, 80, 122, 188, 268, 302
38, 66, 83, 209, 258, 318
39, 77, 96, 205, 219, 288
40, 79, 125, 215, 264, 306
41, 105, 127, 207, 273, 321
42, 92, 113, 212, 257, 308
43, 74, 117, 169, 197, 274
44, 71, 121, 201, 284, 311
45, 91, 120, 184, 259, 320
46, 76, 141, 183, 223, 285
47, 97, 147, 189, 244, 297
48, 60, 149, 228, 277, 292
49, 101, 154, 178, 252, 309
50, 90, 145, 177, 226, 265
51, 89, 157, 181, 225, 313
52, 84, 138, 180, 242, 323
53, 70, 137, 174, 245, 305
