FLL Scheduler GA Summary Report (ID: 4465831248 | Hash: -1404981470734714094)

Attributes:
--------------------
rank: 0
origin: (C | Uniform)
mutations: 0
clones: 0
_hash: -1404981470734714094
Length: 317

Fitness:
--------------------------
BreakTime           : 0.584308
LocationConsistency : 0.634906
OpponentVariety     : 0.995334
-----------------------------------
Total               : 2.214548
Percentage          : 73.82%

Per-Objective Statistics (Team Distribution):
-----------------------------------------------------------------
Objective                 | Min      | Max      | Avg     
-----------------------------------------------------------------
BreakTime                 | 0.0005   | 0.9300   | 0.5843  
LocationConsistency       | 0.0417   | 1.0000   | 0.6349  
OpponentVariety           | 0.7527   | 1.0000   | 0.9953  

Team fitnesses (sorted by total fitness descending):
----------------------------------------------------
Max     : 2.760692
Min     : 1.350534
Range   : 1.410158
Average : 2.214548

Team |BreakTime |LocationConsistency |OpponentVariety |Sum
------------------------------------------------------------
74057|0.8107    |0.9500              |1.0000          |2.7607
72160|0.8075    |0.9500              |1.0000          |2.7575
73598|0.7711    |0.9500              |1.0000          |2.7211
4893 |0.6748    |0.9500              |1.0000          |2.6248
74584|0.6347    |0.9500              |1.0000          |2.5847
74585|0.9300    |0.6417              |1.0000          |2.5717
66339|0.6196    |0.9500              |1.0000          |2.5696
65302|0.5895    |0.9500              |1.0000          |2.5395
74586|0.8959    |0.6417              |1.0000          |2.5376
31854|0.5808    |0.9500              |1.0000          |2.5308
55396|0.5756    |0.9500              |1.0000          |2.5256
54665|0.5632    |0.9500              |1.0000          |2.5132
18686|0.5284    |0.9500              |1.0000          |2.4784
64424|0.5182    |0.9500              |1.0000          |2.4682
59320|0.5121    |0.9500              |1.0000          |2.4621
73685|0.7958    |0.6417              |1.0000          |2.4375
57674|0.4845    |0.9500              |1.0000          |2.4345
13864|0.6754    |0.6417              |1.0000          |2.3170
3703 |0.6655    |0.6417              |1.0000          |2.3072
65867|0.6540    |0.6417              |1.0000          |2.2956
71263|0.6461    |0.6417              |1.0000          |2.2878
66737|0.5131    |1.0000              |0.7527          |2.2658
67555|0.6200    |0.6417              |1.0000          |2.2616
53457|0.6075    |0.6417              |1.0000          |2.2492
61147|0.5914    |0.6417              |1.0000          |2.2331
54584|0.5696    |0.6417              |1.0000          |2.2112
64425|0.5635    |0.6417              |1.0000          |2.2052
61798|0.5632    |0.6417              |1.0000          |2.2048
58709|0.5629    |0.6417              |1.0000          |2.2045
51930|0.5603    |0.6417              |1.0000          |2.2020
58575|0.5562    |0.6417              |1.0000          |2.1979
31855|0.5547    |0.6417              |1.0000          |2.1964
65253|0.5429    |0.6417              |1.0000          |2.1846
26789|0.5039    |0.6417              |1.0000          |2.1456
61859|0.4995    |0.6417              |1.0000          |2.1411
59826|0.4759    |0.6417              |1.0000          |2.1175
63371|0.4699    |0.6417              |1.0000          |2.1116
55394|0.4611    |0.6417              |1.0000          |2.1028
70462|0.7383    |0.3500              |1.0000          |2.0883
71211|0.7717    |0.2667              |1.0000          |2.0384
67231|0.6656    |0.3500              |1.0000          |2.0156
68279|0.6018    |0.3500              |1.0000          |1.9518
40146|0.0006    |0.9500              |1.0000          |1.9506
60950|0.6462    |0.2667              |1.0000          |1.9128
58408|0.5709    |0.2667              |1.0000          |1.8376
63372|0.5429    |0.2667              |1.0000          |1.8096
67239|0.5258    |0.2667              |1.0000          |1.7925
31853|0.5133    |0.2667              |1.0000          |1.7799
13867|0.4881    |0.2667              |1.0000          |1.7547
59828|0.4801    |0.2667              |1.0000          |1.7467
53313|0.6609    |0.0417              |1.0000          |1.7026
56419|0.6125    |0.0667              |1.0000          |1.6792
49129|0.0005    |0.3500              |1.0000          |1.3505

Team Events (sorted, for dev use, diff check with others to ensure truly different schedules created):
------------------------------------------------------------
0, 104, 151, 185, 232, 303
1, 94, 159, 167, 246, 271
2, 106, 144, 170, 267, 312
3, 115, 130, 224, 244, 283
4, 85, 128, 221, 237, 304
5, 111, 155, 264, 287, 307
6, 98, 140, 206, 234, 261
7, 133, 146, 189, 218, 282
8, 103, 136, 213, 240, 295
9, 131, 164, 171, 220, 227
10, 127, 156, 196, 198, 268
11, 116, 139, 195, 260, 319
12, 114, 160, 166, 219, 289
13, 124, 150, 172, 191, 286
14, 110, 161, 217, 238, 317
15, 108, 152, 204, 236, 296
16, 107, 134, 243, 285, 294
17, 112, 163, 208, 248, 299
18, 54, 158, 184, 275, 298
19, 132, 165, 229, 284, 300
20, 61, 143, 179, 269, 290
21, 75, 162, 194, 251, 279
22, 63, 148, 190, 255, 316
23, 64, 142, 192, 254, 270
24, 59, 82, 186, 235, 280
25, 57, 135, 233, 276, 306
26, 68, 153, 173, 250, 324
27, 56, 86, 176, 222, 293
28, 87, 102, 168, 239, 310
29, 62, 99, 214, 266, 291
30, 72, 95, 231, 256, 301
31, 65, 80, 207, 249, 322
32, 58, 73, 193, 210, 265
33, 69, 88, 169, 253, 272
34, 67, 78, 211, 278, 325
36, 92, 113, 212, 257, 308
37, 71, 121, 201, 262, 311
38, 74, 117, 197, 226, 274
39, 105, 129, 273, 321
40, 83, 126, 183, 230, 302
41, 79, 109, 200, 215, 241
42, 66, 81, 209, 258, 318
43, 77, 96, 199, 263, 288
44, 55, 93, 175, 247, 315
45, 97, 147, 182, 216, 297
46, 76, 141, 188, 205, 223
47, 89, 157, 181, 225, 313
48, 90, 145, 177, 281, 314
49, 125, 154, 178, 252, 309
50, 91, 120, 187, 259, 320
51, 60, 149, 228, 277, 292
52, 84, 138, 180, 242, 323
53, 70, 137, 174, 245, 305
