FLL Scheduler GA Summary Report (ID: 4465830128 | Hash: 7761395309322488850)

Attributes:
--------------------
rank: 0
origin: (C | Scattered)
mutations: 0
clones: 0
_hash: 7761395309322488850
Length: 317

Fitness:
--------------------------
BreakTime           : 0.620926
LocationConsistency : 0.560063
OpponentVariety     : 0.995334
-----------------------------------
Total               : 2.176323
Percentage          : 72.54%

Per-Objective Statistics (Team Distribution):
-----------------------------------------------------------------
Objective                 | Min      | Max      | Avg     
-----------------------------------------------------------------
BreakTime                 | 0.4699   | 0.9300   | 0.6209  
LocationConsistency       | 0.0417   | 0.9500   | 0.5601  
OpponentVariety           | 0.7527   | 1.0000   | 0.9953  

Team fitnesses (sorted by total fitness descending):
----------------------------------------------------
Max     : 2.760692
Min     : 1.556950
Range   : 1.203742
Average : 2.176323

Team |BreakTime |LocationConsistency |OpponentVariety |Sum
------------------------------------------------------------
71211|0.8107    |0.9500              |1.0000          |2.7607
73598|0.8075    |0.9500              |1.0000          |2.7575
74057|0.7871    |0.9500              |1.0000          |2.7371
67231|0.6656    |0.9500              |1.0000          |2.6156
74585|0.9300    |0.6417              |1.0000          |2.5717
53457|0.6080    |0.9500              |1.0000          |2.5580
66737|0.5895    |0.9500              |1.0000          |2.5395
74586|0.8959    |0.6417              |1.0000          |2.5376
55396|0.5756    |0.9500              |1.0000          |2.5256
63371|0.5736    |0.9500              |1.0000          |2.5236
31854|0.5719    |0.9500              |1.0000          |2.5219
54665|0.5671    |0.9500              |1.0000          |2.5171
61798|0.5632    |0.9500              |1.0000          |2.5132
73685|0.8425    |0.6417              |1.0000          |2.4841
71263|0.7901    |0.6417              |1.0000          |2.4318
74584|0.7158    |0.6417              |1.0000          |2.3575
67239|0.6418    |0.6417              |1.0000          |2.2834
4893 |0.6371    |0.6417              |1.0000          |2.2788
13864|0.6093    |0.6417              |1.0000          |2.2509
54584|0.5696    |0.6417              |1.0000          |2.2112
59826|0.5666    |0.6417              |1.0000          |2.2082
61859|0.5635    |0.6417              |1.0000          |2.2052
40146|0.6785    |0.5250              |1.0000          |2.2035
51930|0.5603    |0.6417              |1.0000          |2.2020
18686|0.5576    |0.6417              |1.0000          |2.1993
31855|0.5547    |0.6417              |1.0000          |2.1964
56419|0.5482    |0.6417              |1.0000          |2.1899
55394|0.5369    |0.6417              |1.0000          |2.1785
59320|0.5264    |0.6417              |1.0000          |2.1680
63372|0.5214    |0.6417              |1.0000          |2.1631
58575|0.5201    |0.6417              |1.0000          |2.1618
60950|0.5182    |0.6417              |1.0000          |2.1599
61147|0.4699    |0.6417              |1.0000          |2.1116
67555|0.5770    |0.5250              |1.0000          |2.1020
66339|0.7383    |0.3500              |1.0000          |2.0883
65302|0.6752    |0.2667              |1.0000          |1.9418
31853|0.5893    |0.3500              |1.0000          |1.9393
65867|0.6555    |0.2667              |1.0000          |1.9222
49129|0.5643    |0.3500              |1.0000          |1.9143
26789|0.5545    |0.3500              |1.0000          |1.9045
3703 |0.6327    |0.2667              |1.0000          |1.8994
65253|0.5438    |0.3500              |1.0000          |1.8938
72160|0.7728    |0.3500              |0.7527          |1.8756
70462|0.5948    |0.2667              |1.0000          |1.8615
58709|0.5889    |0.2667              |1.0000          |1.8556
53313|0.5779    |0.2667              |1.0000          |1.8446
64425|0.5742    |0.2667              |1.0000          |1.8409
64424|0.5654    |0.2667              |1.0000          |1.8320
13867|0.5263    |0.2667              |1.0000          |1.7930
58408|0.6220    |0.0750              |1.0000          |1.6970
68279|0.5890    |0.0417              |1.0000          |1.6306
59828|0.5860    |0.0417              |1.0000          |1.6277
57674|0.5069    |0.0500              |1.0000          |1.5569

Team Events (sorted, for dev use, diff check with others to ensure truly different schedules created):
------------------------------------------------------------
0, 104, 151, 185, 293, 303
1, 94, 159, 193, 246, 279
2, 106, 144, 202, 241, 312
3, 115, 130, 199, 244, 283
4, 85, 128, 203, 237, 304
5, 111, 155, 224, 264, 287
6, 98, 140, 170, 234, 261
7, 133, 146, 189, 269, 282
8, 103, 136, 213, 240, 295
9, 131, 164, 171, 227, 307
10, 127, 156, 196, 232, 280
11, 116, 139, 195, 260, 319
12, 114, 160, 221, 268, 314
13, 100, 150, 172, 206, 286
14, 110, 161, 217, 238, 317
15, 124, 152, 204, 236, 296
16, 107, 134, 191, 243, 294
17, 112, 163, 208, 248, 299
19, 64, 142, 168, 254, 274
20, 57, 135, 200, 276, 292
21, 54, 158, 184, 218, 298
22, 63, 148, 214, 255, 316
23, 132, 153, 173, 250, 324
24, 68, 165, 229, 271, 300
25, 75, 162, 194, 251, 288
26, 61, 143, 179, 233, 290
27, 58, 73, 192, 210, 265
28, 72, 95, 231, 256, 301
29, 87, 102, 166, 239, 310
30, 69, 88, 167, 253, 272
31, 56, 86, 176, 222, 270
32, 62, 99, 198, 220, 291
33, 59, 78, 186, 235, 281
34, 65, 108, 190, 249, 322
35, 67, 80, 211, 275, 325
36, 74, 117, 169, 197, 278
37, 66, 109, 209, 258, 318
38, 55, 93, 175, 247, 315
39, 92, 113, 212, 257, 308
40, 79, 126, 183, 230, 302
41, 71, 121, 201, 284, 311
42, 105, 129, 207, 273, 321
43, 81, 125, 215, 267, 306
44, 77, 96, 205, 219, 289
45, 91, 120, 187, 259, 320
46, 76, 141, 188, 223, 285
47, 97, 147, 216, 297
48, 89, 157, 181, 225, 313
49, 101, 154, 178, 252, 309
50, 90, 145, 177, 226, 266
51, 60, 149, 182, 228, 277
52, 84, 138, 180, 242, 323
53, 70, 137, 174, 245, 305
