FLL Scheduler GA Summary Report (ID: 4465830688 | Hash: -5120038867133373813)

Attributes:
--------------------
rank: 0
origin: (C | RoundTypeCrossover)
mutations: 0
clones: 0
_hash: -5120038867133373813
Length: 317

Fitness:
--------------------------
BreakTime           : 0.603755
LocationConsistency : 0.611321
OpponentVariety     : 0.995334
-----------------------------------
Total               : 2.210410
Percentage          : 73.68%

Per-Objective Statistics (Team Distribution):
-----------------------------------------------------------------
Objective                 | Min      | Max      | Avg     
-----------------------------------------------------------------
BreakTime                 | 0.0006   | 0.9300   | 0.6038  
LocationConsistency       | 0.0417   | 0.9500   | 0.6113  
OpponentVariety           | 0.7527   | 1.0000   | 0.9953  

Team fitnesses (sorted by total fitness descending):
----------------------------------------------------
Max     : 2.760692
Min     : 1.621677
Range   : 1.139015
Average : 2.210410

Team |BreakTime |LocationConsistency |OpponentVariety |Sum
------------------------------------------------------------
71211|0.8107    |0.9500              |1.0000          |2.7607
74584|0.8075    |0.9500              |1.0000          |2.7575
31854|0.6636    |0.9500              |1.0000          |2.6136
73598|0.6347    |0.9500              |1.0000          |2.5847
74585|0.9300    |0.6417              |1.0000          |2.5717
65302|0.6196    |0.9500              |1.0000          |2.5696
66737|0.5895    |0.9500              |1.0000          |2.5395
74586|0.8959    |0.6417              |1.0000          |2.5376
4893 |0.5808    |0.9500              |1.0000          |2.5308
54665|0.5632    |0.9500              |1.0000          |2.5132
26789|0.5284    |0.9500              |1.0000          |2.4784
57674|0.5251    |0.9500              |1.0000          |2.4751
60950|0.5182    |0.9500              |1.0000          |2.4682
59320|0.5121    |0.9500              |1.0000          |2.4621
73685|0.7958    |0.6417              |1.0000          |2.4375
71263|0.7901    |0.6417              |1.0000          |2.4318
31853|0.6754    |0.6417              |1.0000          |2.3170
3703 |0.6655    |0.6417              |1.0000          |2.3072
67239|0.6540    |0.6417              |1.0000          |2.2956
53457|0.6246    |0.6417              |1.0000          |2.2663
65867|0.6200    |0.6417              |1.0000          |2.2616
18686|0.6146    |0.6417              |1.0000          |2.2563
55396|0.6116    |0.6417              |1.0000          |2.2533
70462|0.6018    |0.6417              |1.0000          |2.2435
13867|0.5996    |0.6417              |1.0000          |2.2412
63371|0.5914    |0.6417              |1.0000          |2.2331
40146|0.6839    |0.5250              |1.0000          |2.2089
61798|0.5654    |0.6417              |1.0000          |2.2070
61859|0.5635    |0.6417              |1.0000          |2.2052
64424|0.5632    |0.6417              |1.0000          |2.2048
54584|0.5603    |0.6417              |1.0000          |2.2020
58575|0.5562    |0.6417              |1.0000          |2.1979
31855|0.5547    |0.6417              |1.0000          |2.1964
58408|0.5525    |0.6417              |1.0000          |2.1942
65253|0.5429    |0.6417              |1.0000          |2.1846
55394|0.5369    |0.6417              |1.0000          |2.1785
58709|0.5340    |0.6417              |1.0000          |2.1756
74057|0.8169    |0.3500              |1.0000          |2.1669
67555|0.5931    |0.5250              |1.0000          |2.1181
61147|0.4699    |0.6417              |1.0000          |2.1116
49129|0.5921    |0.3500              |1.0000          |1.9421
13864|0.5281    |0.3500              |1.0000          |1.8781
66339|0.7572    |0.3500              |0.7527          |1.8599
59828|0.5889    |0.2667              |1.0000          |1.8556
63372|0.4995    |0.3500              |1.0000          |1.8495
68279|0.5754    |0.2667              |1.0000          |1.8420
64425|0.5733    |0.2667              |1.0000          |1.8400
59826|0.4974    |0.2667              |1.0000          |1.7641
51930|0.4492    |0.2667              |1.0000          |1.7159
53313|0.6609    |0.0417              |1.0000          |1.7026
56419|0.6125    |0.0667              |1.0000          |1.6792
72160|0.0006    |0.6417              |1.0000          |1.6423
67231|0.5467    |0.0750              |1.0000          |1.6217

Team Events (sorted, for dev use, diff check with others to ensure truly different schedules created):
------------------------------------------------------------
0, 104, 151, 185, 232, 303
1, 133, 146, 189, 218, 282
2, 98, 140, 202, 234, 261
3, 111, 155, 203, 264, 287
4, 110, 161, 217, 238, 317
5, 85, 128, 221, 237, 304
6, 106, 144, 170, 267, 312
7, 94, 159, 167, 182, 271
8, 103, 136, 213, 240, 295
9, 131, 164, 171, 227, 315
10, 122, 156, 196, 268, 307
11, 115, 130, 224, 244, 283
12, 114, 160, 166, 219, 289
13, 124, 150, 172, 207, 286
14, 116, 139, 195, 260, 319
15, 108, 152, 204, 236, 296
16, 107, 134, 191, 243, 294
17, 112, 163, 183, 208, 299
18, 54, 158, 184, 275, 298
19, 68, 165, 229, 284, 300
20, 61, 143, 179, 199, 269
21, 75, 162, 194, 251, 279
22, 63, 148, 206, 255, 316
23, 64, 142, 192, 254, 270
25, 57, 135, 200, 233, 276
26, 132, 153, 173, 250, 324
27, 58, 73, 193, 210, 265
28, 72, 95, 231, 256, 301
29, 59, 82, 186, 235, 280
30, 69, 88, 169, 253, 272
31, 56, 86, 176, 222, 293
32, 62, 99, 214, 266, 290
33, 87, 102, 168, 239, 310
34, 65, 80, 190, 249, 322
35, 67, 78, 211, 278, 325
36, 74, 117, 197, 226, 274
37, 66, 81, 209, 258, 318
38, 55, 93, 175, 314
39, 92, 113, 212, 257, 308
40, 83, 123, 230, 248, 302
41, 71, 121, 201, 262, 311
42, 105, 129, 198, 273, 321
43, 79, 109, 215, 241, 306
44, 77, 96, 205, 263, 288
45, 91, 120, 187, 259, 320
46, 76, 141, 188, 223, 285
47, 97, 147, 216, 291, 297
48, 60, 149, 228, 277, 292
49, 125, 154, 178, 252, 309
50, 90, 145, 177, 220, 281
51, 89, 157, 181, 225, 313
52, 84, 138, 180, 242, 323
53, 70, 137, 174, 245, 305
