FLL Scheduler GA Summary Report (ID: 1460971091360 | Hash: 3301838899205696216)

Attributes:
--------------------
rank: 0
origin: (C | LocationCrossover)
mutations: 0
clones: 0
_hash: 3301838899205696216
Length: 318

Fitness:
--------------------------
BreakTime           : 0.629296
LocationConsistency : 0.654378
OpponentVariety     : 0.894581
-----------------------------------
Total               : 2.178256
Percentage          : 72.61%

Per-Objective Statistics (Team Distribution):
-----------------------------------------------------------------
Objective                 | Min      | Max      | Avg      | Range   
-----------------------------------------------------------------
BreakTime                 | 0.0625   | 0.6977   | 0.5791   | 0.6352  
LocationConsistency       | 0.2667   | 0.9500   | 0.7104   | 0.6833  
OpponentVariety           | 0.7527   | 1.0000   | 0.9860   | 0.2473  

Team fitnesses (sorted by total fitness descending):
----------------------------------------------------
Max     : 2.647749
Min     : 1.821253
Range   : 0.826497
Average : 2.275489

Team |BreakTime |LocationConsistency |OpponentVariety |Sum
------------------------------------------------------------
39   |0.6977    |0.9500              |1.0000          |2.6477
9    |0.6884    |0.9500              |1.0000          |2.6384
44   |0.6845    |0.9500              |1.0000          |2.6345
8    |0.6487    |0.9500              |1.0000          |2.5987
38   |0.6466    |0.9500              |1.0000          |2.5966
3    |0.6371    |0.9500              |1.0000          |2.5871
25   |0.6111    |0.9500              |1.0000          |2.5611
1    |0.5962    |0.9500              |1.0000          |2.5462
33   |0.5837    |0.9500              |1.0000          |2.5337
15   |0.5637    |0.9500              |1.0000          |2.5137
14   |0.5575    |0.9500              |1.0000          |2.5075
34   |0.5553    |0.9500              |1.0000          |2.5053
16   |0.5438    |0.9500              |1.0000          |2.4938
5    |0.5432    |0.9500              |1.0000          |2.4932
26   |0.5297    |0.9500              |1.0000          |2.4797
30   |0.4870    |0.9500              |1.0000          |2.4370
18   |0.6644    |0.9500              |0.7527          |2.3672
2    |0.6956    |0.6417              |1.0000          |2.3373
45   |0.6888    |0.6417              |1.0000          |2.3305
12   |0.6205    |0.9500              |0.7527          |2.3232
43   |0.6814    |0.6417              |1.0000          |2.3231
36   |0.6710    |0.6417              |1.0000          |2.3126
11   |0.6494    |0.6417              |1.0000          |2.2910
53   |0.6491    |0.6417              |1.0000          |2.2908
4    |0.6434    |0.6417              |1.0000          |2.2850
42   |0.6422    |0.6417              |1.0000          |2.2838
29   |0.6177    |0.6417              |1.0000          |2.2594
41   |0.6094    |0.6417              |1.0000          |2.2511
13   |0.5923    |0.6417              |1.0000          |2.2339
7    |0.5825    |0.6417              |1.0000          |2.2242
28   |0.5626    |0.6417              |1.0000          |2.2043
23   |0.5584    |0.6417              |1.0000          |2.2001
52   |0.6732    |0.5250              |1.0000          |2.1982
10   |0.5544    |0.6417              |1.0000          |2.1961
24   |0.5431    |0.6417              |1.0000          |2.1848
47   |0.6474    |0.5250              |1.0000          |2.1724
17   |0.5283    |0.6417              |1.0000          |2.1699
19   |0.5271    |0.6417              |1.0000          |2.1688
35   |0.5156    |0.6417              |1.0000          |2.1573
22   |0.4933    |0.6417              |1.0000          |2.1350
51   |0.5791    |0.5250              |1.0000          |2.1041
6    |0.5653    |0.5250              |1.0000          |2.0903
48   |0.6713    |0.6417              |0.7527          |2.0657
27   |0.5360    |0.5250              |1.0000          |2.0610
31   |0.5294    |0.5250              |1.0000          |2.0544
50   |0.6872    |0.3500              |1.0000          |2.0372
49   |0.0676    |0.9500              |1.0000          |2.0176
46   |0.0625    |0.9500              |1.0000          |2.0125
21   |0.4531    |0.5250              |1.0000          |1.9781
37   |0.6017    |0.3500              |1.0000          |1.9517
40   |0.6174    |0.2667              |1.0000          |1.8840
20   |0.5822    |0.2667              |1.0000          |1.8489
32   |0.5546    |0.2667              |1.0000          |1.8213

Team Events (sorted, for dev use, diff check with others to ensure truly different schedules created):
------------------------------------------------------------
0, 79, 150, 199, 238, 286
1, 99, 165, 173, 258, 291
2, 98, 158, 202, 230, 294
3, 87, 154, 189, 207, 314
4, 111, 156, 239, 271, 308
5, 108, 135, 196, 220, 284
6, 105, 139, 179, 225, 264
7, 93, 164, 181, 229, 268
8, 96, 155, 176, 240, 307
9, 103, 137, 167, 209, 275
10, 112, 153, 168, 241, 309
11, 106, 163, 171, 226, 267
12, 138, 161, 194, 277, 297
13, 118, 148, 174, 204, 276
14, 127, 160, 224, 295, 319
15, 121, 149, 213, 281, 317
16, 113, 134, 211, 289, 318
17, 128, 162, 170, 272, 312
18, 76, 143, 183, 228, 283
19, 136, 159, 187, 245, 311
20, 75, 147, 215, 243, 263
21, 58, 142, 222, 260, 290
22, 65, 152, 184, 223, 273
24, 77, 145, 192, 237, 313
25, 73, 151, 169, 231, 303
26, 68, 157, 197, 244, 269
27, 56, 80, 208, 248, 298
28, 57, 88, 193, 227, 296
29, 54, 84, 166, 233, 300
30, 66, 86, 242, 266, 310
31, 69, 101, 205, 252, 293
32, 55, 91, 177, 219, 254
33, 59, 78, 190, 251, 315
34, 71, 94, 175, 198, 302
35, 60, 83, 236, 259, 322
36, 100, 119, 178, 255, 324
37, 70, 133, 217, 301, 325
38, 62, 123, 195, 214, 299
39, 82, 132, 172, 234, 292
40, 61, 97, 218, 278, 305
41, 63, 124, 212, 247, 288
42, 64, 129, 203, 249, 304
43, 67, 110, 200, 262, 323
44, 90, 116, 180, 250, 316
45, 104, 126, 182, 210, 280
46, 89, 102, 185, 206, 265
47, 74, 122, 221, 253, 274
48, 81, 117, 201, 256, 285
49, 72, 92, 188, 232, 320
50, 95, 125, 186, 279, 306
51, 120, 144, 216, 246, 270
52, 85, 109, 191, 261, 287
53, 107, 146, 235, 282, 321
