FLL Scheduler GA Summary Report (ID: 1460971086880 | Hash: 5582804028641011565)

Attributes:
--------------------
rank: 0
origin: (C | Uniform)
mutations: 0
clones: 0
_hash: 5582804028641011565
Length: 318

Fitness:
--------------------------
BreakTime           : 0.629108
LocationConsistency : 0.654552
OpponentVariety     : 0.904746
-----------------------------------
Total               : 2.188406
Percentage          : 72.95%

Per-Objective Statistics (Team Distribution):
-----------------------------------------------------------------
Objective                 | Min      | Max      | Avg      | Range   
-----------------------------------------------------------------
BreakTime                 | 0.0625   | 0.6980   | 0.5774   | 0.6355  
LocationConsistency       | 0.2667   | 0.9500   | 0.7140   | 0.6833  
OpponentVariety           | 0.7527   | 1.0000   | 0.9953   | 0.2473  

Team fitnesses (sorted by total fitness descending):
----------------------------------------------------
Max     : 2.647749
Min     : 1.821253
Range   : 0.826497
Average : 2.286703

Team |BreakTime |LocationConsistency |OpponentVariety |Sum
------------------------------------------------------------
39   |0.6977    |0.9500              |1.0000          |2.6477
44   |0.6845    |0.9500              |1.0000          |2.6345
50   |0.6713    |0.9500              |1.0000          |2.6213
8    |0.6487    |0.9500              |1.0000          |2.5987
38   |0.6466    |0.9500              |1.0000          |2.5966
4    |0.6371    |0.9500              |1.0000          |2.5871
19   |0.6111    |0.9500              |1.0000          |2.5611
3    |0.6050    |0.9500              |1.0000          |2.5550
1    |0.5962    |0.9500              |1.0000          |2.5462
33   |0.5837    |0.9500              |1.0000          |2.5337
28   |0.5661    |0.9500              |1.0000          |2.5161
13   |0.5637    |0.9500              |1.0000          |2.5137
14   |0.5575    |0.9500              |1.0000          |2.5075
30   |0.5553    |0.9500              |1.0000          |2.5053
12   |0.5438    |0.9500              |1.0000          |2.4938
6    |0.5432    |0.9500              |1.0000          |2.4932
22   |0.5297    |0.9500              |1.0000          |2.4797
35   |0.4870    |0.9500              |1.0000          |2.4370
5    |0.6956    |0.6417              |1.0000          |2.3373
52   |0.6888    |0.6417              |1.0000          |2.3305
18   |0.6205    |0.9500              |0.7527          |2.3232
43   |0.6814    |0.6417              |1.0000          |2.3231
36   |0.6710    |0.6417              |1.0000          |2.3126
11   |0.6494    |0.6417              |1.0000          |2.2910
42   |0.6422    |0.6417              |1.0000          |2.2838
29   |0.6177    |0.6417              |1.0000          |2.2594
41   |0.6094    |0.6417              |1.0000          |2.2511
16   |0.5923    |0.6417              |1.0000          |2.2339
21   |0.5902    |0.6417              |1.0000          |2.2319
7    |0.5825    |0.6417              |1.0000          |2.2242
2    |0.5818    |0.6417              |1.0000          |2.2234
45   |0.6980    |0.5250              |1.0000          |2.2230
9    |0.5598    |0.6417              |1.0000          |2.2015
26   |0.5584    |0.6417              |1.0000          |2.2001
48   |0.6732    |0.5250              |1.0000          |2.1982
10   |0.5544    |0.6417              |1.0000          |2.1961
46   |0.6474    |0.5250              |1.0000          |2.1724
17   |0.5283    |0.6417              |1.0000          |2.1699
25   |0.5271    |0.6417              |1.0000          |2.1688
31   |0.5156    |0.6417              |1.0000          |2.1573
15   |0.6236    |0.5250              |1.0000          |2.1486
23   |0.4933    |0.6417              |1.0000          |2.1350
49   |0.5791    |0.5250              |1.0000          |2.1041
32   |0.5360    |0.5250              |1.0000          |2.0610
34   |0.5294    |0.5250              |1.0000          |2.0544
51   |0.6872    |0.3500              |1.0000          |2.0372
47   |0.0676    |0.9500              |1.0000          |2.0176
53   |0.0625    |0.9500              |1.0000          |2.0125
24   |0.4531    |0.5250              |1.0000          |1.9781
37   |0.6017    |0.3500              |1.0000          |1.9517
40   |0.6174    |0.2667              |1.0000          |1.8840
20   |0.5822    |0.2667              |1.0000          |1.8489
27   |0.5546    |0.2667              |1.0000          |1.8213

Team Events (sorted, for dev use, diff check with others to ensure truly different schedules created):
------------------------------------------------------------
0, 79, 150, 199, 238, 286
1, 87, 130, 189, 207, 314
2, 96, 131, 176, 240, 307
3, 98, 158, 202, 230, 294
4, 99, 165, 173, 258, 291
5, 111, 156, 239, 271, 308
6, 105, 139, 179, 225, 264
7, 93, 164, 181, 229, 268
8, 107, 146, 235, 282, 321
9, 103, 137, 167, 209, 275
10, 112, 153, 168, 241, 309
11, 121, 149, 213, 281, 317
12, 127, 160, 224, 295, 319
13, 118, 148, 174, 204, 276
14, 128, 162, 192, 272, 312
15, 138, 161, 194, 277, 297
16, 113, 134, 211, 289, 318
17, 106, 163, 170, 226, 267
18, 73, 151, 169, 231, 303
19, 136, 159, 187, 245, 311
20, 77, 145, 171, 237, 313
21, 68, 157, 197, 244, 269
22, 58, 142, 222, 260, 290
24, 75, 147, 215, 243, 263
25, 76, 143, 183, 228, 283
26, 65, 152, 184, 223, 273
27, 55, 91, 177, 219, 254
28, 57, 88, 193, 256, 296
29, 54, 84, 166, 233, 300
30, 71, 94, 175, 198, 302
31, 60, 83, 236, 259, 322
32, 56, 80, 208, 248, 298
33, 59, 78, 190, 251, 315
34, 69, 101, 205, 252, 293
35, 66, 86, 242, 266, 310
36, 100, 119, 178, 255, 324
37, 70, 133, 217, 301, 325
38, 62, 123, 195, 214, 299
39, 82, 132, 172, 234, 292
40, 61, 97, 218, 278, 305
41, 63, 124, 212, 247, 288
42, 64, 129, 203, 249, 304
43, 67, 110, 200, 262, 323
44, 90, 116, 180, 250, 316
45, 108, 135, 196, 220, 284
46, 74, 122, 221, 253, 274
47, 72, 92, 188, 232, 320
48, 85, 109, 191, 261, 287
49, 120, 144, 216, 246, 270
50, 81, 117, 201, 257, 285
51, 95, 125, 186, 279, 306
52, 104, 126, 182, 210, 280
53, 89, 102, 185, 206, 265
