FLL Scheduler GA Summary Report (ID: 2697474603184 | Hash: -4607705559124961210)

Attributes:
--------------------
rank: 0
origin: (C | TimeSlotCrossover)
mutations: 0
clones: 0
_hash: -4607705559124961210
Length: 318

Fitness:
--------------------------
BreakTime           : 0.24440167534649493
LocationConsistency : 0.0
OpponentVariety     : 0.07947171096052882
-----------------------------------
Total               : 0.3238733863070238
Percentage          : 10.80%

Per-Objective Statistics (Team Distribution):
-----------------------------------------------------------------
Objective                 | Min      | Max      | Avg      | Range   
-----------------------------------------------------------------
BreakTime                 | 0.0004   | 0.9321   | 0.5277   | 0.9317  
LocationConsistency       | 0.0417   | 0.9500   | 0.2206   | 0.9083  
OpponentVariety           | 0.7527   | 1.0000   | 0.9953   | 0.2473  

Team fitnesses (sorted by total fitness descending):
----------------------------------------------------
Max     : 2.753100
Min     : 1.042102
Range   : 1.710997
Average : 1.743658

Team |BreakTime |LocationConsistency |OpponentVariety |Sum
------------------------------------------------------------
51   |0.8031    |0.9500              |1.0000          |2.7531
12   |0.6362    |0.6417              |1.0000          |2.2779
7    |0.5960    |0.6417              |1.0000          |2.2376
48   |0.8500    |0.3667              |1.0000          |2.2167
50   |0.9321    |0.2667              |1.0000          |2.1988
22   |0.5478    |0.6417              |1.0000          |2.1895
45   |0.8900    |0.2667              |1.0000          |2.1567
52   |0.8672    |0.2667              |1.0000          |2.1338
49   |0.7914    |0.2667              |1.0000          |2.0581
37   |0.6612    |0.3500              |1.0000          |2.0112
1    |0.6205    |0.3500              |1.0000          |1.9705
10   |0.5893    |0.3500              |1.0000          |1.9393
6    |0.5855    |0.3500              |1.0000          |1.9355
46   |0.8925    |0.0417              |1.0000          |1.9342
42   |0.6625    |0.2667              |1.0000          |1.9292
53   |0.8865    |0.0417              |1.0000          |1.9281
47   |0.8790    |0.0417              |1.0000          |1.9207
40   |0.6490    |0.2667              |1.0000          |1.9156
8    |0.5463    |0.3500              |1.0000          |1.8963
5    |0.6097    |0.2667              |1.0000          |1.8763
2    |0.6082    |0.2667              |1.0000          |1.8749
38   |0.5922    |0.2667              |1.0000          |1.8589
3    |0.5786    |0.2667              |1.0000          |1.8453
29   |0.5344    |0.2667              |1.0000          |1.8010
13   |0.5237    |0.2667              |1.0000          |1.7903
28   |0.5141    |0.2667              |1.0000          |1.7807
9    |0.6453    |0.0750              |1.0000          |1.7203
44   |0.6717    |0.0417              |1.0000          |1.7134
43   |0.6466    |0.0500              |1.0000          |1.6966
39   |0.6152    |0.0750              |1.0000          |1.6902
16   |0.5836    |0.0667              |1.0000          |1.6503
41   |0.6005    |0.0417              |1.0000          |1.6421
34   |0.0004    |0.6417              |1.0000          |1.6421
14   |0.5785    |0.0500              |1.0000          |1.6285
36   |0.5817    |0.0417              |1.0000          |1.6234
11   |0.5543    |0.0667              |1.0000          |1.6210
18   |0.5640    |0.0500              |1.0000          |1.6140
4    |0.5713    |0.0417              |1.0000          |1.6130
15   |0.5619    |0.0500              |1.0000          |1.6119
30   |0.5616    |0.0417              |1.0000          |1.6032
19   |0.5523    |0.0500              |1.0000          |1.6023
17   |0.5319    |0.0500              |1.0000          |1.5819
32   |0.5133    |0.0417              |1.0000          |1.5550
31   |0.0475    |0.3667              |1.0000          |1.4141
26   |0.0454    |0.3667              |1.0000          |1.4121
24   |0.0465    |0.3500              |1.0000          |1.3965
23   |0.5457    |0.0417              |0.7527          |1.3401
33   |0.0044    |0.2667              |1.0000          |1.2711
27   |0.0488    |0.0500              |1.0000          |1.0988
25   |0.0486    |0.0500              |1.0000          |1.0986
35   |0.0004    |0.0500              |1.0000          |1.0504
20   |0.0004    |0.0500              |1.0000          |1.0504
21   |0.0004    |0.0417              |1.0000          |1.0421

Team Events (sorted, for dev use, diff check with others to ensure truly different schedules created):
------------------------------------------------------------
0, 109, 156, 188, 236, 303
1, 100, 147, 175, 233, 300
2, 101, 152, 208, 267, 313
3, 96, 145, 196, 237, 299
4, 108, 158, 211, 262, 319
5, 99, 142, 182, 223, 295
6, 88, 155, 187, 224, 286
7, 94, 148, 204, 243, 292
8, 107, 163, 177, 247, 287
9, 126, 161, 174, 222, 282
10, 120, 160, 193, 231, 278
11, 123, 164, 176, 251, 324
12, 125, 153, 213, 248, 306
13, 124, 154, 183, 255, 317
14, 114, 165, 203, 246, 302
15, 122, 162, 192, 276, 310
16, 121, 150, 210, 259, 314
17, 118, 157, 195, 252, 315
18, 56, 159, 205, 238, 294
19, 81, 135, 212, 228, 270
20, 72, 137, 202, 215, 275
21, 58, 151, 200, 250, 311
22, 61, 146, 171, 220, 272
23, 71, 144, 221, 264, 304
24, 66, 149, 219, 268, 316
25, 79, 143, 191, 230, 277
27, 62, 98, 209, 260, 297
28, 57, 93, 198, 257, 298
29, 59, 87, 184, 226, 291
30, 60, 90, 167, 232, 281
31, 65, 97, 217, 258, 301
32, 55, 89, 190, 234, 280
33, 76, 91, 214, 266, 284
34, 95, 117, 218, 263, 285
35, 92, 106, 207, 225, 271
36, 63, 116, 201, 240, 283
37, 77, 115, 185, 269, 321
38, 68, 110, 199, 244, 289
39, 64, 112, 197, 245, 290
40, 54, 104, 189, 249, 288
41, 69, 105, 206, 274, 312
42, 74, 119, 173, 216, 279
43, 70, 113, 186, 242, 308
44, 67, 111, 178, 229, 296
45, 83, 140, 170, 241, 307
46, 73, 132, 179, 253, 320
47, 82, 134, 168, 261, 323
48, 85, 141, 169, 227, 293
49, 84, 138, 194, 265, 318
50, 75, 127, 166, 239, 322
51, 78, 133, 181, 254, 309
52, 80, 139, 180, 256, 325
53, 86, 136, 172, 235, 305
