FLL Scheduler GA Summary Report (ID: 1976689376752 | Hash: 6507217937417929837)

Attributes:
--------------------
rank: 0
origin: (C | KPoint(k=1))
mutations: 0
clones: 0
_hash: 6507217937417929837
Length: 318

Fitness:
--------------------------
BreakTime           : 0.26821415995579656
LocationConsistency : 0.0
OpponentVariety     : 0.0
-----------------------------------
Total               : 0.26821415995579656
Percentage          : 8.94%

Per-Objective Statistics (Team Distribution):
-----------------------------------------------------------------
Objective                 | Min      | Max      | Avg      | Range   
-----------------------------------------------------------------
BreakTime                 | 0.0004   | 0.9321   | 0.5264   | 0.9317  
LocationConsistency       | 0.0417   | 0.9500   | 0.2478   | 0.9083  
OpponentVariety           | 0.5036   | 1.0000   | 0.9299   | 0.4964  

Team fitnesses (sorted by total fitness descending):
----------------------------------------------------
Max     : 2.741434
Min     : 0.770739
Range   : 1.970695
Average : 1.704180

Team |BreakTime |LocationConsistency |OpponentVariety |Sum
------------------------------------------------------------
49   |0.7914    |0.9500              |1.0000          |2.7414
38   |0.6466    |0.9500              |1.0000          |2.5966
17   |0.5237    |0.6417              |1.0000          |2.1653
46   |0.8031    |0.3500              |1.0000          |2.1531
45   |0.8610    |0.2667              |1.0000          |2.1277
52   |0.8500    |0.2667              |1.0000          |2.1167
44   |0.6770    |0.3500              |1.0000          |2.0270
37   |0.6490    |0.3667              |1.0000          |2.0156
8    |0.6205    |0.3667              |1.0000          |1.9872
13   |0.5836    |0.3667              |1.0000          |1.9503
41   |0.6625    |0.2667              |1.0000          |1.9292
3    |0.5786    |0.3500              |1.0000          |1.9286
1    |0.6453    |0.2667              |1.0000          |1.9120
24   |0.5605    |0.3500              |1.0000          |1.9105
53   |0.8672    |0.0417              |1.0000          |1.9088
47   |0.8638    |0.0417              |1.0000          |1.9055
7    |0.6097    |0.2667              |1.0000          |1.8763
40   |0.5914    |0.2667              |1.0000          |1.8580
11   |0.5893    |0.2667              |1.0000          |1.8560
32   |0.5616    |0.2667              |1.0000          |1.8282
19   |0.5523    |0.2667              |1.0000          |1.8189
20   |0.5478    |0.2667              |1.0000          |1.8145
10   |0.5319    |0.2667              |1.0000          |1.7986
31   |0.5133    |0.2667              |1.0000          |1.7800
48   |0.9321    |0.0417              |0.7527          |1.7265
51   |0.8925    |0.0417              |0.7527          |1.6869
15   |0.6362    |0.0500              |1.0000          |1.6862
12   |0.5785    |0.3500              |0.7527          |1.6813
43   |0.6612    |0.2667              |0.7527          |1.6806
50   |0.8790    |0.0417              |0.7527          |1.6734
36   |0.6152    |0.0500              |1.0000          |1.6652
2    |0.5855    |0.0750              |1.0000          |1.6605
39   |0.6005    |0.0500              |1.0000          |1.6505
42   |0.5817    |0.0500              |1.0000          |1.6317
4    |0.6082    |0.2667              |0.7527          |1.6276
14   |0.5619    |0.0500              |1.0000          |1.6119
16   |0.5640    |0.0417              |1.0000          |1.6057
18   |0.5543    |0.0417              |1.0000          |1.5960
5    |0.5713    |0.2667              |0.7527          |1.5907
27   |0.5141    |0.0417              |1.0000          |1.5557
34   |0.5183    |0.2667              |0.7527          |1.5377
26   |0.0465    |0.3500              |1.0000          |1.3965
30   |0.0004    |0.3667              |1.0000          |1.3671
9    |0.5960    |0.2667              |0.5036          |1.3663
22   |0.0004    |0.3500              |1.0000          |1.3504
6    |0.5263    |0.0500              |0.7527          |1.3290
23   |0.0486    |0.2667              |1.0000          |1.3153
35   |0.0475    |0.2667              |1.0000          |1.3141
29   |0.0488    |0.0500              |1.0000          |1.0988
21   |0.0454    |0.0500              |1.0000          |1.0954
28   |0.0044    |0.2667              |0.7527          |1.0238
33   |0.0004    |0.2667              |0.7527          |1.0198
25   |0.0004    |0.2667              |0.5036          |0.7707

Team Events (sorted, for dev use, diff check with others to ensure truly different schedules created):
------------------------------------------------------------
0, 106, 160, 176, 252, 291
1, 98, 144, 188, 228, 300
2, 101, 155, 209, 265, 315
3, 96, 146, 175, 234, 294
4, 97, 147, 197, 236, 299
5, 94, 141, 200, 240, 287
6, 108, 159, 211, 268, 318
7, 109, 157, 183, 237, 302
8, 86, 153, 185, 224, 292
9, 122, 150, 210, 259, 313
10, 126, 163, 174, 229, 280
11, 118, 152, 184, 260, 316
12, 121, 161, 193, 276, 310
13, 115, 164, 205, 253, 303
14, 120, 165, 177, 249, 324
15, 125, 156, 195, 246, 312
16, 119, 154, 207, 250, 305
17, 123, 162, 192, 230, 284
18, 55, 158, 204, 239, 301
19, 60, 151, 203, 248, 311
20, 84, 145, 191, 231, 277
21, 81, 135, 206, 223, 270
22, 64, 142, 218, 262, 317
23, 58, 149, 170, 214, 290
24, 71, 140, 201, 220, 275
26, 76, 143, 215, 267, 307
27, 54, 89, 199, 256, 298
28, 70, 91, 221, 264, 278
29, 68, 99, 208, 254, 296
30, 95, 111, 219, 269, 279
31, 57, 88, 190, 232, 283
32, 61, 90, 168, 235, 285
33, 87, 116, 213, 225, 271
34, 59, 92, 186, 227, 272
35, 66, 100, 217, 258, 295
36, 67, 112, 196, 244, 293
37, 56, 104, 182, 251, 288
38, 77, 113, 189, 241, 309
39, 63, 105, 212, 274, 314
40, 62, 107, 198, 245, 289
41, 74, 124, 169, 216, 282
42, 69, 110, 202, 242, 281
43, 73, 114, 187, 263, 322
44, 65, 117, 179, 243, 297
45, 83, 137, 171, 222, 304
46, 85, 128, 181, 261, 308
47, 93, 148, 166, 233, 306
48, 75, 127, 172, 238, 321
49, 79, 138, 194, 266, 319
50, 82, 134, 173, 255, 320
51, 72, 129, 178, 247, 323
52, 78, 136, 167, 226, 286
53, 80, 139, 180, 257, 325
