FLL Scheduler GA Summary Report (ID: 2105610677696 | Hash: 1271032805461201875)

Attributes:
--------------------
rank: 0
origin: (C | KPoint(k=1))
mutations: 0
clones: 0
_hash: 1271032805461201875
Length: 318

Fitness:
--------------------------
BreakTime           : 0.7832353802561798
LocationConsistency : 0.4221605207755307
OpponentVariety     : 0.29878954047705225
-----------------------------------
Total               : 1.5041854415087625
Percentage          : 50.14%

Per-Objective Statistics (Team Distribution):
-----------------------------------------------------------------
Objective                 | Min      | Max      | Avg      | Range   
-----------------------------------------------------------------
BreakTime                 | 0.478864 | 0.626757 | 0.554413 | 0.147894
LocationConsistency       | 0.100000 | 0.366667 | 0.332704 | 0.266667
OpponentVariety           | 0.752717 | 1.000000 | 0.995334 | 0.247283

Team fitnesses (sorted by total fitness descending):
----------------------------------------------------
Max     : 1.976757
Min     : 1.680535
Range   : 0.296222
Average : 1.882452

Team |BreakTime |LocationConsistency |OpponentVariety |Sum
------------------------------------------------------------
39   |0.626757  |0.350000            |1.000000        |1.9768
41   |0.606506  |0.350000            |1.000000        |1.9565
37   |0.587316  |0.366667            |1.000000        |1.9540
40   |0.580002  |0.366667            |1.000000        |1.9467
42   |0.578194  |0.366667            |1.000000        |1.9449
52   |0.590186  |0.350000            |1.000000        |1.9402
36   |0.589884  |0.350000            |1.000000        |1.9399
49   |0.588323  |0.350000            |1.000000        |1.9383
16   |0.586139  |0.350000            |1.000000        |1.9361
4    |0.568727  |0.366667            |1.000000        |1.9354
51   |0.578838  |0.350000            |1.000000        |1.9288
7    |0.562011  |0.366667            |1.000000        |1.9287
3    |0.577928  |0.350000            |1.000000        |1.9279
45   |0.577162  |0.350000            |1.000000        |1.9272
33   |0.552618  |0.366667            |1.000000        |1.9193
13   |0.566788  |0.350000            |1.000000        |1.9168
24   |0.564398  |0.350000            |1.000000        |1.9144
22   |0.564183  |0.350000            |1.000000        |1.9142
32   |0.562898  |0.350000            |1.000000        |1.9129
34   |0.545579  |0.366667            |1.000000        |1.9122
9    |0.561670  |0.350000            |1.000000        |1.9117
31   |0.553171  |0.350000            |1.000000        |1.9032
44   |0.552305  |0.350000            |1.000000        |1.9023
38   |0.534364  |0.366667            |1.000000        |1.9010
12   |0.532598  |0.366667            |1.000000        |1.8993
46   |0.547801  |0.350000            |1.000000        |1.8978
53   |0.546256  |0.350000            |1.000000        |1.8963
23   |0.545906  |0.350000            |1.000000        |1.8959
5    |0.545183  |0.350000            |1.000000        |1.8952
14   |0.536761  |0.350000            |1.000000        |1.8868
15   |0.536643  |0.350000            |1.000000        |1.8866
29   |0.534184  |0.350000            |1.000000        |1.8842
1    |0.533399  |0.350000            |1.000000        |1.8834
11   |0.531160  |0.350000            |1.000000        |1.8812
25   |0.529841  |0.350000            |1.000000        |1.8798
20   |0.513048  |0.366667            |1.000000        |1.8797
21   |0.524808  |0.350000            |1.000000        |1.8748
10   |0.520670  |0.350000            |1.000000        |1.8707
26   |0.514615  |0.350000            |1.000000        |1.8646
48   |0.591319  |0.266667            |1.000000        |1.8580
19   |0.504463  |0.350000            |1.000000        |1.8545
50   |0.578227  |0.266667            |1.000000        |1.8449
28   |0.486274  |0.350000            |1.000000        |1.8363
18   |0.568109  |0.266667            |1.000000        |1.8348
6    |0.566739  |0.266667            |1.000000        |1.8334
8    |0.560575  |0.266667            |1.000000        |1.8272
17   |0.556399  |0.266667            |1.000000        |1.8231
2    |0.534536  |0.266667            |1.000000        |1.8012
27   |0.518848  |0.266667            |1.000000        |1.7855
35   |0.515011  |0.266667            |1.000000        |1.7817
30   |0.478864  |0.266667            |1.000000        |1.7455
43   |0.597907  |0.100000            |1.000000        |1.6979
47   |0.577818  |0.350000            |0.752717        |1.6805

Team Events (sorted, for dev use, diff check with others to ensure truly different schedules created):
------------------------------------------------------------
0, 115, 138, 205, 245, 306
1, 101, 146, 190, 215, 266
2, 82, 157, 177, 225, 269
3, 81, 153, 191, 222, 289
4, 107, 126, 180, 235, 292
5, 96, 134, 194, 248, 317
6, 90, 162, 184, 228, 250
7, 98, 135, 176, 199, 291
8, 117, 158, 195, 237, 259
9, 111, 154, 200, 231, 288
10, 125, 144, 204, 264, 320
11, 102, 142, 196, 270, 312
12, 128, 163, 201, 243, 315
13, 121, 149, 169, 258, 281
14, 116, 160, 216, 240, 321
15, 132, 151, 168, 208, 303
16, 119, 156, 181, 212, 282
17, 105, 159, 173, 238, 265
19, 58, 137, 189, 226, 293
20, 76, 140, 170, 236, 296
21, 61, 152, 221, 278, 325
22, 141, 164, 175, 260, 324
23, 66, 143, 179, 242, 307
24, 68, 155, 185, 275, 323
25, 65, 150, 174, 220, 268
26, 70, 161, 206, 290, 314
27, 60, 103, 192, 229, 295
28, 63, 97, 207, 239, 301
29, 69, 91, 171, 211, 271
30, 67, 95, 224, 267, 310
31, 74, 100, 172, 230, 302
32, 62, 109, 166, 249, 305
33, 57, 89, 193, 253, 322
34, 64, 88, 167, 233, 280
35, 72, 94, 182, 217, 308
36, 55, 120, 183, 214, 255
37, 73, 129, 209, 284, 318
38, 86, 118, 218, 254, 309
39, 56, 110, 186, 210, 286
40, 84, 108, 187, 232, 276
41, 85, 124, 188, 219, 299
42, 80, 136, 197, 256, 300
43, 71, 127, 178, 202, 274
44, 92, 139, 203, 241, 297
45, 75, 148, 252, 272, 316
46, 83, 106, 251, 283, 311
47, 133, 147, 213, 262, 294
48, 78, 104, 198, 244, 277
49, 77, 114, 234, 273, 298
50, 54, 99, 227, 261, 279
51, 87, 145, 246, 287, 319
52, 79, 165, 223, 247, 304
53, 59, 93, 257, 285, 313
